READ SERR 1
@nh_1.pco
!
0.101558864 1.55886367E-3 3.59564722E-2
0.10472519 1.60746486E-3 4.68705967E-2
0.107990235 1.65758119E-3 5.98291382E-2
0.111357078 1.70926005E-3 7.52407834E-2
0.114828892 1.76255021E-3 9.29574668E-2
0.118408941 1.81750162E-3 0.112970069
0.122100607 1.87416642E-3 0.135211051
0.125907376 1.93259784E-3 0.159547299
0.129832819 1.99285103E-3 0.185812324
0.13388066 2.05498259E-3 0.21380429
0.138054684 2.11905129E-3 0.243267179
0.142358854 2.18511769E-3 0.273931921
0.146797225 2.2532437E-3 0.305517346
0.151373953 2.32349359E-3 0.337739319
0.156093389 2.39593373E-3 0.370139062
0.160959959 2.47063255E-3 0.402599782
0.165978238 2.54766014E-3 0.435084164
0.171152994 2.62708915E-3 0.466174155
0.176489085 2.70899478E-3 0.496579587
0.181991532 2.79345387E-3 0.527279854
0.187665522 2.88054603E-3 0.557087719
0.193516418 2.9703537E-3 0.585881293
0.199549735 3.06296116E-3 0.613563955
0.205771163 3.15845595E-3 0.640062511
0.212186545 3.25692794E-3 0.665299594
0.218801945 3.35847004E-3 0.689268947
0.225623593 3.46317794E-3 0.711984336
0.232657909 3.57115059E-3 0.733293593
0.239911556 3.68248927E-3 0.75333041
0.247391343 3.79729923E-3 0.771908224
0.255104333 3.91568849E-3 0.789288402
0.263057798 4.03776905E-3 0.805869341
0.271259218 4.16365592E-3 0.821322143
0.279716343 4.29346738E-3 0.835693538
0.288437128 4.42732591E-3 0.840938866
0.2974298 4.5653577E-3 0.84555614
0.306702852 4.70769312E-3 0.857790947
0.316265017 4.8544663E-3 0.869153202
0.326125294 5.00581507E-3 0.8796646
0.336293012 5.16188284E-3 0.889398634
0.346777707 5.32281632E-3 0.898428977
0.357589275 5.48876729E-3 0.906628788
0.368737936 5.65989222E-3 0.914192915
0.380234182 5.83635224E-3 0.921312213
0.39208886 6.01831358E-3 0.927874267
0.404313117 6.20594807E-3 0.931978822
0.416918486 6.39943266E-3 0.935703039
0.429916888 6.5989499E-3 0.941034019
0.443320513 6.80468697E-3 0.945928812
0.457142055 7.01683853E-3 0.950433314
0.471394479 7.23560434E-3 0.954591274
0.486091286 7.46119069E-3 0.958413959
0.501246274 7.69381039E-3 0.96192652
0.516873777 7.93368276E-3 0.965152502
0.532988489 8.18103272E-3 0.956583083
0.549605608 8.4360959E-3 0.948533773
0.566740811 8.69910978E-3 0.952327132
0.58441025 8.97032488E-3 0.955846965
0.602630556 9.24999453E-3 0.959128678
0.621418953 9.53838415E-3 0.962206185
0.640793085 9.83576477E-3 0.965070784
0.66077131 1.01424176E-2 0.967735112
0.681372344 1.04586305E-2 0.970211148
0.702615678 1.07847024E-2 0.972508311
0.724521339 1.11209396E-2 0.973057747
0.74710989 1.14676598E-2 0.973540127
0.770402789 1.18251909E-2 0.975545228
0.794421852 1.21938679E-2 0.97740835
0.819189727 1.25740394E-2 0.97914052
0.844729841 1.29660638E-2 0.980557442
0.871066213 1.337031E-2 0.980829835
0.898223698 1.37871597E-2 0.981256783
0.926227868 1.4217006E-2 0.982677162
0.955105126 1.46602541E-2 0.98399812
0.984882653 1.51173202E-2 0.985225916
1.01558864 1.55886374E-2 0.986359656
1.04725194 1.60746481E-2 0.987411439
1.07990241 1.65758114E-2 0.988379836
1.11357081 1.70926005E-2 0.989276886
1.14828885 1.76255014E-2 0.99012053
1.18408942 1.81750171E-2 0.990901351
1.22100616 1.87416635E-2 0.99162364
1.25907373 1.93259791E-2 0.992291331
1.29832828 1.99285094E-2 0.992692769
1.33880651 2.05498263E-2 0.993061662
1.38054693 2.11905129E-2 0.993616164
1.42358863 2.18511764E-2 0.994128287
1.46797216 2.2532437E-2 0.994601011
1.51373959 2.32349355E-2 0.995037198
1.56093383 2.39593387E-2 0.99542594
1.60959947 2.47063246E-2 0.995784163
1.65978241 2.5476601E-2 0.996127665
1.71152997 2.62708925E-2 0.996444106
1.76489079 2.7089946E-2 0.996735513
1.81991529 2.79345382E-2 0.996867061
1.87665522 2.88054608E-2 0.996986091
1.93516421 2.97035351E-2 0.997230649
1.99549735 3.06296106E-2 0.997456014
2.0577116 3.15845609E-2 0.997663677
2.12186551 3.2569278E-2 0.997854888
2.18801928 3.35847028E-2 0.998030961
2.25623584 3.46317813E-2 0.998192966
2.32657909 3.57115045E-2 0.998342037
2.39911556 3.68248932E-2 0.998479128
2.47391343 3.79729904E-2 0.998562336
2.55104327 3.91568877E-2 0.998638093
2.6305778 4.03776914E-2 0.998749912
2.71259212 4.16365564E-2 0.998852789
2.79716349 4.2934671E-2 0.998946726
2.88437128 4.42732573E-2 0.999033153
2.97429824 4.56535779E-2 0.999113262
3.06702876 4.70769331E-2 0.999186933
3.16265035 4.85446639E-2 0.999247432
3.26125312 5.00581525E-2 0.999302804
3.36293006 5.16188294E-2 0.9993608
3.46777701 5.32281622E-2 0.999414086
3.57589293 5.48876747E-2 0.999463081
3.68737936 5.65989204E-2 0.999508023
3.80234194 5.83635196E-2 0.99954927
3.92088866 6.01831377E-2 0.999587178
4.04313135 6.20594844E-2 0.999618173
4.16918516 6.39943257E-2 0.999646544
4.29916906 6.59894943E-2 0.999676347
4.43320513 6.80468678E-2 0.999703646
4.57142067 7.01683834E-2 0.999728739
4.71394491 7.23560452E-2 0.999751747
4.8609128 7.46119097E-2 0.999772787
5.01246262 7.69381076E-2 0.999792099
5.16873789 7.9336822E-2 0.999809802
5.32988501 8.18103328E-2 0.999826014
5.49605608 8.43609571E-2 0.999840856
5.66740847 8.69911015E-2 0.999854505
5.84410238 8.9703247E-2 0.999866962
6.02630568 9.2499949E-2 0.99987787
6.21418953 9.53838453E-2 0.999887824
6.40793133 9.83576551E-2 0.99989748
6.60771275 0.101424173 0.999906301
6.81372356 0.104586303 0.999914348
7.0261569 0.10784702 0.999876916
7.24521303 0.1112094 0.999842227
7.47109938 0.114676602 0.999854922
7.70402765 0.118251905 0.999866486
7.94421816 0.121938676 0.999877214
8.19189739 0.125740394 0.999887168
8.44729805 0.129660636 0.999894917
8.71066189 0.133703098 0.999902129
8.98223686 0.137871608 0.999910057
9.26227856 0.142170057 0.999917388
9.55105114 0.146602541 0.999924123
9.84882641 0.151173204 0.999930382
10.1558867 0.155886367 0.999936044
10.4725189 0.160746485 0.999941349
10.7990236 0.165758118 0.999946177
11.1357079 0.170926005 0.999950588
11.4828892 0.176255018 0.9999547
11.8408937 0.181750163 0.999958456
12.2100611 0.187416643 0.999961913
12.5907373 0.193259776 0.999965072
12.9832821 0.19928509 0.999967992
13.3880653 0.205498263 0.999970615
13.8054695 0.211905137 0.999973118
14.2358856 0.21851176 0.999975324
14.6797218 0.225324363 0.99997741
15.1373959 0.232349366 0.999979317
15.6093388 0.239593387 0.999981046
16.0959949 0.247063249 0.999982655
16.5978241 0.254766017 0.999984086
17.1152992 0.262708932 0.999985456
17.6489086 0.270899475 0.999986708
18.199152 0.279345363 0.999987841
18.766552 0.288054615 0.999988854
19.3516426 0.297035366 0.999989808
19.9549732 0.30629611 0.999990642
20.577116 0.315845579 0.999991477
21.2186546 0.325692803 0.999992192
21.8801937 0.33584702 0.999992847
22.5623589 0.346317798 0.999993503
23.2657909 0.35711506 0.99999404
23.9911556 0.36824891 0.999994576
24.7391338 0.379729927 0.999994993
25.5104332 0.391568869 0.99999547
26.3057785 0.403776914 0.999995828
27.1259212 0.416365594 0.999996185
27.9716339 0.42934671 0.999996543
28.8437138 0.442732573 0.999996841
29.742981 0.456535786 0.999997079
30.6702862 0.470769316 0.999997377
31.626503 0.485446632 0.999997556
32.6125298 0.500581503 0.999997795
33.6292992 0.516188323 0.999997973
34.6777687 0.532281637 0.999998152
35.7589302 0.548876703 0.999998331
36.8737946 0.565989196 0.99999845
38.0234184 0.583635211 0.999998629
39.2088852 0.601831377 0.999998748
40.4313126 0.6205948 0.999998808
41.6918488 0.639943302 0.999998927
42.9916878 0.659894943 0.999999046
44.3320503 0.680468678 0.999999106
45.7142029 0.701683879 0.999999166
47.1394501 0.723560452 0.999999285
48.609127 0.746119082 0.999999344
50.12463 0.769381046 0.999999404
51.6873779 0.79336828 0.999999464
53.298851 0.818103313 0.999999464
54.9605637 0.843609571 0.999999523
56.6740837 0.869911015 0.999999583
58.4410248 0.89703244 0.999999642
60.2630577 0.924999475 0.999999642
62.1418953 0.953838408 0.999999702
64.0793076 0.983576536 0.999999702
66.0771255 1.0142417 0.999999762
68.1372375 1.04586303 0.999999762
70.2615662 1.07847023 0.999999762
72.4521332 1.11209393 0.999999821
74.7109909 1.14676607 0.999999821
77.0402756 1.18251908 0.999999821
79.4421844 1.21938682 0.999999821
81.9189758 1.25740397 0.999999881
84.4729843 1.29660642 0.999999881
87.1066208 1.33703101 0.999999881
89.8223648 1.37871599 0.999999881
92.6227875 1.4217006 0.999999881
95.5105133 1.46602535 0.99999994
98.488266 1.5117321 0.99999994
101.558861 1.55886376 0.99999994
104.725189 1.60746491 1
107.990242 1.65758121 1
111.357079 1.70926011 1
114.828888 1.76255012 1
118.408943 1.81750166 1
122.100609 1.87416637 1
125.907372 1.93259788 1
129.832825 1.9928509 1
133.880661 2.05498266 1
138.054688 2.11905146 1
142.358856 2.18511772 1
146.797226 2.25324368 1
151.373962 2.32349372 1
156.093384 2.39593387 1
160.959946 2.47063255 1
165.978241 2.54766011 1
171.153 2.62708926 1
176.489075 2.70899463 1
181.991531 2.79345369 1
187.665527 2.88054609 1
193.516418 2.9703536 1
199.549744 3.0629611 1
205.771164 3.15845585 1
212.186539 3.25692797 1
218.801941 3.3584702 1
225.623581 3.46317816 1
232.657913 3.57115054 1
239.91156 3.68248916 1
247.391342 3.79729915 1
255.104324 3.91568875 1
263.0578 4.03776932 1
271.259216 4.16365576 1
279.716339 4.29346704 1
288.437134 4.42732573 1
297.42981 4.56535769 1
306.70285 4.7076931 1
316.265015 4.85446644 1
326.125305 5.00581551 1
336.292999 5.16188288 1
346.77771 5.32281637 1
357.589294 5.48876715 1
368.737946 5.65989208 1
380.234192 5.83635235 1
392.088867 6.01831388 1
404.31311 6.20594835 1
416.918488 6.39943266 1
429.91687 6.59894991 1
443.320526 6.80468702 1
457.142059 7.01683855 1
471.394501 7.23560429 1
486.091278 7.4611907 1
501.246277 7.69381046 1
516.873779 7.93368244 1
532.988464 8.18103313 1
549.605652 8.43609524 1
566.740845 8.69911003 1
584.410278 8.97032452 1
602.630554 9.24999428 1
621.418945 9.53838444 1
640.793091 9.83576488 1
660.771301 10.1424179 1
681.372314 10.4586306 1
702.615662 10.7847023 1
724.521301 11.1209393 1
747.109924 11.46766 1
770.402771 11.8251905 1
794.421814 12.1938677 1
819.189758 12.5740395 1
844.729858 12.9660635 1
871.066223 13.3703098 1
898.223694 13.7871599 1
926.227844 14.2170057 1
955.105103 14.6602535 1
984.88269 15.1173201 1
