# READ SERR 1
# @nh_22.pco
# !
0.101558864 1.55886367E-3 0
0.10472519 1.60746486E-3 0
0.107990235 1.65758119E-3 0
0.111357078 1.70926005E-3 0
0.114828892 1.76255021E-3 0
0.118408941 1.81750162E-3 0
0.122100607 1.87416642E-3 0
0.125907376 1.93259784E-3 0
0.129832819 1.99285103E-3 0
0.13388066 2.05498259E-3 0
0.138054684 2.11905129E-3 0
0.142358854 2.18511769E-3 0
0.146797225 2.2532437E-3 0
0.151373953 2.32349359E-3 0
0.156093389 2.39593373E-3 0
0.160959959 2.47063255E-3 0
0.165978238 2.54766014E-3 0
0.171152994 2.62708915E-3 0
0.176489085 2.70899478E-3 0
0.181991532 2.79345387E-3 0
0.187665522 2.88054603E-3 0
0.193516418 2.9703537E-3 0
0.199549735 3.06296116E-3 0
0.205771163 3.15845595E-3 0
0.212186545 3.25692794E-3 0
0.218801945 3.35847004E-3 0
0.225623593 3.46317794E-3 0
0.232657909 3.57115059E-3 0
0.239911556 3.68248927E-3 0
0.247391343 3.79729923E-3 0
0.255104333 3.91568849E-3 0
0.263057798 4.03776905E-3 0
0.271259218 4.16365592E-3 0
0.279716343 4.29346738E-3 0
0.288437128 4.42732591E-3 0
0.2974298 4.5653577E-3 0
0.306702852 4.70769312E-3 0
0.316265017 4.8544663E-3 0
0.326125294 5.00581507E-3 0
0.336293012 5.16188284E-3 0
0.346777707 5.32281632E-3 0
0.357589275 5.48876729E-3 0
0.368737936 5.65989222E-3 0
0.380234182 5.83635224E-3 0
0.39208886 6.01831358E-3 3.50324616E-44
0.404313117 6.20594807E-3 1.28765316E-41
0.416918486 6.39943266E-3 2.6588181E-39
0.429916888 6.5989499E-3 5.27619355E-36
0.443320513 6.80468697E-3 5.4168194E-33
0.457142055 7.01683853E-3 3.09952376E-30
0.471394479 7.23560434E-3 1.05958984E-27
0.486091286 7.46119069E-3 2.21277062E-25
0.501246274 7.69381039E-3 2.94023921E-23
0.516873777 7.93368276E-3 2.58083562E-21
0.532988489 8.18103272E-3 1.71801625E-26
0.549605608 8.4360959E-3 2.138141E-31
0.566740811 8.69910978E-3 4.4333493E-29
0.58441025 8.97032488E-3 6.13988238E-27
0.602630556 9.24999453E-3 5.99271844E-25
0.621418953 9.53838415E-3 4.33615225E-23
0.640793085 9.83576477E-3 2.30480489E-21
0.66077131 1.01424176E-2 9.18136423E-20
0.681372344 1.04586305E-2 2.79354589E-18
0.702615678 1.07847024E-2 6.58965428E-17
0.724521339 1.11209396E-2 1.40194898E-16
0.74710989 1.14676598E-2 2.71894426E-16
0.770402789 1.18251909E-2 4.25286857E-15
0.794421852 1.21938679E-2 5.4474471E-14
0.819189727 1.25740394E-2 5.80710339E-13
0.844729841 1.29660638E-2 4.01189108E-12
0.871066213 1.337031E-2 5.81521983E-12
0.898223698 1.37871597E-2 1.04030378E-11
0.926227868 1.4217006E-2 7.1909978E-11
0.955105126 1.46602541E-2 4.33046127E-10
0.984882653 1.51173202E-2 2.29274377E-9
1.01558864 1.55886374E-2 1.06640243E-8
1.04725194 1.60746481E-2 4.43144366E-8
1.07990241 1.65758114E-2 1.64258211E-7
1.11357081 1.70926005E-2 5.52241261E-7
1.14828885 1.76255014E-2 1.72545379E-6
1.18408942 1.81750171E-2 4.94849155E-6
1.22100616 1.87416635E-2 1.31043025E-5
1.25907373 1.93259791E-2 3.22215383E-5
1.29832828 1.99285094E-2 5.53255522E-5
1.33880651 2.05498263E-2 9.09037044E-5
1.38054693 2.11905129E-2 1.91696527E-4
1.42358863 2.18511764E-2 3.81686434E-4
1.46797216 2.2532437E-2 7.20540877E-4
1.51373959 2.32349355E-2 1.2946527E-3
1.56093383 2.39593387E-2 2.18211953E-3
1.60959947 2.47063246E-2 3.52961523E-3
1.65978241 2.5476601E-2 5.59659488E-3
1.71152997 2.62708925E-2 8.55640229E-3
1.76489079 2.7089946E-2 1.26479603E-2
1.81991529 2.79345382E-2 1.50870327E-2
1.87665522 2.88054608E-2 1.76979825E-2
1.93516421 2.97035351E-2 2.45632492E-2
1.99549735 3.06296106E-2 3.32246013E-2
2.0577116 3.15845609E-2 4.3881584E-2
2.12186551 3.2569278E-2 5.66932708E-2
2.18801928 3.35847028E-2 7.17682317E-2
2.25623584 3.46317813E-2 8.91575888E-2
2.32657909 3.57115045E-2 0.108851589
2.39911556 3.68248932E-2 0.130780578
2.47391343 3.79729904E-2 0.146186486
2.55104327 3.91568877E-2 0.161782235
2.6305778 4.03776914E-2 0.187896222
2.71259212 4.16365564E-2 0.215634972
2.79716349 4.2934671E-2 0.244516313
2.88437128 4.42732573E-2 0.274474651
2.97429824 4.56535779E-2 0.305538982
3.06702876 4.70769331E-2 0.337183714
3.16265035 4.85446639E-2 0.365592033
3.26125312 5.00581525E-2 0.393716931
3.36293006 5.16188294E-2 0.425470412
3.46777701 5.32281622E-2 0.456898272
3.57589293 5.48876747E-2 0.487808347
3.68737936 5.65989204E-2 0.518032551
3.80234194 5.83635196E-2 0.547427535
3.92088866 6.01831377E-2 0.575874388
4.04313135 6.20594844E-2 0.60023582
4.16918516 6.39943257E-2 0.623458803
4.29916906 6.59894943E-2 0.6487903
4.43320513 6.80468678E-2 0.672932327
4.57142067 7.01683834E-2 0.695863366
4.71394491 7.23560452E-2 0.717576444
4.8609128 7.46119097E-2 0.738077402
5.01246262 7.69381076E-2 0.757382512
5.16873789 7.9336822E-2 0.775517285
5.32988501 8.18103328E-2 0.792514205
5.49605608 8.43609571E-2 0.808411479
5.66740847 8.69911015E-2 0.823251843
5.84410238 8.9703247E-2 0.837080956
6.02630568 9.2499949E-2 0.849377871
6.21418953 9.53838453E-2 0.860786676
6.40793133 9.83576551E-2 0.871940851
6.60771275 0.101424173 0.882276952
6.81372356 0.104586303 0.891843498
7.0261569 0.10784702 0.848308921
7.24521303 0.1112094 0.809858203
7.47109938 0.114676602 0.823693931
7.70402765 0.118251905 0.836579084
7.94421816 0.121938676 0.848633468
8.19189739 0.125740394 0.85997659
8.44729805 0.129660636 0.868984938
8.71066189 0.133703098 0.877360463
8.98223686 0.137871608 0.88674432
9.26227856 0.142170057 0.895472944
9.55105114 0.146602541 0.903583646
9.84882641 0.151173204 0.911112726
10.1558867 0.155886367 0.918095469
10.4725189 0.160746485 0.924565971
10.7990236 0.165758118 0.930557013
11.1357079 0.170926005 0.936099827
11.4828892 0.176255018 0.941224337
11.8408937 0.181750163 0.945958912
12.2100611 0.187416643 0.950330555
12.5907373 0.193259776 0.954364598
12.9832821 0.19928509 0.95808506
13.3880653 0.205498263 0.961514533
13.8054695 0.211905137 0.964674234
14.2358856 0.21851176 0.967583954
14.6797218 0.225324363 0.970262289
15.1373959 0.232349366 0.972726583
15.6093388 0.239593387 0.97499311
16.0959949 0.247063249 0.977076888
16.5978241 0.254766017 0.978991985
17.1152992 0.262708932 0.980751455
17.6489086 0.270899475 0.982367396
18.199152 0.279345363 0.983851075
18.766552 0.288054615 0.985212862
19.3516426 0.297035366 0.986462474
19.9549732 0.30629611 0.98760879
20.577116 0.315845579 0.988660157
21.2186546 0.325692803 0.989624083
21.8801937 0.33584702 0.990507722
22.5623589 0.346317798 0.99131757
23.2657909 0.35711506 0.992059529
23.9911556 0.36824891 0.992739201
24.7391338 0.379729927 0.993361712
25.5104332 0.391568869 0.99393177
26.3057785 0.403776914 0.994453609
27.1259212 0.416365594 0.994931281
27.9716339 0.42934671 0.995368421
28.8437138 0.442732573 0.995768368
29.742981 0.456535786 0.996134341
30.6702862 0.470769316 0.996469021
31.626503 0.485446632 0.99677515
32.6125298 0.500581503 0.997054994
33.6292992 0.516188323 0.997310936
34.6777687 0.532281637 0.997544825
35.7589302 0.548876703 0.997758627
36.8737946 0.565989196 0.997954071
38.0234184 0.583635211 0.998132586
39.2088852 0.601831377 0.998295665
40.4313126 0.6205948 0.998444676
41.6918488 0.639943302 0.998580813
42.9916878 0.659894943 0.998705089
44.3320503 0.680468678 0.998818576
45.7142029 0.701683879 0.998922229
47.1394501 0.723560452 0.999016821
48.609127 0.746119082 0.999103189
50.12463 0.769381046 0.999181986
51.6873779 0.79336828 0.999253929
53.298851 0.818103313 0.999319613
54.9605637 0.843609571 0.999379516
56.6740837 0.869911015 0.999434173
58.4410248 0.89703244 0.999484003
60.2630577 0.924999475 0.999529541
62.1418953 0.953838408 0.999571025
64.0793076 0.983576536 0.999608874
66.0771255 1.0142417 0.999643385
68.1372375 1.04586303 0.999674857
70.2615662 1.07847023 0.999703526
72.4521332 1.11209393 0.999729693
74.7109909 1.14676607 0.999753594
77.0402756 1.18251908 0.99977529
79.4421844 1.21938682 0.999795139
81.9189758 1.25740397 0.999813259
84.4729843 1.29660642 0.99982971
87.1066208 1.33703101 0.99984473
89.8223648 1.37871599 0.999858439
92.6227875 1.4217006 0.999870896
95.5105133 1.46602535 0.999882281
98.488266 1.5117321 0.999892652
101.558861 1.55886376 0.99990207
104.725189 1.60746491 1
107.990242 1.65758121 1
111.357079 1.70926011 1
114.828888 1.76255012 1
118.408943 1.81750166 1
122.100609 1.87416637 1
125.907372 1.93259788 1
129.832825 1.9928509 1
133.880661 2.05498266 1
138.054688 2.11905146 1
142.358856 2.18511772 1
146.797226 2.25324368 1
151.373962 2.32349372 1
156.093384 2.39593387 1
160.959946 2.47063255 1
165.978241 2.54766011 1
171.153 2.62708926 1
176.489075 2.70899463 1
181.991531 2.79345369 1
187.665527 2.88054609 1
193.516418 2.9703536 1
199.549744 3.0629611 1
205.771164 3.15845585 1
212.186539 3.25692797 1
218.801941 3.3584702 1
225.623581 3.46317816 1
232.657913 3.57115054 1
239.91156 3.68248916 1
247.391342 3.79729915 1
255.104324 3.91568875 1
263.0578 4.03776932 1
271.259216 4.16365576 1
279.716339 4.29346704 1
288.437134 4.42732573 1
297.42981 4.56535769 1
306.70285 4.7076931 1
316.265015 4.85446644 1
326.125305 5.00581551 1
336.292999 5.16188288 1
346.77771 5.32281637 1
357.589294 5.48876715 1
368.737946 5.65989208 1
380.234192 5.83635235 1
392.088867 6.01831388 1
404.31311 6.20594835 1
416.918488 6.39943266 1
429.91687 6.59894991 1
443.320526 6.80468702 1
457.142059 7.01683855 1
471.394501 7.23560429 1
486.091278 7.4611907 1
501.246277 7.69381046 1
516.873779 7.93368244 1
532.988464 8.18103313 1
549.605652 8.43609524 1
566.740845 8.69911003 1
584.410278 8.97032452 1
602.630554 9.24999428 1
621.418945 9.53838444 1
640.793091 9.83576488 1
660.771301 10.1424179 1
681.372314 10.4586306 1
702.615662 10.7847023 1
724.521301 11.1209393 1
747.109924 11.46766 1
770.402771 11.8251905 1
794.421814 12.1938677 1
819.189758 12.5740395 1
844.729858 12.9660635 1
871.066223 13.3703098 1
898.223694 13.7871599 1
926.227844 14.2170057 1
955.105103 14.6602535 1
984.88269 15.1173201 1
