# 1  4.571e-01 5.708e+19
# 2  1.180e+01 1.474e+21
# 3  5.266e+01 6.575e+21
4  1.201e+02 1.500e+22
5  1.952e+02 2.437e+22
6  2.643e+02 3.300e+22
7  3.227e+02 4.029e+22
8  3.706e+02 4.627e+22
9  4.098e+02 5.117e+22
10 4.423e+02 5.523e+22
11 4.697e+02 5.865e+22
12 4.930e+02 6.156e+22
13 5.132e+02 6.408e+22
14 5.307e+02 6.626e+22
15 5.460e+02 6.817e+22
16 5.593e+02 6.984e+22
17 5.710e+02 7.130e+22
18 5.813e+02 7.258e+22
19 5.903e+02 7.370e+22
20 5.981e+02 7.468e+22
21 6.050e+02 7.554e+22
22 6.110e+02 7.629e+22
23 6.163e+02 7.695e+22
24 6.209e+02 7.752e+22
25 6.249e+02 7.802e+22
