#    100
#    LPEN=  0.3330D+45     LGRV=  0.3332D+45     LSOF=  0.3409D+45   LREF=  0.1174D+45   A=  0.1321D+01   LREF/LSOF=  0.3442D+00   Lamda_Tau=  0.1000D+01   Lamda_U=  0.1000D+01
#      log nu     log(Fnu)   log(Fnu)s  log(nu*F)  log(nu*F)s
  0.1335E+02  0.2387E+02  0.2396E+02  0.3692E+02  0.3700E+02
  0.1352E+02  0.2413E+02  0.2420E+02  0.3735E+02  0.3742E+02
  0.1370E+02  0.2461E+02  0.2469E+02  0.3801E+02  0.3809E+02
  0.1388E+02  0.2497E+02  0.2502E+02  0.3854E+02  0.3860E+02
  0.1405E+02  0.2534E+02  0.2541E+02  0.3909E+02  0.3916E+02
  0.1423E+02  0.2568E+02  0.2575E+02  0.3961E+02  0.3968E+02
  0.1440E+02  0.2602E+02  0.2609E+02  0.4012E+02  0.4019E+02
  0.1458E+02  0.2636E+02  0.2644E+02  0.4064E+02  0.4071E+02
  0.1475E+02  0.2669E+02  0.2676E+02  0.4114E+02  0.4121E+02
  0.1493E+02  0.2701E+02  0.2709E+02  0.4163E+02  0.4171E+02
  0.1510E+02  0.2731E+02  0.2739E+02  0.4211E+02  0.4219E+02
  0.1528E+02  0.2759E+02  0.2767E+02  0.4256E+02  0.4265E+02
  0.1545E+02  0.2782E+02  0.2791E+02  0.4298E+02  0.4306E+02
  0.1563E+02  0.2801E+02  0.2810E+02  0.4334E+02  0.4343E+02
  0.1580E+02  0.2811E+02  0.2820E+02  0.4361E+02  0.4370E+02
  0.1598E+02  0.2810E+02  0.2819E+02  0.4378E+02  0.4386E+02
  0.1615E+02  0.2797E+02  0.2805E+02  0.4383E+02  0.4390E+02
  0.1633E+02  0.2772E+02  0.2776E+02  0.4375E+02  0.4379E+02
  0.1650E+02  0.2732E+02  0.2728E+02  0.4353E+02  0.4348E+02
  0.1668E+02  0.2682E+02  0.2647E+02  0.4320E+02  0.4285E+02
  0.1685E+02  0.2639E+02  0.2519E+02  0.4294E+02  0.4174E+02
  0.1703E+02  0.2607E+02  0.2347E+02  0.4280E+02  0.4020E+02
  0.1720E+02  0.2575E+02 -0.9999E+03  0.4266E+02 -0.9999E+03
  0.1738E+02  0.2543E+02 -0.9999E+03  0.4251E+02 -0.9999E+03
  0.1756E+02  0.2509E+02 -0.9999E+03  0.4234E+02 -0.9999E+03
  0.1773E+02  0.2476E+02 -0.9999E+03  0.4219E+02 -0.9999E+03
  0.1791E+02  0.2444E+02 -0.9999E+03  0.4204E+02 -0.9999E+03
  0.1808E+02  0.2408E+02 -0.9999E+03  0.4186E+02 -0.9999E+03
  0.1826E+02  0.2377E+02 -0.9999E+03  0.4172E+02 -0.9999E+03
  0.1843E+02  0.2342E+02 -0.9999E+03  0.4155E+02 -0.9999E+03
  0.1861E+02  0.2307E+02 -0.9999E+03  0.4138E+02 -0.9999E+03
  0.1878E+02  0.2271E+02 -0.9999E+03  0.4119E+02 -0.9999E+03
  0.1896E+02  0.2229E+02 -0.9999E+03  0.4095E+02 -0.9999E+03
  0.1913E+02  0.2199E+02 -0.9999E+03  0.4082E+02 -0.9999E+03
  0.1931E+02  0.2143E+02 -0.9999E+03  0.4043E+02 -0.9999E+03
  0.1948E+02  0.2105E+02 -0.9999E+03  0.4024E+02 -0.9999E+03
  0.1966E+02  0.2022E+02 -0.9999E+03  0.3957E+02 -0.9999E+03
  0.1983E+02  0.1938E+02 -0.9999E+03  0.3891E+02 -0.9999E+03
  0.2001E+02  0.1880E+02 -0.9999E+03  0.3851E+02 -0.9999E+03
  0.2018E+02 -0.9999E+03 -0.9999E+03 -0.9999E+03 -0.9999E+03
  0.2036E+02 -0.9999E+03 -0.9999E+03 -0.9999E+03 -0.9999E+03
  0.2053E+02 -0.9999E+03 -0.9999E+03 -0.9999E+03 -0.9999E+03
  0.2071E+02 -0.9999E+03 -0.9999E+03 -0.9999E+03 -0.9999E+03
  0.2089E+02 -0.9999E+03 -0.9999E+03 -0.9999E+03 -0.9999E+03
  0.2106E+02 -0.9999E+03 -0.9999E+03 -0.9999E+03 -0.9999E+03
  0.2124E+02 -0.9999E+03 -0.9999E+03 -0.9999E+03 -0.9999E+03
  0.2141E+02 -0.9999E+03 -0.9999E+03 -0.9999E+03 -0.9999E+03
  0.2159E+02 -0.9999E+03 -0.9999E+03 -0.9999E+03 -0.9999E+03
  0.2176E+02 -0.9999E+03 -0.9999E+03 -0.9999E+03 -0.9999E+03
  0.2194E+02 -0.9999E+03 -0.9999E+03 -0.9999E+03 -0.9999E+03
  0.2211E+02 -0.9999E+03 -0.9999E+03 -0.9999E+03 -0.9999E+03
  0.2229E+02 -0.9999E+03 -0.9999E+03 -0.9999E+03 -0.9999E+03
  0.2246E+02 -0.9999E+03 -0.9999E+03 -0.9999E+03 -0.9999E+03
  0.2264E+02 -0.9999E+03 -0.9999E+03 -0.9999E+03 -0.9999E+03
  0.2281E+02 -0.9999E+03 -0.9999E+03 -0.9999E+03 -0.9999E+03
  0.2299E+02 -0.9999E+03 -0.9999E+03 -0.9999E+03 -0.9999E+03
  0.2316E+02 -0.9999E+03 -0.9999E+03 -0.9999E+03 -0.9999E+03
  0.2334E+02 -0.9999E+03 -0.9999E+03 -0.9999E+03 -0.9999E+03
  0.2351E+02 -0.9999E+03 -0.9999E+03 -0.9999E+03 -0.9999E+03
  0.2369E+02 -0.9999E+03 -0.9999E+03 -0.9999E+03 -0.9999E+03
  0.2386E+02 -0.9999E+03 -0.9999E+03 -0.9999E+03 -0.9999E+03
  0.2404E+02 -0.9999E+03 -0.9999E+03 -0.9999E+03 -0.9999E+03
  0.2421E+02 -0.9999E+03 -0.9999E+03 -0.9999E+03 -0.9999E+03
  0.2439E+02 -0.9999E+03 -0.9999E+03 -0.9999E+03 -0.9999E+03
  0.2457E+02 -0.9999E+03 -0.9999E+03 -0.9999E+03 -0.9999E+03
  0.2474E+02 -0.9999E+03 -0.9999E+03 -0.9999E+03 -0.9999E+03
  0.2492E+02 -0.9999E+03 -0.9999E+03 -0.9999E+03 -0.9999E+03
  0.2509E+02 -0.9999E+03 -0.9999E+03 -0.9999E+03 -0.9999E+03
  0.2527E+02 -0.9999E+03 -0.9999E+03 -0.9999E+03 -0.9999E+03
  0.2544E+02 -0.9999E+03 -0.9999E+03 -0.9999E+03 -0.9999E+03
  0.2562E+02 -0.9999E+03 -0.9999E+03 -0.9999E+03 -0.9999E+03
  0.2579E+02 -0.9999E+03 -0.9999E+03 -0.9999E+03 -0.9999E+03
  0.2597E+02 -0.9999E+03 -0.9999E+03 -0.9999E+03 -0.9999E+03
  0.2614E+02 -0.9999E+03 -0.9999E+03 -0.9999E+03 -0.9999E+03
  0.2632E+02 -0.9999E+03 -0.9999E+03 -0.9999E+03 -0.9999E+03
  0.2649E+02 -0.9999E+03 -0.9999E+03 -0.9999E+03 -0.9999E+03
  0.2667E+02 -0.9999E+03 -0.9999E+03 -0.9999E+03 -0.9999E+03
  0.2684E+02 -0.9999E+03 -0.9999E+03 -0.9999E+03 -0.9999E+03
  0.2702E+02 -0.9999E+03 -0.9999E+03 -0.9999E+03 -0.9999E+03
  0.2719E+02 -0.9999E+03 -0.9999E+03 -0.9999E+03 -0.9999E+03
  0.2737E+02 -0.9999E+03 -0.9999E+03 -0.9999E+03 -0.9999E+03
  0.2754E+02 -0.9999E+03 -0.9999E+03 -0.9999E+03 -0.9999E+03
  0.2772E+02 -0.9999E+03 -0.9999E+03 -0.9999E+03 -0.9999E+03
  0.2790E+02 -0.9999E+03 -0.9999E+03 -0.9999E+03 -0.9999E+03
  0.2807E+02 -0.9999E+03 -0.9999E+03 -0.9999E+03 -0.9999E+03
  0.2825E+02 -0.9999E+03 -0.9999E+03 -0.9999E+03 -0.9999E+03
  0.2842E+02 -0.9999E+03 -0.9999E+03 -0.9999E+03 -0.9999E+03
  0.2860E+02 -0.9999E+03 -0.9999E+03 -0.9999E+03 -0.9999E+03
  0.2877E+02 -0.9999E+03 -0.9999E+03 -0.9999E+03 -0.9999E+03
  0.2895E+02 -0.9999E+03 -0.9999E+03 -0.9999E+03 -0.9999E+03
  0.2912E+02 -0.9999E+03 -0.9999E+03 -0.9999E+03 -0.9999E+03
  0.2930E+02 -0.9999E+03 -0.9999E+03 -0.9999E+03 -0.9999E+03
  0.2947E+02 -0.9999E+03 -0.9999E+03 -0.9999E+03 -0.9999E+03
  0.2965E+02 -0.9999E+03 -0.9999E+03 -0.9999E+03 -0.9999E+03
  0.2982E+02 -0.9999E+03 -0.9999E+03 -0.9999E+03 -0.9999E+03
  0.3000E+02 -0.9999E+03 -0.9999E+03 -0.9999E+03 -0.9999E+03
  0.3017E+02 -0.9999E+03 -0.9999E+03 -0.9999E+03 -0.9999E+03
  0.3035E+02 -0.9999E+03 -0.9999E+03 -0.9999E+03 -0.9999E+03
  0.3052E+02 -0.9999E+03 -0.9999E+03 -0.9999E+03 -0.9999E+03
  0.3070E+02 -0.9999E+03 -0.9999E+03 -0.9999E+03 -0.9999E+03
