#    100
#    LPEN=  0.5001D+43     LGRV=  0.4998D+43     LSOF=  0.3555D+43   LREF=  0.3457D+43   A=  0.2379D+01   LREF/LSOF=  0.9724D+00   Lamda_Tau=  0.1000D+01   Lamda_U=  0.1000D+01
#      log nu     log(Fnu)   log(Fnu)s  log(nu*F)  log(nu*F)s
  0.1335E+02  0.2358E+02  0.2368E+02  0.3663E+02  0.3673E+02
  0.1352E+02  0.2382E+02  0.2391E+02  0.3705E+02  0.3713E+02
  0.1370E+02  0.2414E+02  0.2423E+02  0.3754E+02  0.3762E+02
  0.1388E+02  0.2448E+02  0.2457E+02  0.3805E+02  0.3815E+02
  0.1405E+02  0.2482E+02  0.2491E+02  0.3857E+02  0.3866E+02
  0.1423E+02  0.2515E+02  0.2525E+02  0.3907E+02  0.3917E+02
  0.1440E+02  0.2547E+02  0.2557E+02  0.3957E+02  0.3967E+02
  0.1458E+02  0.2577E+02  0.2588E+02  0.4005E+02  0.4016E+02
  0.1475E+02  0.2606E+02  0.2617E+02  0.4051E+02  0.4062E+02
  0.1493E+02  0.2631E+02  0.2643E+02  0.4094E+02  0.4106E+02
  0.1510E+02  0.2651E+02  0.2663E+02  0.4131E+02  0.4143E+02
  0.1528E+02  0.2662E+02  0.2675E+02  0.4160E+02  0.4173E+02
  0.1545E+02  0.2663E+02  0.2676E+02  0.4178E+02  0.4191E+02
  0.1563E+02  0.2649E+02  0.2662E+02  0.4182E+02  0.4194E+02
  0.1580E+02  0.2622E+02  0.2629E+02  0.4172E+02  0.4180E+02
  0.1598E+02  0.2585E+02  0.2575E+02  0.4152E+02  0.4142E+02
  0.1615E+02  0.2549E+02  0.2487E+02  0.4134E+02  0.4072E+02
  0.1633E+02  0.2524E+02  0.2349E+02  0.4127E+02  0.3952E+02
  0.1650E+02  0.2502E+02  0.2138E+02  0.4123E+02  0.3758E+02
  0.1668E+02  0.2482E+02 -0.9999E+03  0.4120E+02 -0.9999E+03
  0.1685E+02  0.2461E+02 -0.9999E+03  0.4116E+02 -0.9999E+03
  0.1703E+02  0.2441E+02 -0.9999E+03  0.4114E+02 -0.9999E+03
  0.1720E+02  0.2420E+02 -0.9999E+03  0.4110E+02 -0.9999E+03
  0.1738E+02  0.2399E+02 -0.9999E+03  0.4107E+02 -0.9999E+03
  0.1756E+02  0.2379E+02 -0.9999E+03  0.4105E+02 -0.9999E+03
  0.1773E+02  0.2358E+02 -0.9999E+03  0.4101E+02 -0.9999E+03
  0.1791E+02  0.2337E+02 -0.9999E+03  0.4097E+02 -0.9999E+03
  0.1808E+02  0.2317E+02 -0.9999E+03  0.4095E+02 -0.9999E+03
  0.1826E+02  0.2297E+02 -0.9999E+03  0.4093E+02 -0.9999E+03
  0.1843E+02  0.2277E+02 -0.9999E+03  0.4090E+02 -0.9999E+03
  0.1861E+02  0.2256E+02 -0.9999E+03  0.4087E+02 -0.9999E+03
  0.1878E+02  0.2235E+02 -0.9999E+03  0.4083E+02 -0.9999E+03
  0.1896E+02  0.2216E+02 -0.9999E+03  0.4081E+02 -0.9999E+03
  0.1913E+02  0.2193E+02 -0.9999E+03  0.4076E+02 -0.9999E+03
  0.1931E+02  0.2169E+02 -0.9999E+03  0.4070E+02 -0.9999E+03
  0.1948E+02  0.2145E+02 -0.9999E+03  0.4063E+02 -0.9999E+03
  0.1966E+02  0.2118E+02 -0.9999E+03  0.4054E+02 -0.9999E+03
  0.1983E+02  0.2075E+02 -0.9999E+03  0.4028E+02 -0.9999E+03
  0.2001E+02  0.2030E+02 -0.9999E+03  0.4001E+02 -0.9999E+03
  0.2018E+02  0.1970E+02 -0.9999E+03  0.3958E+02 -0.9999E+03
  0.2036E+02  0.1893E+02 -0.9999E+03  0.3899E+02 -0.9999E+03
  0.2053E+02  0.1700E+02 -0.9999E+03  0.3723E+02 -0.9999E+03
  0.2071E+02 -0.9999E+03 -0.9999E+03 -0.9999E+03 -0.9999E+03
  0.2089E+02 -0.9999E+03 -0.9999E+03 -0.9999E+03 -0.9999E+03
  0.2106E+02 -0.9999E+03 -0.9999E+03 -0.9999E+03 -0.9999E+03
  0.2124E+02 -0.9999E+03 -0.9999E+03 -0.9999E+03 -0.9999E+03
  0.2141E+02 -0.9999E+03 -0.9999E+03 -0.9999E+03 -0.9999E+03
  0.2159E+02 -0.9999E+03 -0.9999E+03 -0.9999E+03 -0.9999E+03
  0.2176E+02 -0.9999E+03 -0.9999E+03 -0.9999E+03 -0.9999E+03
  0.2194E+02 -0.9999E+03 -0.9999E+03 -0.9999E+03 -0.9999E+03
  0.2211E+02 -0.9999E+03 -0.9999E+03 -0.9999E+03 -0.9999E+03
  0.2229E+02 -0.9999E+03 -0.9999E+03 -0.9999E+03 -0.9999E+03
  0.2246E+02 -0.9999E+03 -0.9999E+03 -0.9999E+03 -0.9999E+03
  0.2264E+02 -0.9999E+03 -0.9999E+03 -0.9999E+03 -0.9999E+03
  0.2281E+02 -0.9999E+03 -0.9999E+03 -0.9999E+03 -0.9999E+03
  0.2299E+02 -0.9999E+03 -0.9999E+03 -0.9999E+03 -0.9999E+03
  0.2316E+02 -0.9999E+03 -0.9999E+03 -0.9999E+03 -0.9999E+03
  0.2334E+02 -0.9999E+03 -0.9999E+03 -0.9999E+03 -0.9999E+03
  0.2351E+02 -0.9999E+03 -0.9999E+03 -0.9999E+03 -0.9999E+03
  0.2369E+02 -0.9999E+03 -0.9999E+03 -0.9999E+03 -0.9999E+03
  0.2386E+02 -0.9999E+03 -0.9999E+03 -0.9999E+03 -0.9999E+03
  0.2404E+02 -0.9999E+03 -0.9999E+03 -0.9999E+03 -0.9999E+03
  0.2421E+02 -0.9999E+03 -0.9999E+03 -0.9999E+03 -0.9999E+03
  0.2439E+02 -0.9999E+03 -0.9999E+03 -0.9999E+03 -0.9999E+03
  0.2457E+02 -0.9999E+03 -0.9999E+03 -0.9999E+03 -0.9999E+03
  0.2474E+02 -0.9999E+03 -0.9999E+03 -0.9999E+03 -0.9999E+03
  0.2492E+02 -0.9999E+03 -0.9999E+03 -0.9999E+03 -0.9999E+03
  0.2509E+02 -0.9999E+03 -0.9999E+03 -0.9999E+03 -0.9999E+03
  0.2527E+02 -0.9999E+03 -0.9999E+03 -0.9999E+03 -0.9999E+03
  0.2544E+02 -0.9999E+03 -0.9999E+03 -0.9999E+03 -0.9999E+03
  0.2562E+02 -0.9999E+03 -0.9999E+03 -0.9999E+03 -0.9999E+03
  0.2579E+02 -0.9999E+03 -0.9999E+03 -0.9999E+03 -0.9999E+03
  0.2597E+02 -0.9999E+03 -0.9999E+03 -0.9999E+03 -0.9999E+03
  0.2614E+02 -0.9999E+03 -0.9999E+03 -0.9999E+03 -0.9999E+03
  0.2632E+02 -0.9999E+03 -0.9999E+03 -0.9999E+03 -0.9999E+03
  0.2649E+02 -0.9999E+03 -0.9999E+03 -0.9999E+03 -0.9999E+03
  0.2667E+02 -0.9999E+03 -0.9999E+03 -0.9999E+03 -0.9999E+03
  0.2684E+02 -0.9999E+03 -0.9999E+03 -0.9999E+03 -0.9999E+03
  0.2702E+02 -0.9999E+03 -0.9999E+03 -0.9999E+03 -0.9999E+03
  0.2719E+02 -0.9999E+03 -0.9999E+03 -0.9999E+03 -0.9999E+03
  0.2737E+02 -0.9999E+03 -0.9999E+03 -0.9999E+03 -0.9999E+03
  0.2754E+02 -0.9999E+03 -0.9999E+03 -0.9999E+03 -0.9999E+03
  0.2772E+02 -0.9999E+03 -0.9999E+03 -0.9999E+03 -0.9999E+03
  0.2790E+02 -0.9999E+03 -0.9999E+03 -0.9999E+03 -0.9999E+03
  0.2807E+02 -0.9999E+03 -0.9999E+03 -0.9999E+03 -0.9999E+03
  0.2825E+02 -0.9999E+03 -0.9999E+03 -0.9999E+03 -0.9999E+03
  0.2842E+02 -0.9999E+03 -0.9999E+03 -0.9999E+03 -0.9999E+03
  0.2860E+02 -0.9999E+03 -0.9999E+03 -0.9999E+03 -0.9999E+03
  0.2877E+02 -0.9999E+03 -0.9999E+03 -0.9999E+03 -0.9999E+03
  0.2895E+02 -0.9999E+03 -0.9999E+03 -0.9999E+03 -0.9999E+03
  0.2912E+02 -0.9999E+03 -0.9999E+03 -0.9999E+03 -0.9999E+03
  0.2930E+02 -0.9999E+03 -0.9999E+03 -0.9999E+03 -0.9999E+03
  0.2947E+02 -0.9999E+03 -0.9999E+03 -0.9999E+03 -0.9999E+03
  0.2965E+02 -0.9999E+03 -0.9999E+03 -0.9999E+03 -0.9999E+03
  0.2982E+02 -0.9999E+03 -0.9999E+03 -0.9999E+03 -0.9999E+03
  0.3000E+02 -0.9999E+03 -0.9999E+03 -0.9999E+03 -0.9999E+03
  0.3017E+02 -0.9999E+03 -0.9999E+03 -0.9999E+03 -0.9999E+03
  0.3035E+02 -0.9999E+03 -0.9999E+03 -0.9999E+03 -0.9999E+03
  0.3052E+02 -0.9999E+03 -0.9999E+03 -0.9999E+03 -0.9999E+03
  0.3070E+02 -0.9999E+03 -0.9999E+03 -0.9999E+03 -0.9999E+03
