#    100
#    LPEN=  0.1668D+45     LGRV=  0.1666D+45     LSOF=  0.1565D+45   LREF=  0.8307D+44   A=  0.1597D+01   LREF/LSOF=  0.5310D+00   Lamda_Tau=  0.1000D+01   Lamda_U=  0.1000D+01
#      log nu     log(Fnu)   log(Fnu)s  log(nu*F)  log(nu*F)s
  0.1335E+02  0.2385E+02  0.2394E+02  0.3690E+02  0.3699E+02
  0.1352E+02  0.2409E+02  0.2418E+02  0.3731E+02  0.3740E+02
  0.1370E+02  0.2452E+02  0.2463E+02  0.3792E+02  0.3802E+02
  0.1388E+02  0.2492E+02  0.2499E+02  0.3849E+02  0.3857E+02
  0.1405E+02  0.2526E+02  0.2534E+02  0.3901E+02  0.3909E+02
  0.1423E+02  0.2559E+02  0.2568E+02  0.3951E+02  0.3961E+02
  0.1440E+02  0.2593E+02  0.2601E+02  0.4003E+02  0.4011E+02
  0.1458E+02  0.2625E+02  0.2634E+02  0.4052E+02  0.4062E+02
  0.1475E+02  0.2658E+02  0.2667E+02  0.4103E+02  0.4112E+02
  0.1493E+02  0.2689E+02  0.2699E+02  0.4151E+02  0.4161E+02
  0.1510E+02  0.2718E+02  0.2728E+02  0.4198E+02  0.4208E+02
  0.1528E+02  0.2744E+02  0.2755E+02  0.4242E+02  0.4253E+02
  0.1545E+02  0.2766E+02  0.2777E+02  0.4281E+02  0.4292E+02
  0.1563E+02  0.2781E+02  0.2792E+02  0.4313E+02  0.4325E+02
  0.1580E+02  0.2786E+02  0.2797E+02  0.4336E+02  0.4347E+02
  0.1598E+02  0.2779E+02  0.2789E+02  0.4346E+02  0.4357E+02
  0.1615E+02  0.2759E+02  0.2767E+02  0.4345E+02  0.4352E+02
  0.1633E+02  0.2728E+02  0.2728E+02  0.4330E+02  0.4331E+02
  0.1650E+02  0.2686E+02  0.2664E+02  0.4306E+02  0.4284E+02
  0.1668E+02  0.2647E+02  0.2558E+02  0.4284E+02  0.4196E+02
  0.1685E+02  0.2618E+02  0.2399E+02  0.4274E+02  0.4054E+02
  0.1703E+02  0.2593E+02 -0.9999E+03  0.4266E+02 -0.9999E+03
  0.1720E+02  0.2566E+02 -0.9999E+03  0.4256E+02 -0.9999E+03
  0.1738E+02  0.2540E+02 -0.9999E+03  0.4248E+02 -0.9999E+03
  0.1756E+02  0.2512E+02 -0.9999E+03  0.4238E+02 -0.9999E+03
  0.1773E+02  0.2485E+02 -0.9999E+03  0.4228E+02 -0.9999E+03
  0.1791E+02  0.2458E+02 -0.9999E+03  0.4219E+02 -0.9999E+03
  0.1808E+02  0.2430E+02 -0.9999E+03  0.4208E+02 -0.9999E+03
  0.1826E+02  0.2403E+02 -0.9999E+03  0.4198E+02 -0.9999E+03
  0.1843E+02  0.2375E+02 -0.9999E+03  0.4188E+02 -0.9999E+03
  0.1861E+02  0.2349E+02 -0.9999E+03  0.4180E+02 -0.9999E+03
  0.1878E+02  0.2322E+02 -0.9999E+03  0.4170E+02 -0.9999E+03
  0.1896E+02  0.2293E+02 -0.9999E+03  0.4158E+02 -0.9999E+03
  0.1913E+02  0.2257E+02 -0.9999E+03  0.4140E+02 -0.9999E+03
  0.1931E+02  0.2235E+02 -0.9999E+03  0.4136E+02 -0.9999E+03
  0.1948E+02  0.2190E+02 -0.9999E+03  0.4109E+02 -0.9999E+03
  0.1966E+02  0.2157E+02 -0.9999E+03  0.4093E+02 -0.9999E+03
  0.1983E+02  0.2100E+02 -0.9999E+03  0.4054E+02 -0.9999E+03
  0.2001E+02  0.2016E+02 -0.9999E+03  0.3987E+02 -0.9999E+03
  0.2018E+02  0.1978E+02 -0.9999E+03  0.3966E+02 -0.9999E+03
  0.2036E+02 -0.9999E+03 -0.9999E+03 -0.9999E+03 -0.9999E+03
  0.2053E+02 -0.9999E+03 -0.9999E+03 -0.9999E+03 -0.9999E+03
  0.2071E+02 -0.9999E+03 -0.9999E+03 -0.9999E+03 -0.9999E+03
  0.2089E+02 -0.9999E+03 -0.9999E+03 -0.9999E+03 -0.9999E+03
  0.2106E+02 -0.9999E+03 -0.9999E+03 -0.9999E+03 -0.9999E+03
  0.2124E+02 -0.9999E+03 -0.9999E+03 -0.9999E+03 -0.9999E+03
  0.2141E+02 -0.9999E+03 -0.9999E+03 -0.9999E+03 -0.9999E+03
  0.2159E+02 -0.9999E+03 -0.9999E+03 -0.9999E+03 -0.9999E+03
  0.2176E+02 -0.9999E+03 -0.9999E+03 -0.9999E+03 -0.9999E+03
  0.2194E+02 -0.9999E+03 -0.9999E+03 -0.9999E+03 -0.9999E+03
  0.2211E+02 -0.9999E+03 -0.9999E+03 -0.9999E+03 -0.9999E+03
  0.2229E+02 -0.9999E+03 -0.9999E+03 -0.9999E+03 -0.9999E+03
  0.2246E+02 -0.9999E+03 -0.9999E+03 -0.9999E+03 -0.9999E+03
  0.2264E+02 -0.9999E+03 -0.9999E+03 -0.9999E+03 -0.9999E+03
  0.2281E+02 -0.9999E+03 -0.9999E+03 -0.9999E+03 -0.9999E+03
  0.2299E+02 -0.9999E+03 -0.9999E+03 -0.9999E+03 -0.9999E+03
  0.2316E+02 -0.9999E+03 -0.9999E+03 -0.9999E+03 -0.9999E+03
  0.2334E+02 -0.9999E+03 -0.9999E+03 -0.9999E+03 -0.9999E+03
  0.2351E+02 -0.9999E+03 -0.9999E+03 -0.9999E+03 -0.9999E+03
  0.2369E+02 -0.9999E+03 -0.9999E+03 -0.9999E+03 -0.9999E+03
  0.2386E+02 -0.9999E+03 -0.9999E+03 -0.9999E+03 -0.9999E+03
  0.2404E+02 -0.9999E+03 -0.9999E+03 -0.9999E+03 -0.9999E+03
  0.2421E+02 -0.9999E+03 -0.9999E+03 -0.9999E+03 -0.9999E+03
  0.2439E+02 -0.9999E+03 -0.9999E+03 -0.9999E+03 -0.9999E+03
  0.2457E+02 -0.9999E+03 -0.9999E+03 -0.9999E+03 -0.9999E+03
  0.2474E+02 -0.9999E+03 -0.9999E+03 -0.9999E+03 -0.9999E+03
  0.2492E+02 -0.9999E+03 -0.9999E+03 -0.9999E+03 -0.9999E+03
  0.2509E+02 -0.9999E+03 -0.9999E+03 -0.9999E+03 -0.9999E+03
  0.2527E+02 -0.9999E+03 -0.9999E+03 -0.9999E+03 -0.9999E+03
  0.2544E+02 -0.9999E+03 -0.9999E+03 -0.9999E+03 -0.9999E+03
  0.2562E+02 -0.9999E+03 -0.9999E+03 -0.9999E+03 -0.9999E+03
  0.2579E+02 -0.9999E+03 -0.9999E+03 -0.9999E+03 -0.9999E+03
  0.2597E+02 -0.9999E+03 -0.9999E+03 -0.9999E+03 -0.9999E+03
  0.2614E+02 -0.9999E+03 -0.9999E+03 -0.9999E+03 -0.9999E+03
  0.2632E+02 -0.9999E+03 -0.9999E+03 -0.9999E+03 -0.9999E+03
  0.2649E+02 -0.9999E+03 -0.9999E+03 -0.9999E+03 -0.9999E+03
  0.2667E+02 -0.9999E+03 -0.9999E+03 -0.9999E+03 -0.9999E+03
  0.2684E+02 -0.9999E+03 -0.9999E+03 -0.9999E+03 -0.9999E+03
  0.2702E+02 -0.9999E+03 -0.9999E+03 -0.9999E+03 -0.9999E+03
  0.2719E+02 -0.9999E+03 -0.9999E+03 -0.9999E+03 -0.9999E+03
  0.2737E+02 -0.9999E+03 -0.9999E+03 -0.9999E+03 -0.9999E+03
  0.2754E+02 -0.9999E+03 -0.9999E+03 -0.9999E+03 -0.9999E+03
  0.2772E+02 -0.9999E+03 -0.9999E+03 -0.9999E+03 -0.9999E+03
  0.2790E+02 -0.9999E+03 -0.9999E+03 -0.9999E+03 -0.9999E+03
  0.2807E+02 -0.9999E+03 -0.9999E+03 -0.9999E+03 -0.9999E+03
  0.2825E+02 -0.9999E+03 -0.9999E+03 -0.9999E+03 -0.9999E+03
  0.2842E+02 -0.9999E+03 -0.9999E+03 -0.9999E+03 -0.9999E+03
  0.2860E+02 -0.9999E+03 -0.9999E+03 -0.9999E+03 -0.9999E+03
  0.2877E+02 -0.9999E+03 -0.9999E+03 -0.9999E+03 -0.9999E+03
  0.2895E+02 -0.9999E+03 -0.9999E+03 -0.9999E+03 -0.9999E+03
  0.2912E+02 -0.9999E+03 -0.9999E+03 -0.9999E+03 -0.9999E+03
  0.2930E+02 -0.9999E+03 -0.9999E+03 -0.9999E+03 -0.9999E+03
  0.2947E+02 -0.9999E+03 -0.9999E+03 -0.9999E+03 -0.9999E+03
  0.2965E+02 -0.9999E+03 -0.9999E+03 -0.9999E+03 -0.9999E+03
  0.2982E+02 -0.9999E+03 -0.9999E+03 -0.9999E+03 -0.9999E+03
  0.3000E+02 -0.9999E+03 -0.9999E+03 -0.9999E+03 -0.9999E+03
  0.3017E+02 -0.9999E+03 -0.9999E+03 -0.9999E+03 -0.9999E+03
  0.3035E+02 -0.9999E+03 -0.9999E+03 -0.9999E+03 -0.9999E+03
  0.3052E+02 -0.9999E+03 -0.9999E+03 -0.9999E+03 -0.9999E+03
  0.3070E+02 -0.9999E+03 -0.9999E+03 -0.9999E+03 -0.9999E+03
