# KROME file, XRAY He rate
# Distance = 6 kpc
# Xray rate including primary He ionization in 1/s
# first line indicates the size of the table (30x30)
# then first column is the parameter log10(nH), where nH is the H column density in cm-2
# second column is log10(xHe), where xHe = nHe/nH both in cm-2
# third column is log10(rate), where rate is in units of 1/s
30, 30
16.0 0.0 -17.101553161988814
16.0 -0.1724138 -17.099346697232477
16.0 -0.34482759 -17.09609703032943
16.0 -0.51724136 -17.091317894539557
16.0 -0.68965518 -17.084314008354646
16.0 -0.86206895 -17.07410885931399
16.0 -1.0344827 -17.059366981069363
16.0 -1.2068965 -17.03833199941535
16.0 -1.3793104 -17.008821372606544
16.0 -1.5517242 -16.968337048192506
16.0 -1.7241379 -16.914345856051227
16.0 -1.8965517 -16.84472533874867
16.0 -2.0689654 -16.75825827521144
16.0 -2.2413793 -16.654963987677515
16.0 -2.4137931 -16.536093277427423
16.0 -2.5862069 -16.403788056205475
16.0 -2.7586207 -16.2605859569378
16.0 -2.9310346 -16.10897827082562
16.0 -3.1034484 -15.951135461148555
16.0 -3.275862 -15.788800703132166
16.0 -3.4482758 -15.623297210194403
16.0 -3.6206896 -15.455592051216938
16.0 -3.7931035 -15.286372886630005
16.0 -3.9655173 -15.116120308477962
16.0 -4.1379309 -14.945165843878568
16.0 -4.3103447 -14.773735837500306
16.0 -4.4827585 -14.601984732223254
16.0 -4.6551723 -14.430017054750694
16.0 -4.8275862 -14.25790335685948
16.0 -5.0 -14.085691510050776

16.344828 0.0 -17.1016129291097
16.344828 -0.1724138 -17.099397002482473
16.344828 -0.34482759 -17.096139052448322
16.344828 -0.51724136 -17.091352559582344
16.344828 -0.68965518 -17.08434215844635
16.344828 -0.86206895 -17.074131358715892
16.344828 -1.0344827 -17.059384730914896
16.344828 -1.2068965 -17.03834588307156
16.344828 -1.3793104 -17.00883218346972
16.344828 -1.5517242 -16.968345442531916
16.344828 -1.7241379 -16.91435234514607
16.344828 -1.8965517 -16.84473031170596
16.344828 -2.0689654 -16.758262034357028
16.344828 -2.2413793 -16.65496677975613
16.344828 -2.4137931 -16.53609531196302
16.344828 -2.5862069 -16.40378951185981
16.344828 -2.7586207 -16.26058698201027
16.344828 -2.9310346 -16.108978983495373
16.344828 -3.1034484 -15.951135951799339
16.344828 -3.275862 -15.78880103851024
16.344828 -3.4482758 -15.62329743826299
16.344828 -3.6206896 -15.455592205753899
16.344828 -3.7931035 -15.28637299108218
16.344828 -3.9655173 -15.116120378957229
16.344828 -4.1379309 -14.945165891379327
16.344828 -4.3103447 -14.77373586948904
16.344828 -4.4827585 -14.601984753754143
16.344828 -4.6551723 -14.43001706923743
16.344828 -4.8275862 -14.257903366604294
16.344828 -5.0 -14.085691516604765

16.689655 0.0 -17.10170181114107
16.689655 -0.1724138 -17.09947181494974
16.689655 -0.34482759 -17.096201547610498
16.689655 -0.51724136 -17.091404114131034
16.689655 -0.68965518 -17.08438402439747
16.689655 -0.86206895 -17.074164821117684
16.689655 -1.0344827 -17.059411129749392
16.689655 -1.2068965 -17.038366531981037
16.689655 -1.3793104 -17.008848262352004
16.689655 -1.5517242 -16.96835792738581
16.689655 -1.7241379 -16.91436199635906
16.689655 -1.8965517 -16.844737707978133
16.689655 -2.0689654 -16.758267625329616
16.689655 -2.2413793 -16.65497093241004
16.689655 -2.4137931 -16.53609833792303
16.689655 -2.5862069 -16.403791676849988
16.689655 -2.7586207 -16.260588506596697
16.689655 -2.9310346 -16.108980043446024
16.689655 -3.1034484 -15.951136681541929
16.689655 -3.275862 -15.788801537316361
16.689655 -3.4482758 -15.623297777468201
16.689655 -3.6206896 -15.455592435595884
16.689655 -3.7931035 -15.286373146433325
16.689655 -3.9655173 -15.116120483780652
16.689655 -4.1379309 -14.945165962026937
16.689655 -4.3103447 -14.773735917065704
16.689655 -4.4827585 -14.601984785776912
16.689655 -4.6551723 -14.430017090783467
16.689655 -4.8275862 -14.257903381097702
16.689655 -5.0 -14.085691526352477

17.034483 0.0 -17.10183398286263
17.034483 -0.1724138 -17.099583068011807
17.034483 -0.34482759 -17.096294486176635
17.034483 -0.51724136 -17.091480784342497
17.034483 -0.68965518 -17.084446287305955
17.034483 -0.86206895 -17.07421458714433
17.034483 -1.0344827 -17.059450391224914
17.034483 -1.2068965 -17.038397242247495
17.034483 -1.3793104 -17.008872175988
17.034483 -1.5517242 -16.96837649582442
17.034483 -1.7241379 -16.91437635042937
17.034483 -1.8965517 -16.844748708330922
17.034483 -2.0689654 -16.75827594069209
17.034483 -2.2413793 -16.654977108581996
17.034483 -2.4137931 -16.536102838379055
17.034483 -2.5862069 -16.403794896798622
17.034483 -2.7586207 -16.26059077408351
17.034483 -2.9310346 -16.10898161988851
17.034483 -3.1034484 -15.951137766872405
17.034483 -3.275862 -15.788802279179762
17.034483 -3.4482758 -15.623298281960562
17.034483 -3.6206896 -15.455592777434703
17.034483 -3.7931035 -15.286373377483567
17.034483 -3.9655173 -15.116120639682142
17.034483 -4.1379309 -14.94516606709952
17.034483 -4.3103447 -14.773735987825388
17.034483 -4.4827585 -14.601984833403643
17.034483 -4.6551723 -14.430017122828398
17.034483 -4.8275862 -14.257903402653413
17.034483 -5.0 -14.085691540850025

17.379311 0.0 -17.102030507993714
17.379311 -0.1724138 -17.099748496941093
17.379311 -0.34482759 -17.096432687642725
17.379311 -0.51724136 -17.091594798388616
17.379311 -0.68965518 -17.084538879449116
17.379311 -0.86206895 -17.074288596858057
17.379311 -1.0344827 -17.059508780260515
17.379311 -1.2068965 -17.03844291478165
17.379311 -1.3793104 -17.00890774092445
17.379311 -1.5517242 -16.96840411145886
17.379311 -1.7241379 -16.91439769839835
17.379311 -1.8965517 -16.84476506854341
17.379311 -2.0689654 -16.758288307671833
17.379311 -2.2413793 -16.65498629405604
17.379311 -2.4137931 -16.536109531647853
17.379311 -2.5862069 -16.403799685637278
17.379311 -2.7586207 -16.260594146378818
17.379311 -2.9310346 -16.108983964433694
17.379311 -3.1034484 -15.95113938101614
17.379311 -3.275862 -15.78880338250603
17.379311 -3.4482758 -15.623299032259728
17.379311 -3.6206896 -15.455593285829565
17.379311 -3.7931035 -15.28637372110966
17.379311 -3.9655173 -15.116120871544329
17.379311 -4.1379309 -14.945166223367151
17.379311 -4.3103447 -14.773736093061668
17.379311 -4.4827585 -14.601984904235783
17.379311 -4.6551723 -14.430017170486735
17.379311 -4.8275862 -14.257903434711823
17.379311 -5.0 -14.085691562411284

17.724138 0.0 -17.10232267472955
17.724138 -0.1724138 -17.099994450854552
17.724138 -0.34482759 -17.096638172805605
17.724138 -0.51724136 -17.091764329137987
17.724138 -0.68965518 -17.084676563497872
17.724138 -0.86206895 -17.07439865307972
17.724138 -1.0344827 -17.05959561038964
17.724138 -1.2068965 -17.03851083583629
17.724138 -1.3793104 -17.008960631541026
17.724138 -1.5517242 -16.96844518067361
17.724138 -1.7241379 -16.91442944671436
17.724138 -1.8965517 -16.844789399226894
17.724138 -2.0689654 -16.758306699683043
17.724138 -2.2413793 -16.65499995456081
17.724138 -2.4137931 -16.536119485765475
17.724138 -2.5862069 -16.403806807506395
17.724138 -2.7586207 -16.260599161584363
17.724138 -2.9310346 -16.108987451187005
17.724138 -3.1034484 -15.951141781531128
17.724138 -3.275862 -15.788805023344697
17.724138 -3.4482758 -15.623300148084969
17.724138 -3.6206896 -15.455594041900811
17.724138 -3.7931035 -15.28637423214108
17.724138 -3.9655173 -15.116121216363442
17.724138 -4.1379309 -14.94516645576408
17.724138 -4.3103447 -14.773736249566165
17.724138 -4.4827585 -14.601985009575381
17.724138 -4.6551723 -14.430017241362897
17.724138 -4.8275862 -14.257903482388198
17.724138 -5.0 -14.085691594476591

18.068966 0.0 -17.102756933913934
18.068966 -0.1724138 -17.10036005903331
18.068966 -0.34482759 -17.096943651228997
18.068966 -0.51724136 -17.092016376216645
18.068966 -0.68965518 -17.08488127657124
18.068966 -0.86206895 -17.074562297380478
18.068966 -1.0344827 -17.05972472531512
18.068966 -1.2068965 -17.03861183680305
18.068966 -1.3793104 -17.009039283684213
18.068966 -1.5517242 -16.968506254543076
18.068966 -1.7241379 -16.91447665995708
18.068966 -1.8965517 -16.844825581786267
18.068966 -2.0689654 -16.758334050764343
18.068966 -2.2413793 -16.655020269308306
18.068966 -2.4137931 -16.536134288653404
18.068966 -2.5862069 -16.403817398497473
18.068966 -2.7586207 -16.260606619721976
18.068966 -2.9310346 -16.108992636346255
18.068966 -3.1034484 -15.951145351337862
18.068966 -3.275862 -15.788807463434049
18.068966 -3.4482758 -15.623301807426259
18.068966 -3.6206896 -15.45559516625216
18.068966 -3.7931035 -15.286374992094157
18.068966 -3.9655173 -15.116121729142643
18.068966 -4.1379309 -14.945166801360621
18.068966 -4.3103447 -14.773736482303345
18.068966 -4.4827585 -14.601985166225449
18.068966 -4.6551723 -14.430017346762527
18.068966 -4.8275862 -14.257903553287525
18.068966 -5.0 -14.085691642160766

18.413794 0.0 -17.103402175654892
18.413794 -0.1724138 -17.10090337745131
18.413794 -0.34482759 -17.097397671523613
18.413794 -0.51724136 -17.092391026024828
18.413794 -0.68965518 -17.08518559770241
18.413794 -0.86206895 -17.074805586979846
18.413794 -1.0344827 -17.059916693114378
18.413794 -1.2068965 -17.03876201258733
18.413794 -1.3793104 -17.009156233896718
18.413794 -1.5517242 -16.968597069304906
18.413794 -1.7241379 -16.914546865423628
18.413794 -1.8965517 -16.844879385111128
18.413794 -2.0689654 -16.758374721757704
18.413794 -2.2413793 -16.65505047722814
18.413794 -2.4137931 -16.53615630039252
18.413794 -2.5862069 -16.403833147132488
18.413794 -2.7586207 -16.26061770981738
18.413794 -2.9310346 -16.109000346549585
18.413794 -3.1034484 -15.951150659541236
18.413794 -3.275862 -15.788811091773681
18.413794 -3.4482758 -15.623304274814338
18.413794 -3.6206896 -15.45559683812586
18.413794 -3.7931035 -15.28637612211896
18.413794 -3.9655173 -15.116122491627896
18.413794 -4.1379309 -14.945167315250814
18.413794 -4.3103447 -14.77373682837549
18.413794 -4.4827585 -14.601985399158659
18.413794 -4.6551723 -14.430017503488108
18.413794 -4.8275862 -14.257903658712351
18.413794 -5.0 -14.085691713065467

18.758621 0.0 -17.104360431685596
18.758621 -0.1724138 -17.10171044484266
18.758621 -0.34482759 -17.09807222103971
18.758621 -0.51724136 -17.092947746060208
18.758621 -0.68965518 -17.085637877010946
18.758621 -0.86206895 -17.075167206392322
18.758621 -1.0344827 -17.06020205766664
18.758621 -1.2068965 -17.03898526947067
18.758621 -1.3793104 -17.00933010597024
18.758621 -1.5517242 -16.968732090187828
18.758621 -1.7241379 -16.914651247147464
18.758621 -1.8965517 -16.84495938082208
18.758621 -2.0689654 -16.75843519218396
18.758621 -2.2413793 -16.65509539081573
18.758621 -2.4137931 -16.536189027609268
18.758621 -2.5862069 -16.40385656219214
18.758621 -2.7586207 -16.260634198483054
18.758621 -2.9310346 -16.109011809973136
18.758621 -3.1034484 -15.951158551680644
18.758621 -3.275862 -15.78881648631055
18.758621 -3.4482758 -15.623307943267775
18.758621 -3.6206896 -15.455599323824854
18.758621 -3.7931035 -15.286377802209614
18.758621 -3.9655173 -15.116123625269989
18.758621 -4.1379309 -14.945168079288342
18.758621 -4.3103447 -14.773737342905727
18.758621 -4.4827585 -14.601985745477085
18.758621 -4.6551723 -14.430017736503185
18.758621 -4.8275862 -14.257903815454934
18.758621 -5.0 -14.085691818484522

19.103449 0.0 -17.10578252783534
19.103449 -0.1724138 -17.102908561791004
19.103449 -0.34482759 -17.0990738944015
19.103449 -0.51724136 -17.093774653178418
19.103449 -0.68965518 -17.08630980114404
19.103449 -0.86206895 -17.0757045407628
19.103449 -1.0344827 -17.060626146954185
19.103449 -1.2068965 -17.03931709632784
19.103449 -1.3793104 -17.009588553222265
19.103449 -1.5517242 -16.96893279893032
19.103449 -1.7241379 -16.914806415526183
19.103449 -1.8965517 -16.845078299882257
19.103449 -2.0689654 -16.758525085783138
19.103449 -2.2413793 -16.6551621577618
19.103449 -2.4137931 -16.536237678360052
19.103449 -2.5862069 -16.40389136964339
19.103449 -2.7586207 -16.260658709386146
19.103449 -2.9310346 -16.109028850600467
19.103449 -3.1034484 -15.951170283463997
19.103449 -3.275862 -15.788824505343953
19.103449 -3.4482758 -15.623313396447987
19.103449 -3.6206896 -15.455603018826741
19.103449 -3.7931035 -15.286380299668535
19.103449 -3.9655173 -15.116125310430466
19.103449 -4.1379309 -14.945169215030546
19.103449 -4.3103447 -14.773738107754932
19.103449 -4.4827585 -14.601986260279308
19.103449 -4.6551723 -14.430018082879961
19.103449 -4.8275862 -14.257904048452668
19.103449 -5.0 -14.085691975189857

19.448277 0.0 -17.107890732887455
19.448277 -0.1724138 -17.10468557959111
19.448277 -0.34482759 -17.100560170766073
19.448277 -0.51724136 -17.09500206075817
19.448277 -0.68965518 -17.087307479520558
19.448277 -0.86206895 -17.07650259471981
19.448277 -1.0344827 -17.06125614647185
19.448277 -1.2068965 -17.0398101198027
19.448277 -1.3793104 -17.009972596746717
19.448277 -1.5517242 -16.969231068735144
19.448277 -1.7241379 -16.91503701913237
19.448277 -1.8965517 -16.845255035154278
19.448277 -2.0689654 -16.758658684398338
19.448277 -2.2413793 -16.655261385193437
19.448277 -2.4137931 -16.53630998112144
19.448277 -2.5862069 -16.403943098434002
19.448277 -2.7586207 -16.26069513565782
19.448277 -2.9310346 -16.109054174884722
19.448277 -3.1034484 -15.951187718093825
19.448277 -3.275862 -15.788836422389341
19.448277 -3.4482758 -15.62332150036356
19.448277 -3.6206896 -15.455608509918044
19.448277 -3.7931035 -15.28638401110153
19.448277 -3.9655173 -15.116127814717105
19.448277 -4.1379309 -14.945170902835264
19.448277 -4.3103447 -14.773739244382073
19.448277 -4.4827585 -14.601987025316342
19.448277 -4.6551723 -14.430018597623269
19.448277 -4.8275862 -14.257904394705683
19.448277 -5.0 -14.085692208066325

19.793104 0.0 -17.11101118841737
19.793104 -0.1724138 -17.107317676139264
19.793104 -0.34482759 -17.10276296822003
19.793104 -0.51724136 -17.09682216675176
19.793104 -0.68965518 -17.088787616211185
19.793104 -0.86206895 -17.0776870438552
19.793104 -1.0344827 -17.062191476781027
19.793104 -1.2068965 -17.04054227050151
19.793104 -1.3793104 -17.01054301171658
19.793104 -1.5517242 -16.969674137113454
19.793104 -1.7241379 -16.915379595145897
19.793104 -1.8965517 -16.845517594340876
19.793104 -2.0689654 -16.758857160400837
19.793104 -2.2413793 -16.65540879737846
19.793104 -2.4137931 -16.536417392234004
19.793104 -2.5862069 -16.40401994400879
19.793104 -2.7586207 -16.26074924774451
19.793104 -2.9310346 -16.10909179421636
19.793104 -3.1034484 -15.951213617052838
19.793104 -3.275862 -15.788854124905965
19.793104 -3.4482758 -15.623333538494864
19.793104 -3.6206896 -15.455616666745234
19.793104 -3.7931035 -15.286389524293774
19.793104 -3.9655173 -15.116131534733094
19.793104 -4.1379309 -14.945173409997636
19.793104 -4.3103447 -14.773740932792187
19.793104 -4.4827585 -14.60198816174493
19.793104 -4.6551723 -14.43001936225135
19.793104 -4.8275862 -14.257904909048875
19.793104 -5.0 -14.085692553993725

20.137932 0.0 -17.115619493235037
20.137932 -0.1724138 -17.11120872614847
20.137932 -0.34482759 -17.10602227257043
20.137932 -0.51724136 -17.099517341057346
20.137932 -0.68965518 -17.090980873923524
20.137932 -0.86206895 -17.07944317907868
20.137932 -1.0344827 -17.063578914035705
20.137932 -1.2068965 -17.04162871626463
20.137932 -1.3793104 -17.011389679243635
20.137932 -1.5517242 -16.970331897922957
20.137932 -1.7241379 -16.915888219956795
20.137932 -1.8965517 -16.845907434990863
20.137932 -2.0689654 -16.759151854103848
20.137932 -2.2413793 -16.65562766907654
20.137932 -2.4137931 -16.53657686794578
20.137932 -2.5862069 -16.404134035326873
20.137932 -2.7586207 -16.260829585119016
20.137932 -2.9310346 -16.10914764458025
20.137932 -3.1034484 -15.951252066563812
20.137932 -3.275862 -15.788880405720796
20.137932 -3.4482758 -15.623351409934905
20.137932 -3.6206896 -15.455628776055255
20.137932 -3.7931035 -15.286397708935276
20.137932 -3.9655173 -15.116137057290372
20.137932 -4.1379309 -14.945177132004195
20.137932 -4.3103447 -14.773743439317581
20.137932 -4.4827585 -14.601989848826076
20.137932 -4.6551723 -14.430020497376727
20.137932 -4.8275862 -14.257905672614607
20.137932 -5.0 -14.085693067538473

20.482758 0.0 -17.12240283680634
20.482758 -0.1724138 -17.116944633613397
20.482758 -0.34482759 -17.11083304698432
20.482758 -0.51724136 -17.103499957212335
20.482758 -0.68965518 -17.09422504408489
20.482758 -0.86206895 -17.082042990270278
20.482758 -1.0344827 -17.065634329831585
20.482758 -1.2068965 -17.043239094366275
20.482758 -1.3793104 -17.012645133122053
20.482758 -1.5517242 -16.971307485949687
20.482758 -1.7241379 -16.916642720739315
20.482758 -1.8965517 -16.84648576740772
20.482758 -2.0689654 -16.759589039244382
20.482758 -2.2413793 -16.65595236299162
20.482758 -2.4137931 -16.53681343966898
20.482758 -2.5862069 -16.40430327555685
20.482758 -2.7586207 -16.260948751349336
20.482758 -2.9310346 -16.109230486290137
20.482758 -3.1034484 -15.951309096689357
20.482758 -3.275862 -15.788919386036751
20.482758 -3.4482758 -15.62337791696741
20.482758 -3.6206896 -15.45564673651671
20.482758 -3.7931035 -15.286409848283245
20.482758 -3.9655173 -15.116145248240665
20.482758 -4.1379309 -14.945182652398273
20.482758 -4.3103447 -14.773747156931638
20.482758 -4.4827585 -14.601992351058536
20.482758 -4.6551723 -14.430022180962203
20.482758 -4.8275862 -14.257906805112844
20.482758 -5.0 -14.085693829212666

20.827587 0.0 -17.132341862904735
20.827587 -0.1724138 -17.12536621660337
20.827587 -0.34482759 -17.1179091452006
20.827587 -0.51724136 -17.109367407032867
20.827587 -0.68965518 -17.099011409422513
20.827587 -0.86206895 -17.08588340739213
20.827587 -1.0344827 -17.06867364160617
20.827587 -1.2068965 -17.04562220085246
20.827587 -1.3793104 -17.01450405745705
20.827587 -1.5517242 -16.972752556585785
20.827587 -1.7241379 -16.91776054957102
20.827587 -1.8965517 -16.84734267534978
20.827587 -2.0689654 -16.760236819322127
20.827587 -2.2413793 -16.65643344729346
20.827587 -2.4137931 -16.53716393767672
20.827587 -2.5862069 -16.404554002258546
20.827587 -2.7586207 -16.26112528488105
20.827587 -2.9310346 -16.109353203212677
20.827587 -3.1034484 -15.951393575065428
20.827587 -3.275862 -15.788977125962468
20.827587 -3.4482758 -15.62341718006891
20.827587 -3.6206896 -15.455673339836324
20.827587 -3.7931035 -15.28642782913036
20.827587 -3.9655173 -15.116157380638622
20.827587 -4.1379309 -14.945190829149501
20.827587 -4.3103447 -14.773752663409331
20.827587 -4.4827585 -14.60199605732363
20.827587 -4.6551723 -14.430024674658068
20.827587 -4.8275862 -14.257908482547089
20.827587 -5.0 -14.085694957388986

21.172413 0.0 -17.146810886761976
21.172413 -0.1724138 -17.13766095758752
21.172413 -0.34482759 -17.128265704235172
21.172413 -0.51724136 -17.117974505132608
21.172413 -0.68965518 -17.106046870838338
21.172413 -0.86206895 -17.09153833556899
21.172413 -1.0344827 -17.073155456195863
21.172413 -1.2068965 -17.049140335900855
21.172413 -1.3793104 -17.017250597148145
21.172413 -1.5517242 -16.974888784457114
21.172413 -1.7241379 -16.91941353266755
21.172413 -1.8965517 -16.84860999478665
21.172413 -2.0689654 -16.761194865765237
21.172413 -2.2413793 -16.6571449179295
21.172413 -2.4137931 -16.537682242078922
21.172413 -2.5862069 -16.404924735519895
21.172413 -2.7586207 -16.261386292990995
21.172413 -2.9310346 -16.10953463091627
21.172413 -3.1034484 -15.951518463915178
21.172413 -3.275862 -15.78906248292499
21.172413 -3.4482758 -15.62347522127062
21.172413 -3.6206896 -15.455712665855433
21.172413 -3.7931035 -15.286454408766593
21.172413 -3.9655173 -15.116175314835267
21.172413 -4.1379309 -14.94520291601288
21.172413 -4.3103447 -14.773760803046597
21.172413 -4.4827585 -14.602001535884908
21.172413 -4.6551723 -14.430028360806096
21.172413 -4.8275862 -14.257910962105141
21.172413 -5.0 -14.08569662504092

21.517242 0.0 -17.167691030249014
21.517242 -0.1724138 -17.155471250830953
21.517242 -0.34482759 -17.14331989909888
21.517242 -0.51724136 -17.130524760149736
21.517242 -0.68965518 -17.116334332408957
21.517242 -0.86206895 -17.099827483924816
21.517242 -1.0344827 -17.079738497458646
21.517242 -1.2068965 -17.054316199307408
21.517242 -1.3793104 -17.02129601818146
21.517242 -1.5517242 -16.97803770007449
21.517242 -1.7241379 -16.921851198475323
21.517242 -1.8965517 -16.85047927615398
21.517242 -2.0689654 -16.76260799868755
21.517242 -2.2413793 -16.65819426126596
21.517242 -2.4137931 -16.538446589336946
21.517242 -2.5862069 -16.405471386446187
21.517242 -2.7586207 -16.26177110774313
21.517242 -2.9310346 -16.109802091798738
21.517242 -3.1034484 -15.951702561942103
21.517242 -3.275862 -15.789188300592718
21.517242 -3.4482758 -15.623560771833302
21.517242 -3.6206896 -15.455770629428287
21.517242 -3.7931035 -15.286493584432936
21.517242 -3.9655173 -15.116201747682767
21.517242 -4.1379309 -14.945220730445985
21.517242 -4.3103447 -14.773772799724147
21.517242 -4.4827585 -14.602009610480785
21.517242 -4.6551723 -14.430033793633681
21.517242 -4.8275862 -14.257914616594283
21.517242 -5.0 -14.085699082901803

21.862068 0.0 -17.19747157498711
21.862068 -0.1724138 -17.181001894498642
21.862068 -0.34482759 -17.164998387650822
21.862068 -0.51724136 -17.148673147132623
21.862068 -0.68965518 -17.131267262815204
21.862068 -0.86206895 -17.11190026697958
21.862068 -1.0344827 -17.08935362305535
21.862068 -1.2068965 -17.06189298081831
21.862068 -1.3793104 -17.027227707904093
21.862068 -1.5517242 -16.982659893465776
21.862068 -1.7241379 -16.925431592574483
21.862068 -1.8965517 -16.853225556031838
21.862068 -2.0689654 -16.764684151809313
21.862068 -2.2413793 -16.659735741291815
21.862068 -2.4137931 -16.539569197657137
21.862068 -2.5862069 -16.406274102726144
21.862068 -2.7586207 -16.262336081314537
21.862068 -2.9310346 -16.110194714887374
21.862068 -3.1034484 -15.951972782570962
21.862068 -3.275862 -15.789372962487503
21.862068 -3.4482758 -15.623686326995891
21.862068 -3.6206896 -15.455855694277265
21.862068 -3.7931035 -15.286551075431841
21.862068 -3.9655173 -15.116240537660582
21.862068 -4.1379309 -14.945246872651692
21.862068 -4.3103447 -14.773790404381447
21.862068 -4.4827585 -14.602021459568956
21.862068 -4.6551723 -14.430041766021228
21.862068 -4.8275862 -14.25791997935031
21.862068 -5.0 -14.08570268966733

22.206898 0.0 -17.239288949288444
22.206898 -0.1724138 -17.217092878729584
22.206898 -0.34482759 -17.195828648419514
22.206898 -0.51724136 -17.17462538491243
22.206898 -0.68965518 -17.152729072629803
22.206898 -0.86206895 -17.12932948225072
22.206898 -1.0344827 -17.103287922020684
22.206898 -1.2068965 -17.0729068676778
22.206898 -1.3793104 -17.035869656722483
22.206898 -1.5517242 -16.98940409546803
22.206898 -1.7241379 -16.930660139770733
22.206898 -1.8965517 -16.85723739931782
22.206898 -2.0689654 -16.7677170426311
22.206898 -2.2413793 -16.6619871082905
22.206898 -2.4137931 -16.54120831936912
22.206898 -2.5862069 -16.407445804591386
22.206898 -2.7586207 -16.263160543932926
22.206898 -2.9310346 -16.110767548665596
22.206898 -3.1034484 -15.952366970276401
22.206898 -3.275862 -15.78964230949576
22.206898 -3.4482758 -15.623869446310893
22.206898 -3.6206896 -15.455979752370569
22.206898 -3.7931035 -15.286634916703614
22.206898 -3.9655173 -15.116297105023957
22.206898 -4.1379309 -14.945284995096772
22.206898 -4.3103447 -14.773816076443456
22.206898 -4.4827585 -14.6020387384056
22.206898 -4.6551723 -14.43005339162546
22.206898 -4.8275862 -14.257927799472348
22.206898 -5.0 -14.08570794914113

22.551723 0.0 -17.296753800623183
22.551723 -0.1724138 -17.267154345463243
22.551723 -0.34482759 -17.238943433102843
22.551723 -0.51724136 -17.21118496663533
22.551723 -0.68965518 -17.183163523194928
22.551723 -0.86206895 -17.154191308076083
22.551723 -1.0344827 -17.123264678272328
22.551723 -1.2068965 -17.088760798167005
22.551723 -1.3793104 -17.04834665475884
22.551723 -1.5517242 -16.999160587621002
22.551723 -1.7241379 -16.938232430583433
22.551723 -1.8965517 -16.86305003983924
22.551723 -2.0689654 -16.772111065205845
22.551723 -2.2413793 -16.66524779305794
22.551723 -2.4137931 -16.543581238295022
22.551723 -2.5862069 -16.409141304438617
22.551723 -2.7586207 -16.264353118117608
22.551723 -2.9310346 -16.111595891875496
22.551723 -3.1034484 -15.95293685173036
22.551723 -3.275862 -15.790031642020287
22.551723 -3.4482758 -15.624134107937993
22.551723 -3.6206896 -15.45615903816824
22.551723 -3.7931035 -15.286756075184346
22.551723 -3.9655173 -15.116378846962414
22.551723 -4.1379309 -14.945340081981202
22.551723 -4.3103447 -14.773853171873007
22.551723 -4.4827585 -14.602063705549929
22.551723 -4.6551723 -14.430070189964663
22.551723 -4.8275862 -14.257939099043037
22.551723 -5.0 -14.085715548712415

22.896551 0.0 -17.373270943410642
22.896551 -0.1724138 -17.33474052060543
22.896551 -0.34482759 -17.29784246495588
22.896551 -0.51724136 -17.261644591263472
22.896551 -0.68965518 -17.225549154896253
22.896551 -0.86206895 -17.189087745781592
22.896551 -1.0344827 -17.151489563778675
22.896551 -1.2068965 -17.111278722683174
22.896551 -1.3793104 -17.066137206444733
22.896551 -1.5517242 -17.013107739903287
22.896551 -1.7241379 -16.949072313535638
22.896551 -1.8965517 -16.871374856030357
22.896551 -2.0689654 -16.778403080277098
22.896551 -2.2413793 -16.669914445441368
22.896551 -2.4137931 -16.54697506270967
22.896551 -2.5862069 -16.411564675348195
22.896551 -2.7586207 -16.266056699307278
22.896551 -2.9310346 -16.112778643356613
22.896551 -3.1034484 -15.953750284288535
22.896551 -3.275862 -15.790587228482869
22.896551 -3.4482758 -15.624511720869675
22.896551 -3.6206896 -15.456414808100485
22.896551 -3.7931035 -15.28692890610007
22.896551 -3.9655173 -15.116495444119243
22.896551 -4.1379309 -14.945418655197653
22.896551 -4.3103447 -14.773906081586723
22.896551 -4.4827585 -14.602099315899363
22.896551 -4.6551723 -14.4300941489573
22.896551 -4.8275862 -14.257955215169874
22.896551 -5.0 -14.085726387619344

23.241379 0.0 -17.470566905014685
23.241379 -0.1724138 -17.42239205279077
23.241379 -0.34482759 -17.375571248655824
23.241379 -0.51724136 -17.329258127242564
23.241379 -0.68965518 -17.28309304445668
23.241379 -0.86206895 -17.236988484179353
23.241379 -1.0344827 -17.190580804628908
23.241379 -1.2068965 -17.14268311496343
23.241379 -1.3793104 -17.091073336859694
23.241379 -1.5517242 -17.032719944607976
23.241379 -1.7241379 -16.9643406754202
23.241379 -1.8965517 -16.883105951847604
23.241379 -2.0689654 -16.787266188041695
23.241379 -2.2413793 -16.676482448398172
23.241379 -2.4137931 -16.551746841009454
23.241379 -2.5862069 -16.41496869740688
23.241379 -2.7586207 -16.268447699099912
23.241379 -2.9310346 -16.114437579948632
23.241379 -3.1034484 -15.9548906595391
23.241379 -3.275862 -15.791365849099686
23.241379 -3.4482758 -15.625040791555152
23.241379 -3.6206896 -15.456773103839808
23.241379 -3.7931035 -15.287170987943398
23.241379 -3.9655173 -15.116658746936121
23.241379 -4.1379309 -14.945528696677668
23.241379 -4.3103447 -14.773980178680231
23.241379 -4.4827585 -14.602149184950038
23.241379 -4.6551723 -14.430127700776358
23.241379 -4.8275862 -14.257977783698324
23.241379 -5.0 -14.085741565974802

23.586206 0.0 -17.587427006833142
23.586206 -0.1724138 -17.529994919773234
23.586206 -0.34482759 -17.473142691479374
23.586206 -0.51724136 -17.415962157451087
23.586206 -0.68965518 -17.35832058668696
23.586206 -0.86206895 -17.300643652485807
23.586206 -1.0344827 -17.24321259556527
23.586206 -1.2068965 -17.18538149155002
23.586206 -1.3793104 -17.125208479888094
23.586206 -1.5517242 -17.059679889035074
23.586206 -1.7241379 -16.985372048716876
23.586206 -1.8965517 -16.899271145827132
23.586206 -2.0689654 -16.799470629272196
23.586206 -2.2413793 -16.685514808787786
23.586206 -2.4137931 -16.55829936761405
23.586206 -2.5862069 -16.41963659304388
23.586206 -2.7586207 -16.27172264540747
23.586206 -2.9310346 -16.116707757954646
23.586206 -3.1034484 -15.95645015366187
23.586206 -3.275862 -15.792430113800503
23.586206 -3.4482758 -15.625763707509575
23.586206 -3.6206896 -15.457262557787278
23.586206 -3.7931035 -15.287501632211754
23.586206 -3.9655173 -15.116881766895832
23.586206 -4.1379309 -14.945678967060921
23.586206 -4.3103447 -14.774081358930715
23.586206 -4.4827585 -14.602217279217797
23.586206 -4.6551723 -14.43017351341697
23.586206 -4.8275862 -14.258008598943327
23.586206 -5.0 -14.085762290399122

23.931034 0.0 -17.72188458540615
23.931034 -0.1724138 -17.655066846643376
23.931034 -0.34482759 -17.58851809754088
23.931034 -0.51724136 -17.5207610536512
23.931034 -0.68965518 -17.45144394016653
23.931034 -0.86206895 -17.38125686355989
23.931034 -1.0344827 -17.311165329548764
23.931034 -1.2068965 -17.241325846953238
23.931034 -1.3793104 -17.17038620005603
23.931034 -1.5517242 -17.09557781648994
23.931034 -1.7241379 -17.013455362905866
23.931034 -1.8965517 -16.920866909749563
23.931034 -2.0689654 -16.815758119100806
23.931034 -2.2413793 -16.697547153143542
23.931034 -2.4137931 -16.567010611054133
23.931034 -2.5862069 -16.42583068849783
23.931034 -2.7586207 -16.276061560846824
23.931034 -2.9310346 -16.119711811365747
23.931034 -3.1034484 -15.958511914320605
23.931034 -3.275862 -15.793836229966507
23.931034 -3.4482758 -15.626718392602132
23.931034 -3.6206896 -15.457908726597282
23.931034 -3.7931035 -15.2879380478239
23.931034 -3.9655173 -15.117176085904967
23.931034 -4.1379309 -14.945877258541593
23.931034 -4.3103447 -14.774214863673233
23.931034 -4.4827585 -14.602307123704108
23.931034 -4.6551723 -14.430233957343537
23.931034 -4.8275862 -14.258049254869007
23.931034 -5.0 -14.08578963266913

24.275862 0.0 -17.876221274588318
24.275862 -0.1724138 -17.797321157455716
24.275862 -0.34482759 -17.71935020591897
24.275862 -0.51724136 -17.640381773593607
24.275862 -0.68965518 -17.55947508404808
24.275862 -0.86206895 -17.476907609166304
24.275862 -1.0344827 -17.39373178642723
24.275862 -1.2068965 -17.310712554282233
24.275862 -1.3793104 -17.22727352525992
24.275862 -1.5517242 -17.14121139026126
24.275862 -1.7241379 -17.049324430018192
24.275862 -1.8965517 -16.948483941266655
24.275862 -2.0689654 -16.836566223348797
24.275862 -2.2413793 -16.71288646190074
24.275862 -2.4137931 -16.5780887762586
24.275862 -2.5862069 -16.433689625205904
24.275862 -2.7586207 -16.281556066941377
24.275862 -2.9310346 -16.123510223383914
24.275862 -3.1034484 -15.961115954456512
24.275862 -3.275862 -15.795610753806542
24.275862 -3.4482758 -15.627922528085348
24.275862 -3.6206896 -15.458723414086132
24.275862 -3.7931035 -15.2884881312183
24.275862 -3.9655173 -15.117546994533292
24.275862 -4.1379309 -14.946127119633397
24.275862 -4.3103447 -14.774383074793546
24.275862 -4.4827585 -14.602420318053836
24.275862 -4.6551723 -14.430310107244022
24.275862 -4.8275862 -14.258100473658475
24.275862 -5.0 -14.085824078167596

24.620689 0.0 -18.05211476455164
24.620689 -0.1724138 -17.959564467714507
24.620689 -0.34482759 -17.86706449683781
24.620689 -0.51724136 -17.77369300967176
24.620689 -0.68965518 -17.67902764256216
24.620689 -0.86206895 -17.583247885850145
24.620689 -1.0344827 -17.486937115411013
24.620689 -1.2068965 -17.390615007577008
24.620689 -1.3793104 -17.29399380561301
24.620689 -1.5517242 -17.19544979651543
24.620689 -1.7241379 -17.092285495624747
24.620689 -1.8965517 -16.98166127150349
24.620689 -2.0689654 -16.861560590264734
24.620689 -2.2413793 -16.731278143415743
24.620689 -2.4137931 -16.591338872756104
24.620689 -2.5862069 -16.443066683248954
24.620689 -2.7586207 -16.288098442579198
24.620689 -2.9310346 -16.12802570283715
24.620689 -3.1034484 -15.964207837808326
24.620689 -3.275862 -15.797715877464718
24.620689 -3.4482758 -15.629350118206448
24.620689 -3.6206896 -15.45968887236203
24.620689 -3.7931035 -15.289139824791325
24.620689 -3.9655173 -15.117986328554558
24.620689 -4.1379309 -14.946423034966429
24.620689 -4.3103447 -14.774582272149425
24.620689 -4.4827585 -14.602554355648067
24.620689 -4.6551723 -14.430400275364144
24.620689 -4.8275862 -14.258161119457768
24.620689 -5.0 -14.085864862713755

24.965517 0.0 -18.235265140743905
24.965517 -0.1724138 -18.134347278811454
24.965517 -0.34482759 -18.029462114024508
24.965517 -0.51724136 -17.920737779702485
24.965517 -0.68965518 -17.809452568205963
24.965517 -0.86206895 -17.697453289530706
24.965517 -1.0344827 -17.58613754516062
24.965517 -1.2068965 -17.475850524339666
24.965517 -1.3793104 -17.36587180242759
24.965517 -1.5517242 -17.25453315095858
24.965517 -1.7241379 -17.13947117102202
24.965517 -1.8965517 -17.018256622023706
24.965517 -2.0689654 -16.88915677039521
24.965517 -2.2413793 -16.751563072069068
24.965517 -2.4137931 -16.60592465281971
24.965517 -2.5862069 -16.453367524045557
24.965517 -2.7586207 -16.295272070565776
24.965517 -2.9310346 -16.132969532242573
24.965517 -3.1034484 -15.967589240973227
24.965517 -3.275862 -15.800016254008968
24.965517 -3.4482758 -15.630909223440948
24.965517 -3.6206896 -15.460742851190412
24.965517 -3.7931035 -15.289851075074864
24.965517 -3.9655173 -15.11846572229165
24.965517 -4.1379309 -14.946745891537462
24.965517 -4.3103447 -14.774799586422398
24.965517 -4.4827585 -14.602700575382256
24.965517 -4.6551723 -14.430498634636393
24.965517 -4.8275862 -14.258227272757523
24.965517 -5.0 -14.085909350282908

25.310345 0.0 -18.4050817457486
25.310345 -0.1724138 -18.2993657055757
25.310345 -0.34482759 -18.18816758474756
25.310345 -0.51724136 -18.069820250934107
25.310345 -0.68965518 -17.945080321925925
25.310345 -0.86206895 -17.816877762213537
25.310345 -1.0344827 -17.68868159049127
25.310345 -1.2068965 -17.562499129465838
25.310345 -1.3793104 -17.43810257677633
25.310345 -1.5517242 -17.313642847644054
25.310345 -1.7241379 -17.186648475328333
25.310345 -1.8965517 -17.054843731856185
25.310345 -2.0689654 -16.91672313565154
25.310345 -2.2413793 -16.77179203940736
25.310345 -2.4137931 -16.62044045014358
25.310345 -2.5862069 -16.463598563071734
25.310345 -2.7586207 -16.302384989221093
25.310345 -2.9310346 -16.137864965445235
25.310345 -3.1034484 -15.970934195468155
25.310345 -3.275862 -15.802290192528343
25.310345 -3.4482758 -15.632449625919955
25.310345 -3.6206896 -15.461783818898985
25.310345 -3.7931035 -15.290553374714548
25.310345 -3.9655173 -15.118939004819232
25.310345 -4.1379309 -14.947064596590668
25.310345 -4.3103447 -14.775014090004438
25.310345 -4.4827585 -14.602844896534831
25.310345 -4.6551723 -14.43059571340715
25.310345 -4.8275862 -14.258292563310043
25.310345 -5.0 -14.085953256971925

25.655172 0.0 -18.56465712121587
25.655172 -0.1724138 -18.44616548000959
25.655172 -0.34482759 -18.325423592201513
25.655172 -0.51724136 -18.199678151926165
25.655172 -0.68965518 -18.067417265520625
25.655172 -0.86206895 -17.929272918405317
25.655172 -1.0344827 -17.788023221306144
25.655172 -1.2068965 -17.64696322497622
25.655172 -1.3793104 -17.50775113963864
25.655172 -1.5517242 -17.36970427201079
25.655172 -1.7241379 -17.230732157476794
25.655172 -1.8965517 -17.08864544010929
25.655172 -2.0689654 -16.941976850407002
25.655172 -2.2413793 -16.790206454781053
25.655172 -2.4137931 -16.633590623896936
25.655172 -2.5862069 -16.472833655868538
25.655172 -2.7586207 -16.308788488877155
25.655172 -2.9310346 -16.14226375160416
25.655172 -3.1034484 -15.973935760999524
25.655172 -3.275862 -15.804328783050144
25.655172 -3.4482758 -15.63382971066127
25.655172 -3.6206896 -15.462716037239531
25.655172 -3.7931035 -15.291182117296739
25.655172 -3.9655173 -15.119362631071862
25.655172 -4.1379309 -14.947349824391235
25.655172 -4.3103447 -14.775206044070934
25.655172 -4.4827585 -14.602974038000008
25.655172 -4.6551723 -14.43068257779754
25.655172 -4.8275862 -14.258350982508398
25.655172 -5.0 -14.085992542056298

26.0 0.0 -18.71855686499855
26.0 -0.1724138 -18.5830895614898
26.0 -0.34482759 -18.44585991392102
26.0 -0.51724136 -18.306398094996293
26.0 -0.68965518 -18.164195015892098
26.0 -0.86206895 -18.018797074041064
26.0 -1.0344827 -17.87034766858727
26.0 -1.2068965 -17.720110058338992
26.0 -1.3793104 -17.569769796668222
26.0 -1.5517242 -17.420011258094227
26.0 -1.7241379 -17.270066358451842
26.0 -1.8965517 -17.118472387362125
26.0 -2.0689654 -16.964005494182356
26.0 -2.2413793 -16.806111508374453
26.0 -2.4137931 -16.644861545255775
26.0 -2.5862069 -16.4807037717204
26.0 -2.7586207 -16.314223081060018
26.0 -2.9310346 -16.14598613756298
26.0 -3.1034484 -15.976470662459283
26.0 -3.275862 -15.80604804401123
26.0 -3.4482758 -15.634992516336121
26.0 -3.6206896 -15.463500984196942
26.0 -3.7931035 -15.291711301498083
26.0 -3.9655173 -15.119719073528115
26.0 -4.1379309 -14.947589769814767
26.0 -4.3103447 -14.77536750224302
26.0 -4.4827585 -14.603082652907968
26.0 -4.6551723 -14.43075563100173
26.0 -4.8275862 -14.258400111226878
26.0 -5.0 -14.086025578680305
