# KROME file, XRAY He rate
# Distance = 5 kpc
# Xray rate including primary He ionization in 1/s
# first line indicates the size of the table (30x30)
# then first column is the parameter log10(nH), where nH is the H column density in cm-2
# second column is log10(xHe), where xHe = nHe/nH both in cm-2
# third column is log10(rate), where rate is in units of 1/s
30, 30
16.0 0.0 -18.734278101866924
16.0 -0.1724138 -18.561864301866922
16.0 -0.34482759 -18.389450511866922
16.0 -0.51724136 -18.217036741866924
16.0 -0.68965518 -18.04462292186692
16.0 -0.86206895 -17.872209151866922
16.0 -1.0344827 -17.699795401866922
16.0 -1.2068965 -17.527381601866924
16.0 -1.3793104 -17.354967701866922
16.0 -1.5517242 -17.18255390186692
16.0 -1.7241379 -17.01014020186692
16.0 -1.8965517 -16.837726401866924
16.0 -2.0689654 -16.665312701866924
16.0 -2.2413793 -16.49289880186692
16.0 -2.4137931 -16.320485001866924
16.0 -2.5862069 -16.148071201866923
16.0 -2.7586207 -15.975657401866922
16.0 -2.9310346 -15.803243501866922
16.0 -3.1034484 -15.630829701866922
16.0 -3.275862 -15.458416101866922
16.0 -3.4482758 -15.286002301866922
16.0 -3.6206896 -15.113588501866921
16.0 -3.7931035 -14.941174601866921
16.0 -3.9655173 -14.768760801866922
16.0 -4.1379309 -14.596347201866921
16.0 -4.3103447 -14.423933401866922
16.0 -4.4827585 -14.251519601866923
16.0 -4.6551723 -14.079105801866922
16.0 -4.8275862 -13.906691901866923
16.0 -5.0 -13.734278101866922

16.344828 0.0 -18.734278101866924
16.344828 -0.1724138 -18.561864301866922
16.344828 -0.34482759 -18.389450511866922
16.344828 -0.51724136 -18.217036741866924
16.344828 -0.68965518 -18.04462292186692
16.344828 -0.86206895 -17.872209151866922
16.344828 -1.0344827 -17.699795401866922
16.344828 -1.2068965 -17.527381601866924
16.344828 -1.3793104 -17.354967701866922
16.344828 -1.5517242 -17.18255390186692
16.344828 -1.7241379 -17.01014020186692
16.344828 -1.8965517 -16.837726401866924
16.344828 -2.0689654 -16.665312701866924
16.344828 -2.2413793 -16.49289880186692
16.344828 -2.4137931 -16.320485001866924
16.344828 -2.5862069 -16.148071201866923
16.344828 -2.7586207 -15.975657401866922
16.344828 -2.9310346 -15.803243501866922
16.344828 -3.1034484 -15.630829701866922
16.344828 -3.275862 -15.458416101866922
16.344828 -3.4482758 -15.286002301866922
16.344828 -3.6206896 -15.113588501866921
16.344828 -3.7931035 -14.941174601866921
16.344828 -3.9655173 -14.768760801866922
16.344828 -4.1379309 -14.596347201866921
16.344828 -4.3103447 -14.423933401866922
16.344828 -4.4827585 -14.251519601866923
16.344828 -4.6551723 -14.079105801866922
16.344828 -4.8275862 -13.906691901866923
16.344828 -5.0 -13.734278101866922

16.689655 0.0 -18.734278101866924
16.689655 -0.1724138 -18.561864301866922
16.689655 -0.34482759 -18.389450511866922
16.689655 -0.51724136 -18.217036741866924
16.689655 -0.68965518 -18.04462292186692
16.689655 -0.86206895 -17.872209151866922
16.689655 -1.0344827 -17.699795401866922
16.689655 -1.2068965 -17.527381601866924
16.689655 -1.3793104 -17.354967701866922
16.689655 -1.5517242 -17.18255390186692
16.689655 -1.7241379 -17.01014020186692
16.689655 -1.8965517 -16.837726401866924
16.689655 -2.0689654 -16.665312701866924
16.689655 -2.2413793 -16.49289880186692
16.689655 -2.4137931 -16.320485001866924
16.689655 -2.5862069 -16.148071201866923
16.689655 -2.7586207 -15.975657401866922
16.689655 -2.9310346 -15.803243501866922
16.689655 -3.1034484 -15.630829701866922
16.689655 -3.275862 -15.458416101866922
16.689655 -3.4482758 -15.286002301866922
16.689655 -3.6206896 -15.113588501866921
16.689655 -3.7931035 -14.941174601866921
16.689655 -3.9655173 -14.768760801866922
16.689655 -4.1379309 -14.596347201866921
16.689655 -4.3103447 -14.423933401866922
16.689655 -4.4827585 -14.251519601866923
16.689655 -4.6551723 -14.079105801866922
16.689655 -4.8275862 -13.906691901866923
16.689655 -5.0 -13.734278101866922

17.034483 0.0 -18.734278101866924
17.034483 -0.1724138 -18.561864301866922
17.034483 -0.34482759 -18.389450511866922
17.034483 -0.51724136 -18.217036741866924
17.034483 -0.68965518 -18.044622921866925
17.034483 -0.86206895 -17.872209151866922
17.034483 -1.0344827 -17.699795401866922
17.034483 -1.2068965 -17.527381601866924
17.034483 -1.3793104 -17.354967701866922
17.034483 -1.5517242 -17.18255390186692
17.034483 -1.7241379 -17.01014020186692
17.034483 -1.8965517 -16.837726401866924
17.034483 -2.0689654 -16.665312701866924
17.034483 -2.2413793 -16.49289880186692
17.034483 -2.4137931 -16.320485001866924
17.034483 -2.5862069 -16.148071201866923
17.034483 -2.7586207 -15.975657401866922
17.034483 -2.9310346 -15.803243501866922
17.034483 -3.1034484 -15.630829701866922
17.034483 -3.275862 -15.458416101866922
17.034483 -3.4482758 -15.286002301866922
17.034483 -3.6206896 -15.113588501866921
17.034483 -3.7931035 -14.941174601866921
17.034483 -3.9655173 -14.768760801866922
17.034483 -4.1379309 -14.596347201866921
17.034483 -4.3103447 -14.423933401866922
17.034483 -4.4827585 -14.251519601866923
17.034483 -4.6551723 -14.079105801866922
17.034483 -4.8275862 -13.906691901866923
17.034483 -5.0 -13.734278101866922

17.379311 0.0 -18.734278101866924
17.379311 -0.1724138 -18.561864301866922
17.379311 -0.34482759 -18.389450511866922
17.379311 -0.51724136 -18.217036741866924
17.379311 -0.68965518 -18.044622921866925
17.379311 -0.86206895 -17.872209151866922
17.379311 -1.0344827 -17.699795401866922
17.379311 -1.2068965 -17.527381601866924
17.379311 -1.3793104 -17.354967701866922
17.379311 -1.5517242 -17.18255390186692
17.379311 -1.7241379 -17.01014020186692
17.379311 -1.8965517 -16.837726401866924
17.379311 -2.0689654 -16.665312701866924
17.379311 -2.2413793 -16.49289880186692
17.379311 -2.4137931 -16.320485001866924
17.379311 -2.5862069 -16.148071201866923
17.379311 -2.7586207 -15.975657401866922
17.379311 -2.9310346 -15.803243501866922
17.379311 -3.1034484 -15.630829701866922
17.379311 -3.275862 -15.458416101866922
17.379311 -3.4482758 -15.286002301866922
17.379311 -3.6206896 -15.113588501866921
17.379311 -3.7931035 -14.941174601866921
17.379311 -3.9655173 -14.768760801866923
17.379311 -4.1379309 -14.596347201866921
17.379311 -4.3103447 -14.423933401866922
17.379311 -4.4827585 -14.251519601866924
17.379311 -4.6551723 -14.079105801866922
17.379311 -4.8275862 -13.906691901866923
17.379311 -5.0 -13.734278101866922

17.724138 0.0 -18.734278101866924
17.724138 -0.1724138 -18.561864301866922
17.724138 -0.34482759 -18.389450511866922
17.724138 -0.51724136 -18.217036741866924
17.724138 -0.68965518 -18.044622921866925
17.724138 -0.86206895 -17.872209151866922
17.724138 -1.0344827 -17.699795401866922
17.724138 -1.2068965 -17.527381601866924
17.724138 -1.3793104 -17.354967701866922
17.724138 -1.5517242 -17.182553901866925
17.724138 -1.7241379 -17.010140201866925
17.724138 -1.8965517 -16.837726401866924
17.724138 -2.0689654 -16.665312701866924
17.724138 -2.2413793 -16.49289880186692
17.724138 -2.4137931 -16.320485001866924
17.724138 -2.5862069 -16.148071201866923
17.724138 -2.7586207 -15.975657401866922
17.724138 -2.9310346 -15.803243501866922
17.724138 -3.1034484 -15.630829701866922
17.724138 -3.275862 -15.458416101866922
17.724138 -3.4482758 -15.286002301866922
17.724138 -3.6206896 -15.113588501866921
17.724138 -3.7931035 -14.941174601866921
17.724138 -3.9655173 -14.768760801866922
17.724138 -4.1379309 -14.596347201866921
17.724138 -4.3103447 -14.423933401866922
17.724138 -4.4827585 -14.251519601866923
17.724138 -4.6551723 -14.079105801866922
17.724138 -4.8275862 -13.906691901866923
17.724138 -5.0 -13.734278101866922

18.068966 0.0 -18.734278101866924
18.068966 -0.1724138 -18.561864301866922
18.068966 -0.34482759 -18.389450511866922
18.068966 -0.51724136 -18.217036741866924
18.068966 -0.68965518 -18.044622921866925
18.068966 -0.86206895 -17.872209151866922
18.068966 -1.0344827 -17.699795401866922
18.068966 -1.2068965 -17.527381601866924
18.068966 -1.3793104 -17.354967701866922
18.068966 -1.5517242 -17.182553901866925
18.068966 -1.7241379 -17.010140201866925
18.068966 -1.8965517 -16.837726401866924
18.068966 -2.0689654 -16.665312701866924
18.068966 -2.2413793 -16.49289880186692
18.068966 -2.4137931 -16.320485001866924
18.068966 -2.5862069 -16.148071201866923
18.068966 -2.7586207 -15.975657401866922
18.068966 -2.9310346 -15.803243501866922
18.068966 -3.1034484 -15.630829701866922
18.068966 -3.275862 -15.458416101866922
18.068966 -3.4482758 -15.286002301866922
18.068966 -3.6206896 -15.113588501866921
18.068966 -3.7931035 -14.941174601866921
18.068966 -3.9655173 -14.768760801866922
18.068966 -4.1379309 -14.596347201866921
18.068966 -4.3103447 -14.423933401866922
18.068966 -4.4827585 -14.251519601866923
18.068966 -4.6551723 -14.079105801866922
18.068966 -4.8275862 -13.906691901866923
18.068966 -5.0 -13.734278101866922

18.413794 0.0 -18.734278101866924
18.413794 -0.1724138 -18.561864301866922
18.413794 -0.34482759 -18.389450511866922
18.413794 -0.51724136 -18.217036741866924
18.413794 -0.68965518 -18.044622921866925
18.413794 -0.86206895 -17.872209151866922
18.413794 -1.0344827 -17.699795401866922
18.413794 -1.2068965 -17.527381601866924
18.413794 -1.3793104 -17.354967701866922
18.413794 -1.5517242 -17.182553901866925
18.413794 -1.7241379 -17.010140201866925
18.413794 -1.8965517 -16.837726401866924
18.413794 -2.0689654 -16.665312701866924
18.413794 -2.2413793 -16.49289880186692
18.413794 -2.4137931 -16.320485001866924
18.413794 -2.5862069 -16.148071201866923
18.413794 -2.7586207 -15.975657401866922
18.413794 -2.9310346 -15.803243501866922
18.413794 -3.1034484 -15.630829701866922
18.413794 -3.275862 -15.458416101866922
18.413794 -3.4482758 -15.286002301866922
18.413794 -3.6206896 -15.113588501866921
18.413794 -3.7931035 -14.941174601866921
18.413794 -3.9655173 -14.768760801866922
18.413794 -4.1379309 -14.596347201866921
18.413794 -4.3103447 -14.423933401866922
18.413794 -4.4827585 -14.251519601866923
18.413794 -4.6551723 -14.079105801866922
18.413794 -4.8275862 -13.906691901866923
18.413794 -5.0 -13.734278101866922

18.758621 0.0 -18.734278101866924
18.758621 -0.1724138 -18.561864301866922
18.758621 -0.34482759 -18.389450511866922
18.758621 -0.51724136 -18.217036741866924
18.758621 -0.68965518 -18.044622921866925
18.758621 -0.86206895 -17.872209151866922
18.758621 -1.0344827 -17.699795401866922
18.758621 -1.2068965 -17.527381601866924
18.758621 -1.3793104 -17.354967701866922
18.758621 -1.5517242 -17.182553901866925
18.758621 -1.7241379 -17.010140201866925
18.758621 -1.8965517 -16.837726401866924
18.758621 -2.0689654 -16.665312701866924
18.758621 -2.2413793 -16.49289880186692
18.758621 -2.4137931 -16.320485001866924
18.758621 -2.5862069 -16.148071201866923
18.758621 -2.7586207 -15.975657401866924
18.758621 -2.9310346 -15.803243501866922
18.758621 -3.1034484 -15.630829701866922
18.758621 -3.275862 -15.458416101866922
18.758621 -3.4482758 -15.286002301866922
18.758621 -3.6206896 -15.113588501866921
18.758621 -3.7931035 -14.941174601866921
18.758621 -3.9655173 -14.768760801866922
18.758621 -4.1379309 -14.596347201866921
18.758621 -4.3103447 -14.423933401866922
18.758621 -4.4827585 -14.251519601866923
18.758621 -4.6551723 -14.079105801866922
18.758621 -4.8275862 -13.906691901866923
18.758621 -5.0 -13.734278101866922

19.103449 0.0 -18.734278101866924
19.103449 -0.1724138 -18.561864301866922
19.103449 -0.34482759 -18.389450511866922
19.103449 -0.51724136 -18.217036741866924
19.103449 -0.68965518 -18.044622921866925
19.103449 -0.86206895 -17.872209151866922
19.103449 -1.0344827 -17.699795401866922
19.103449 -1.2068965 -17.527381601866924
19.103449 -1.3793104 -17.354967701866922
19.103449 -1.5517242 -17.182553901866925
19.103449 -1.7241379 -17.010140201866925
19.103449 -1.8965517 -16.837726401866924
19.103449 -2.0689654 -16.665312701866924
19.103449 -2.2413793 -16.49289880186692
19.103449 -2.4137931 -16.320485001866924
19.103449 -2.5862069 -16.148071201866923
19.103449 -2.7586207 -15.975657401866924
19.103449 -2.9310346 -15.803243501866922
19.103449 -3.1034484 -15.63082970186692
19.103449 -3.275862 -15.458416101866922
19.103449 -3.4482758 -15.286002301866922
19.103449 -3.6206896 -15.113588501866921
19.103449 -3.7931035 -14.941174601866921
19.103449 -3.9655173 -14.768760801866922
19.103449 -4.1379309 -14.596347201866921
19.103449 -4.3103447 -14.423933401866922
19.103449 -4.4827585 -14.251519601866923
19.103449 -4.6551723 -14.079105801866922
19.103449 -4.8275862 -13.906691901866923
19.103449 -5.0 -13.734278101866922

19.448277 0.0 -18.734278101866924
19.448277 -0.1724138 -18.561864301866922
19.448277 -0.34482759 -18.389450511866922
19.448277 -0.51724136 -18.217036741866924
19.448277 -0.68965518 -18.044622921866925
19.448277 -0.86206895 -17.872209151866922
19.448277 -1.0344827 -17.699795401866922
19.448277 -1.2068965 -17.527381601866924
19.448277 -1.3793104 -17.354967701866922
19.448277 -1.5517242 -17.182553901866925
19.448277 -1.7241379 -17.010140201866925
19.448277 -1.8965517 -16.837726401866924
19.448277 -2.0689654 -16.665312701866924
19.448277 -2.2413793 -16.49289880186692
19.448277 -2.4137931 -16.320485001866924
19.448277 -2.5862069 -16.148071201866923
19.448277 -2.7586207 -15.975657401866924
19.448277 -2.9310346 -15.803243501866922
19.448277 -3.1034484 -15.63082970186692
19.448277 -3.275862 -15.458416101866922
19.448277 -3.4482758 -15.28600230186692
19.448277 -3.6206896 -15.113588501866921
19.448277 -3.7931035 -14.941174601866921
19.448277 -3.9655173 -14.768760801866922
19.448277 -4.1379309 -14.596347201866921
19.448277 -4.3103447 -14.423933401866922
19.448277 -4.4827585 -14.251519601866923
19.448277 -4.6551723 -14.079105801866922
19.448277 -4.8275862 -13.906691901866923
19.448277 -5.0 -13.734278101866922

19.793104 0.0 -18.734278101866924
19.793104 -0.1724138 -18.561864301866922
19.793104 -0.34482759 -18.389450511866922
19.793104 -0.51724136 -18.217036741866924
19.793104 -0.68965518 -18.044622921866925
19.793104 -0.86206895 -17.872209151866922
19.793104 -1.0344827 -17.699795401866922
19.793104 -1.2068965 -17.527381601866924
19.793104 -1.3793104 -17.354967701866922
19.793104 -1.5517242 -17.182553901866925
19.793104 -1.7241379 -17.010140201866925
19.793104 -1.8965517 -16.837726401866924
19.793104 -2.0689654 -16.665312701866924
19.793104 -2.2413793 -16.492898801866925
19.793104 -2.4137931 -16.320485001866924
19.793104 -2.5862069 -16.148071201866923
19.793104 -2.7586207 -15.97565740186692
19.793104 -2.9310346 -15.803243501866922
19.793104 -3.1034484 -15.63082970186692
19.793104 -3.275862 -15.458416101866922
19.793104 -3.4482758 -15.28600230186692
19.793104 -3.6206896 -15.113588501866923
19.793104 -3.7931035 -14.941174601866921
19.793104 -3.9655173 -14.768760801866922
19.793104 -4.1379309 -14.596347201866921
19.793104 -4.3103447 -14.423933401866922
19.793104 -4.4827585 -14.251519601866923
19.793104 -4.6551723 -14.079105801866922
19.793104 -4.8275862 -13.906691901866923
19.793104 -5.0 -13.734278101866922

20.137932 0.0 -18.734278101866924
20.137932 -0.1724138 -18.561864301866922
20.137932 -0.34482759 -18.389450511866922
20.137932 -0.51724136 -18.217036741866924
20.137932 -0.68965518 -18.044622921866925
20.137932 -0.86206895 -17.872209151866922
20.137932 -1.0344827 -17.699795401866922
20.137932 -1.2068965 -17.527381601866924
20.137932 -1.3793104 -17.354967701866922
20.137932 -1.5517242 -17.182553901866925
20.137932 -1.7241379 -17.010140201866925
20.137932 -1.8965517 -16.837726401866924
20.137932 -2.0689654 -16.665312701866924
20.137932 -2.2413793 -16.492898801866925
20.137932 -2.4137931 -16.320485001866924
20.137932 -2.5862069 -16.148071201866923
20.137932 -2.7586207 -15.97565740186692
20.137932 -2.9310346 -15.803243501866922
20.137932 -3.1034484 -15.63082970186692
20.137932 -3.275862 -15.458416101866922
20.137932 -3.4482758 -15.28600230186692
20.137932 -3.6206896 -15.113588501866923
20.137932 -3.7931035 -14.941174601866921
20.137932 -3.9655173 -14.76876080186692
20.137932 -4.1379309 -14.596347201866921
20.137932 -4.3103447 -14.423933401866922
20.137932 -4.4827585 -14.251519601866923
20.137932 -4.6551723 -14.079105801866922
20.137932 -4.8275862 -13.906691901866923
20.137932 -5.0 -13.734278101866922

20.482758 0.0 -18.734278101866924
20.482758 -0.1724138 -18.561864301866922
20.482758 -0.34482759 -18.389450511866922
20.482758 -0.51724136 -18.217036741866924
20.482758 -0.68965518 -18.044622921866925
20.482758 -0.86206895 -17.872209151866922
20.482758 -1.0344827 -17.699795401866922
20.482758 -1.2068965 -17.527381601866924
20.482758 -1.3793104 -17.354967701866922
20.482758 -1.5517242 -17.182553901866925
20.482758 -1.7241379 -17.010140201866925
20.482758 -1.8965517 -16.837726401866924
20.482758 -2.0689654 -16.665312701866924
20.482758 -2.2413793 -16.49289880186692
20.482758 -2.4137931 -16.320485001866924
20.482758 -2.5862069 -16.148071201866923
20.482758 -2.7586207 -15.975657401866924
20.482758 -2.9310346 -15.803243501866922
20.482758 -3.1034484 -15.630829701866922
20.482758 -3.275862 -15.458416101866922
20.482758 -3.4482758 -15.28600230186692
20.482758 -3.6206896 -15.113588501866923
20.482758 -3.7931035 -14.941174601866921
20.482758 -3.9655173 -14.768760801866925
20.482758 -4.1379309 -14.596347201866921
20.482758 -4.3103447 -14.423933401866925
20.482758 -4.4827585 -14.251519601866923
20.482758 -4.6551723 -14.079105801866922
20.482758 -4.8275862 -13.906691901866923
20.482758 -5.0 -13.734278101866922

20.827587 0.0 -18.734278101866924
20.827587 -0.1724138 -18.561864301866922
20.827587 -0.34482759 -18.389450511866922
20.827587 -0.51724136 -18.217036741866924
20.827587 -0.68965518 -18.044622921866925
20.827587 -0.86206895 -17.872209151866922
20.827587 -1.0344827 -17.699795401866922
20.827587 -1.2068965 -17.527381601866924
20.827587 -1.3793104 -17.354967701866922
20.827587 -1.5517242 -17.182553901866925
20.827587 -1.7241379 -17.010140201866925
20.827587 -1.8965517 -16.837726401866924
20.827587 -2.0689654 -16.665312701866924
20.827587 -2.2413793 -16.492898801866925
20.827587 -2.4137931 -16.320485001866924
20.827587 -2.5862069 -16.148071201866923
20.827587 -2.7586207 -15.97565740186692
20.827587 -2.9310346 -15.803243501866922
20.827587 -3.1034484 -15.63082970186692
20.827587 -3.275862 -15.458416101866922
20.827587 -3.4482758 -15.28600230186692
20.827587 -3.6206896 -15.113588501866923
20.827587 -3.7931035 -14.941174601866921
20.827587 -3.9655173 -14.76876080186692
20.827587 -4.1379309 -14.596347201866921
20.827587 -4.3103447 -14.42393340186692
20.827587 -4.4827585 -14.251519601866923
20.827587 -4.6551723 -14.079105801866922
20.827587 -4.8275862 -13.906691901866923
20.827587 -5.0 -13.734278101866922

21.172413 0.0 -18.734278101866924
21.172413 -0.1724138 -18.561864301866922
21.172413 -0.34482759 -18.389450511866922
21.172413 -0.51724136 -18.217036741866924
21.172413 -0.68965518 -18.044622921866925
21.172413 -0.86206895 -17.872209151866922
21.172413 -1.0344827 -17.699795401866922
21.172413 -1.2068965 -17.527381601866924
21.172413 -1.3793104 -17.354967701866922
21.172413 -1.5517242 -17.182553901866925
21.172413 -1.7241379 -17.010140201866925
21.172413 -1.8965517 -16.837726401866924
21.172413 -2.0689654 -16.665312701866924
21.172413 -2.2413793 -16.492898801866925
21.172413 -2.4137931 -16.320485001866924
21.172413 -2.5862069 -16.148071201866923
21.172413 -2.7586207 -15.97565740186692
21.172413 -2.9310346 -15.803243501866922
21.172413 -3.1034484 -15.63082970186692
21.172413 -3.275862 -15.458416101866922
21.172413 -3.4482758 -15.28600230186692
21.172413 -3.6206896 -15.113588501866923
21.172413 -3.7931035 -14.941174601866921
21.172413 -3.9655173 -14.76876080186692
21.172413 -4.1379309 -14.596347201866921
21.172413 -4.3103447 -14.42393340186692
21.172413 -4.4827585 -14.251519601866923
21.172413 -4.6551723 -14.079105801866922
21.172413 -4.8275862 -13.906691901866923
21.172413 -5.0 -13.734278101866922

21.517242 0.0 -18.734278101866924
21.517242 -0.1724138 -18.561864301866922
21.517242 -0.34482759 -18.389450511866922
21.517242 -0.51724136 -18.217036741866924
21.517242 -0.68965518 -18.044622921866925
21.517242 -0.86206895 -17.872209151866922
21.517242 -1.0344827 -17.699795401866922
21.517242 -1.2068965 -17.527381601866924
21.517242 -1.3793104 -17.354967701866922
21.517242 -1.5517242 -17.182553901866925
21.517242 -1.7241379 -17.010140201866925
21.517242 -1.8965517 -16.837726401866924
21.517242 -2.0689654 -16.665312701866924
21.517242 -2.2413793 -16.49289880186692
21.517242 -2.4137931 -16.320485001866924
21.517242 -2.5862069 -16.148071201866923
21.517242 -2.7586207 -15.975657401866924
21.517242 -2.9310346 -15.803243501866922
21.517242 -3.1034484 -15.63082970186692
21.517242 -3.275862 -15.458416101866922
21.517242 -3.4482758 -15.28600230186692
21.517242 -3.6206896 -15.113588501866923
21.517242 -3.7931035 -14.941174601866921
21.517242 -3.9655173 -14.768760801866923
21.517242 -4.1379309 -14.596347201866921
21.517242 -4.3103447 -14.423933401866925
21.517242 -4.4827585 -14.251519601866923
21.517242 -4.6551723 -14.079105801866922
21.517242 -4.8275862 -13.906691901866923
21.517242 -5.0 -13.734278101866922

21.862068 0.0 -18.734278101866924
21.862068 -0.1724138 -18.561864301866922
21.862068 -0.34482759 -18.389450511866922
21.862068 -0.51724136 -18.217036741866924
21.862068 -0.68965518 -18.044622921866925
21.862068 -0.86206895 -17.872209151866922
21.862068 -1.0344827 -17.699795401866922
21.862068 -1.2068965 -17.527381601866924
21.862068 -1.3793104 -17.354967701866922
21.862068 -1.5517242 -17.182553901866925
21.862068 -1.7241379 -17.010140201866925
21.862068 -1.8965517 -16.837726401866924
21.862068 -2.0689654 -16.665312701866924
21.862068 -2.2413793 -16.492898801866925
21.862068 -2.4137931 -16.320485001866924
21.862068 -2.5862069 -16.148071201866923
21.862068 -2.7586207 -15.97565740186692
21.862068 -2.9310346 -15.803243501866922
21.862068 -3.1034484 -15.63082970186692
21.862068 -3.275862 -15.458416101866922
21.862068 -3.4482758 -15.28600230186692
21.862068 -3.6206896 -15.113588501866923
21.862068 -3.7931035 -14.941174601866921
21.862068 -3.9655173 -14.76876080186692
21.862068 -4.1379309 -14.596347201866921
21.862068 -4.3103447 -14.42393340186692
21.862068 -4.4827585 -14.251519601866923
21.862068 -4.6551723 -14.079105801866922
21.862068 -4.8275862 -13.906691901866923
21.862068 -5.0 -13.734278101866922

22.206898 0.0 -18.734278101866924
22.206898 -0.1724138 -18.561864301866922
22.206898 -0.34482759 -18.389450511866922
22.206898 -0.51724136 -18.217036741866924
22.206898 -0.68965518 -18.044622921866925
22.206898 -0.86206895 -17.872209151866922
22.206898 -1.0344827 -17.699795401866922
22.206898 -1.2068965 -17.527381601866924
22.206898 -1.3793104 -17.354967701866922
22.206898 -1.5517242 -17.182553901866925
22.206898 -1.7241379 -17.010140201866925
22.206898 -1.8965517 -16.837726401866924
22.206898 -2.0689654 -16.665312701866924
22.206898 -2.2413793 -16.49289880186692
22.206898 -2.4137931 -16.320485001866924
22.206898 -2.5862069 -16.148071201866923
22.206898 -2.7586207 -15.975657401866924
22.206898 -2.9310346 -15.803243501866922
22.206898 -3.1034484 -15.63082970186692
22.206898 -3.275862 -15.458416101866922
22.206898 -3.4482758 -15.28600230186692
22.206898 -3.6206896 -15.113588501866923
22.206898 -3.7931035 -14.941174601866921
22.206898 -3.9655173 -14.768760801866923
22.206898 -4.1379309 -14.596347201866921
22.206898 -4.3103447 -14.423933401866924
22.206898 -4.4827585 -14.251519601866923
22.206898 -4.6551723 -14.079105801866922
22.206898 -4.8275862 -13.906691901866923
22.206898 -5.0 -13.734278101866922

22.551723 0.0 -18.734278101866924
22.551723 -0.1724138 -18.561864301866922
22.551723 -0.34482759 -18.389450511866922
22.551723 -0.51724136 -18.217036741866924
22.551723 -0.68965518 -18.044622921866925
22.551723 -0.86206895 -17.872209151866922
22.551723 -1.0344827 -17.699795401866922
22.551723 -1.2068965 -17.527381601866924
22.551723 -1.3793104 -17.354967701866922
22.551723 -1.5517242 -17.182553901866925
22.551723 -1.7241379 -17.010140201866925
22.551723 -1.8965517 -16.837726401866924
22.551723 -2.0689654 -16.665312701866924
22.551723 -2.2413793 -16.49289880186692
22.551723 -2.4137931 -16.320485001866924
22.551723 -2.5862069 -16.148071201866923
22.551723 -2.7586207 -15.975657401866924
22.551723 -2.9310346 -15.803243501866922
22.551723 -3.1034484 -15.63082970186692
22.551723 -3.275862 -15.458416101866922
22.551723 -3.4482758 -15.28600230186692
22.551723 -3.6206896 -15.113588501866923
22.551723 -3.7931035 -14.941174601866921
22.551723 -3.9655173 -14.768760801866923
22.551723 -4.1379309 -14.596347201866921
22.551723 -4.3103447 -14.423933401866924
22.551723 -4.4827585 -14.251519601866923
22.551723 -4.6551723 -14.079105801866922
22.551723 -4.8275862 -13.906691901866923
22.551723 -5.0 -13.734278101866922

22.896551 0.0 -18.734278101866924
22.896551 -0.1724138 -18.561864301866922
22.896551 -0.34482759 -18.389450511866922
22.896551 -0.51724136 -18.217036741866924
22.896551 -0.68965518 -18.044622921866925
22.896551 -0.86206895 -17.872209151866922
22.896551 -1.0344827 -17.699795401866922
22.896551 -1.2068965 -17.527381601866924
22.896551 -1.3793104 -17.354967701866922
22.896551 -1.5517242 -17.182553901866925
22.896551 -1.7241379 -17.010140201866925
22.896551 -1.8965517 -16.837726401866924
22.896551 -2.0689654 -16.665312701866924
22.896551 -2.2413793 -16.49289880186692
22.896551 -2.4137931 -16.320485001866924
22.896551 -2.5862069 -16.148071201866923
22.896551 -2.7586207 -15.975657401866924
22.896551 -2.9310346 -15.803243501866922
22.896551 -3.1034484 -15.63082970186692
22.896551 -3.275862 -15.458416101866922
22.896551 -3.4482758 -15.28600230186692
22.896551 -3.6206896 -15.113588501866923
22.896551 -3.7931035 -14.941174601866921
22.896551 -3.9655173 -14.768760801866923
22.896551 -4.1379309 -14.596347201866921
22.896551 -4.3103447 -14.423933401866924
22.896551 -4.4827585 -14.251519601866923
22.896551 -4.6551723 -14.079105801866922
22.896551 -4.8275862 -13.906691901866923
22.896551 -5.0 -13.734278101866922

23.241379 0.0 -18.734278101866924
23.241379 -0.1724138 -18.561864301866922
23.241379 -0.34482759 -18.389450511866922
23.241379 -0.51724136 -18.217036741866924
23.241379 -0.68965518 -18.044622921866925
23.241379 -0.86206895 -17.872209151866922
23.241379 -1.0344827 -17.699795401866922
23.241379 -1.2068965 -17.527381601866924
23.241379 -1.3793104 -17.354967701866922
23.241379 -1.5517242 -17.182553901866925
23.241379 -1.7241379 -17.010140201866925
23.241379 -1.8965517 -16.837726401866924
23.241379 -2.0689654 -16.665312701866924
23.241379 -2.2413793 -16.49289880186692
23.241379 -2.4137931 -16.320485001866924
23.241379 -2.5862069 -16.148071201866923
23.241379 -2.7586207 -15.975657401866924
23.241379 -2.9310346 -15.803243501866922
23.241379 -3.1034484 -15.63082970186692
23.241379 -3.275862 -15.458416101866922
23.241379 -3.4482758 -15.28600230186692
23.241379 -3.6206896 -15.113588501866923
23.241379 -3.7931035 -14.941174601866921
23.241379 -3.9655173 -14.768760801866923
23.241379 -4.1379309 -14.596347201866921
23.241379 -4.3103447 -14.423933401866924
23.241379 -4.4827585 -14.251519601866924
23.241379 -4.6551723 -14.079105801866922
23.241379 -4.8275862 -13.906691901866923
23.241379 -5.0 -13.734278101866922

23.586206 0.0 -18.734278101866924
23.586206 -0.1724138 -18.561864301866922
23.586206 -0.34482759 -18.389450511866922
23.586206 -0.51724136 -18.217036741866924
23.586206 -0.68965518 -18.044622921866925
23.586206 -0.86206895 -17.872209151866922
23.586206 -1.0344827 -17.699795401866922
23.586206 -1.2068965 -17.527381601866924
23.586206 -1.3793104 -17.354967701866922
23.586206 -1.5517242 -17.182553901866925
23.586206 -1.7241379 -17.010140201866925
23.586206 -1.8965517 -16.837726401866924
23.586206 -2.0689654 -16.665312701866924
23.586206 -2.2413793 -16.49289880186692
23.586206 -2.4137931 -16.320485001866924
23.586206 -2.5862069 -16.148071201866923
23.586206 -2.7586207 -15.975657401866924
23.586206 -2.9310346 -15.803243501866922
23.586206 -3.1034484 -15.63082970186692
23.586206 -3.275862 -15.458416101866922
23.586206 -3.4482758 -15.28600230186692
23.586206 -3.6206896 -15.113588501866923
23.586206 -3.7931035 -14.941174601866921
23.586206 -3.9655173 -14.768760801866923
23.586206 -4.1379309 -14.596347201866921
23.586206 -4.3103447 -14.423933401866924
23.586206 -4.4827585 -14.251519601866923
23.586206 -4.6551723 -14.079105801866922
23.586206 -4.8275862 -13.906691901866923
23.586206 -5.0 -13.734278101866922

23.931034 0.0 -18.734278101866924
23.931034 -0.1724138 -18.561864301866922
23.931034 -0.34482759 -18.389450511866922
23.931034 -0.51724136 -18.217036741866924
23.931034 -0.68965518 -18.044622921866925
23.931034 -0.86206895 -17.872209151866922
23.931034 -1.0344827 -17.699795401866922
23.931034 -1.2068965 -17.527381601866924
23.931034 -1.3793104 -17.354967701866922
23.931034 -1.5517242 -17.182553901866925
23.931034 -1.7241379 -17.010140201866925
23.931034 -1.8965517 -16.837726401866924
23.931034 -2.0689654 -16.665312701866924
23.931034 -2.2413793 -16.49289880186692
23.931034 -2.4137931 -16.320485001866924
23.931034 -2.5862069 -16.148071201866923
23.931034 -2.7586207 -15.975657401866924
23.931034 -2.9310346 -15.803243501866922
23.931034 -3.1034484 -15.63082970186692
23.931034 -3.275862 -15.458416101866922
23.931034 -3.4482758 -15.28600230186692
23.931034 -3.6206896 -15.113588501866923
23.931034 -3.7931035 -14.941174601866921
23.931034 -3.9655173 -14.768760801866923
23.931034 -4.1379309 -14.596347201866921
23.931034 -4.3103447 -14.423933401866924
23.931034 -4.4827585 -14.251519601866923
23.931034 -4.6551723 -14.079105801866922
23.931034 -4.8275862 -13.906691901866923
23.931034 -5.0 -13.734278101866922

24.275862 0.0 -18.734278101866924
24.275862 -0.1724138 -18.561864301866922
24.275862 -0.34482759 -18.389450511866922
24.275862 -0.51724136 -18.217036741866924
24.275862 -0.68965518 -18.044622921866925
24.275862 -0.86206895 -17.872209151866922
24.275862 -1.0344827 -17.699795401866922
24.275862 -1.2068965 -17.527381601866924
24.275862 -1.3793104 -17.354967701866922
24.275862 -1.5517242 -17.182553901866925
24.275862 -1.7241379 -17.010140201866925
24.275862 -1.8965517 -16.837726401866924
24.275862 -2.0689654 -16.665312701866924
24.275862 -2.2413793 -16.49289880186692
24.275862 -2.4137931 -16.320485001866924
24.275862 -2.5862069 -16.148071201866923
24.275862 -2.7586207 -15.975657401866924
24.275862 -2.9310346 -15.803243501866922
24.275862 -3.1034484 -15.63082970186692
24.275862 -3.275862 -15.458416101866922
24.275862 -3.4482758 -15.28600230186692
24.275862 -3.6206896 -15.113588501866923
24.275862 -3.7931035 -14.941174601866921
24.275862 -3.9655173 -14.768760801866923
24.275862 -4.1379309 -14.596347201866921
24.275862 -4.3103447 -14.423933401866924
24.275862 -4.4827585 -14.251519601866923
24.275862 -4.6551723 -14.079105801866922
24.275862 -4.8275862 -13.906691901866923
24.275862 -5.0 -13.734278101866922

24.620689 0.0 -18.734278101866924
24.620689 -0.1724138 -18.561864301866922
24.620689 -0.34482759 -18.389450511866922
24.620689 -0.51724136 -18.217036741866924
24.620689 -0.68965518 -18.044622921866925
24.620689 -0.86206895 -17.872209151866922
24.620689 -1.0344827 -17.699795401866922
24.620689 -1.2068965 -17.527381601866924
24.620689 -1.3793104 -17.354967701866922
24.620689 -1.5517242 -17.182553901866925
24.620689 -1.7241379 -17.010140201866925
24.620689 -1.8965517 -16.837726401866924
24.620689 -2.0689654 -16.665312701866924
24.620689 -2.2413793 -16.492898801866925
24.620689 -2.4137931 -16.320485001866924
24.620689 -2.5862069 -16.148071201866923
24.620689 -2.7586207 -15.97565740186692
24.620689 -2.9310346 -15.803243501866922
24.620689 -3.1034484 -15.63082970186692
24.620689 -3.275862 -15.458416101866922
24.620689 -3.4482758 -15.28600230186692
24.620689 -3.6206896 -15.113588501866923
24.620689 -3.7931035 -14.941174601866921
24.620689 -3.9655173 -14.76876080186692
24.620689 -4.1379309 -14.596347201866921
24.620689 -4.3103447 -14.42393340186692
24.620689 -4.4827585 -14.251519601866923
24.620689 -4.6551723 -14.079105801866922
24.620689 -4.8275862 -13.906691901866923
24.620689 -5.0 -13.734278101866922

24.965517 0.0 -18.734278101866924
24.965517 -0.1724138 -18.561864301866922
24.965517 -0.34482759 -18.389450511866922
24.965517 -0.51724136 -18.217036741866924
24.965517 -0.68965518 -18.044622921866925
24.965517 -0.86206895 -17.872209151866922
24.965517 -1.0344827 -17.699795401866922
24.965517 -1.2068965 -17.527381601866924
24.965517 -1.3793104 -17.354967701866922
24.965517 -1.5517242 -17.182553901866925
24.965517 -1.7241379 -17.010140201866925
24.965517 -1.8965517 -16.837726401866924
24.965517 -2.0689654 -16.665312701866924
24.965517 -2.2413793 -16.492898801866925
24.965517 -2.4137931 -16.320485001866924
24.965517 -2.5862069 -16.148071201866923
24.965517 -2.7586207 -15.97565740186692
24.965517 -2.9310346 -15.803243501866922
24.965517 -3.1034484 -15.63082970186692
24.965517 -3.275862 -15.458416101866922
24.965517 -3.4482758 -15.28600230186692
24.965517 -3.6206896 -15.113588501866923
24.965517 -3.7931035 -14.941174601866921
24.965517 -3.9655173 -14.76876080186692
24.965517 -4.1379309 -14.596347201866921
24.965517 -4.3103447 -14.42393340186692
24.965517 -4.4827585 -14.251519601866923
24.965517 -4.6551723 -14.079105801866922
24.965517 -4.8275862 -13.906691901866923
24.965517 -5.0 -13.734278101866922

25.310345 0.0 -18.734278101866924
25.310345 -0.1724138 -18.561864301866922
25.310345 -0.34482759 -18.389450511866922
25.310345 -0.51724136 -18.217036741866924
25.310345 -0.68965518 -18.044622921866925
25.310345 -0.86206895 -17.872209151866922
25.310345 -1.0344827 -17.699795401866922
25.310345 -1.2068965 -17.527381601866924
25.310345 -1.3793104 -17.354967701866922
25.310345 -1.5517242 -17.182553901866925
25.310345 -1.7241379 -17.010140201866925
25.310345 -1.8965517 -16.837726401866924
25.310345 -2.0689654 -16.665312701866924
25.310345 -2.2413793 -16.49289880186692
25.310345 -2.4137931 -16.320485001866924
25.310345 -2.5862069 -16.148071201866923
25.310345 -2.7586207 -15.975657401866924
25.310345 -2.9310346 -15.803243501866922
25.310345 -3.1034484 -15.63082970186692
25.310345 -3.275862 -15.458416101866922
25.310345 -3.4482758 -15.28600230186692
25.310345 -3.6206896 -15.113588501866923
25.310345 -3.7931035 -14.941174601866921
25.310345 -3.9655173 -14.768760801866923
25.310345 -4.1379309 -14.596347201866921
25.310345 -4.3103447 -14.423933401866924
25.310345 -4.4827585 -14.251519601866923
25.310345 -4.6551723 -14.079105801866922
25.310345 -4.8275862 -13.906691901866923
25.310345 -5.0 -13.734278101866922

25.655172 0.0 -18.734278101866924
25.655172 -0.1724138 -18.561864301866922
25.655172 -0.34482759 -18.389450511866922
25.655172 -0.51724136 -18.217036741866924
25.655172 -0.68965518 -18.044622921866925
25.655172 -0.86206895 -17.872209151866922
25.655172 -1.0344827 -17.699795401866922
25.655172 -1.2068965 -17.527381601866924
25.655172 -1.3793104 -17.354967701866922
25.655172 -1.5517242 -17.182553901866925
25.655172 -1.7241379 -17.010140201866925
25.655172 -1.8965517 -16.837726401866924
25.655172 -2.0689654 -16.665312701866924
25.655172 -2.2413793 -16.492898801866925
25.655172 -2.4137931 -16.320485001866924
25.655172 -2.5862069 -16.148071201866923
25.655172 -2.7586207 -15.97565740186692
25.655172 -2.9310346 -15.803243501866922
25.655172 -3.1034484 -15.63082970186692
25.655172 -3.275862 -15.458416101866922
25.655172 -3.4482758 -15.28600230186692
25.655172 -3.6206896 -15.113588501866923
25.655172 -3.7931035 -14.941174601866921
25.655172 -3.9655173 -14.76876080186692
25.655172 -4.1379309 -14.596347201866921
25.655172 -4.3103447 -14.42393340186692
25.655172 -4.4827585 -14.251519601866923
25.655172 -4.6551723 -14.079105801866922
25.655172 -4.8275862 -13.906691901866923
25.655172 -5.0 -13.734278101866922

26.0 0.0 -18.734278101866924
26.0 -0.1724138 -18.561864301866922
26.0 -0.34482759 -18.389450511866922
26.0 -0.51724136 -18.217036741866924
26.0 -0.68965518 -18.044622921866925
26.0 -0.86206895 -17.872209151866922
26.0 -1.0344827 -17.699795401866922
26.0 -1.2068965 -17.527381601866924
26.0 -1.3793104 -17.354967701866922
26.0 -1.5517242 -17.182553901866925
26.0 -1.7241379 -17.010140201866925
26.0 -1.8965517 -16.837726401866924
26.0 -2.0689654 -16.665312701866924
26.0 -2.2413793 -16.492898801866925
26.0 -2.4137931 -16.320485001866924
26.0 -2.5862069 -16.148071201866923
26.0 -2.7586207 -15.97565740186692
26.0 -2.9310346 -15.803243501866922
26.0 -3.1034484 -15.63082970186692
26.0 -3.275862 -15.458416101866922
26.0 -3.4482758 -15.28600230186692
26.0 -3.6206896 -15.113588501866923
26.0 -3.7931035 -14.941174601866921
26.0 -3.9655173 -14.76876080186692
26.0 -4.1379309 -14.596347201866921
26.0 -4.3103447 -14.42393340186692
26.0 -4.4827585 -14.251519601866923
26.0 -4.6551723 -14.079105801866922
26.0 -4.8275862 -13.906691901866923
26.0 -5.0 -13.734278101866922
