# KROME file, XRAY H rate
# Distance = 8 kpc
# Xray rate including primary H ionization in 1/s
# first line indicates the size of the table (30x30)
# then first column is the parameter log10(nH), where nH is the H column density in cm-2
# second column is log10(xHe), where xHe = nHe/nH both in cm-2
# third column is log10(rate), where rate is in units of 1/s
30, 30
16.0 0.0 -18.056067288401728
16.0 -0.1724138 -18.211144958278084
16.0 -0.34482759 -18.358989489100093
16.0 -0.51724136 -18.497252595368536
16.0 -0.68965518 -18.62337457449498
16.0 -0.86206895 -18.734945924259364
16.0 -1.0344827 -18.830197329302095
16.0 -1.2068965 -18.908448237877767
16.0 -1.3793104 -18.970298980240955
16.0 -1.5517242 -19.01746062072789
16.0 -1.7241379 -19.052316760660847
16.0 -1.8965517 -19.07743016800187
16.0 -2.0689654 -19.095169931633354
16.0 -2.2413793 -19.10751784121419
16.0 -2.4137931 -19.116021631243996
16.0 -2.5862069 -19.121834095743118
16.0 -2.7586207 -19.1257862181435
16.0 -2.9310346 -19.12846373560412
16.0 -3.1034484 -19.130273249910136
16.0 -3.275862 -19.13149410217824
16.0 -3.4482758 -19.13231685953344
16.0 -3.6206896 -19.132870906253164
16.0 -3.7931035 -19.133243809589324
16.0 -3.9655173 -19.13349470577577
16.0 -4.1379309 -19.133663473610362
16.0 -4.3103447 -19.133776979297473
16.0 -4.4827585 -19.133853309908282
16.0 -4.6551723 -19.133904637249106
16.0 -4.8275862 -19.133939149881744
16.0 -5.0 -19.13396235548387

16.344828 0.0 -18.056070753549513
16.344828 -0.1724138 -18.211149147380112
16.344828 -0.34482759 -18.358994443984297
16.344828 -0.51724136 -18.49725827641832
16.344828 -0.68965518 -18.623380841531297
16.344828 -0.86206895 -18.734952552922454
16.344828 -1.0344827 -18.830204063919865
16.344828 -1.2068965 -18.908454856287133
16.344828 -1.3793104 -18.970305337924028
16.344828 -1.5517242 -19.01746665870471
16.344828 -1.7241379 -19.052322485499996
16.344828 -1.8965517 -19.07743562272728
16.344828 -2.0689654 -19.095175171550792
16.344828 -2.2413793 -19.107522919329334
16.344828 -2.4137931 -19.116026591877233
16.344828 -2.5862069 -19.121838973173624
16.344828 -2.7586207 -19.125791037635288
16.344828 -2.9310346 -19.128468515208482
16.344828 -3.1034484 -19.130278002265612
16.344828 -3.275862 -19.131498836015528
16.344828 -3.4482758 -19.132321580829952
16.344828 -3.6206896 -19.13287561907697
16.344828 -3.7931035 -19.133248516697957
16.344828 -3.9655173 -19.13349940903343
16.344828 -4.1379309 -19.133668174275044
16.344828 -4.3103447 -19.133781678217066
16.344828 -4.4827585 -19.133858007653803
16.344828 -4.6551723 -19.1339093342049
16.344828 -4.8275862 -19.13394384630642
16.344828 -5.0 -19.133967051551384

16.689655 0.0 -18.056075906407354
16.689655 -0.1724138 -18.211155377008755
16.689655 -0.34482759 -18.359001812631934
16.689655 -0.51724136 -18.49726672520711
16.689655 -0.68965518 -18.623390162008995
16.689655 -0.86206895 -18.734962411412457
16.689655 -1.0344827 -18.83021408014775
16.689655 -1.2068965 -18.908464699797815
16.689655 -1.3793104 -18.970314793739394
16.689655 -1.5517242 -19.01747563907281
16.689655 -1.7241379 -19.0523310001685
16.689655 -1.8965517 -19.077443735672194
16.689655 -2.0689654 -19.09518296502072
16.689655 -2.2413793 -19.107530472155453
16.689655 -2.4137931 -19.11603396997506
16.689655 -2.5862069 -19.12184622752542
16.689655 -2.7586207 -19.12579820581562
16.689655 -2.9310346 -19.128475624064702
16.689655 -3.1034484 -19.130285070594844
16.689655 -3.275862 -19.131505876802827
16.689655 -3.4482758 -19.13232860296547
16.689655 -3.6206896 -19.132882628611092
16.689655 -3.7931035 -19.133255517731953
16.689655 -3.9655173 -19.133506404339904
16.689655 -4.1379309 -19.133675165725002
16.689655 -4.3103447 -19.133788667071563
16.689655 -4.4827585 -19.133864994762114
16.689655 -4.6551723 -19.133916320138663
16.689655 -4.8275862 -19.133950831450246
16.689655 -5.0 -19.133974036164002

17.034483 0.0 -18.056083568284382
17.034483 -0.1724138 -18.21116464042574
17.034483 -0.34482759 -18.359012770252715
17.034483 -0.51724136 -18.49727928956065
17.034483 -0.68965518 -18.623404023147117
17.034483 -0.86206895 -18.734977073093003
17.034483 -1.0344827 -18.830228976764637
17.034483 -1.2068965 -18.908479339799346
17.034483 -1.3793104 -18.970328857310644
17.034483 -1.5517242 -19.017488995632906
17.034483 -1.7241379 -19.052343664166816
17.034483 -1.8965517 -19.077455802229505
17.034483 -2.0689654 -19.095194556447193
17.034483 -2.2413793 -19.107541705686366
17.034483 -2.4137931 -19.116044943640752
17.034483 -2.5862069 -19.12185701714852
17.034483 -2.7586207 -19.125808867278895
17.034483 -2.9310346 -19.1284861972971
17.034483 -3.1034484 -19.13029558355264
17.034483 -3.275862 -19.131516348798286
17.034483 -3.4482758 -19.132339047220643
17.034483 -3.6206896 -19.13289305412455
17.034483 -3.7931035 -19.13326593060339
17.034483 -3.9655173 -19.133516808692942
17.034483 -4.1379309 -19.133685564342343
17.034483 -4.3103447 -19.133799061828746
17.034483 -4.4827585 -19.133875386922238
17.034483 -4.6551723 -19.133926710551904
17.034483 -4.8275862 -19.133961220688644
17.034483 -5.0 -19.133984424612347

17.379311 0.0 -18.05609495920455
17.379311 -0.1724138 -18.211178413396222
17.379311 -0.34482759 -18.359029063271173
17.379311 -0.51724136 -18.497297972750925
17.379311 -0.68965518 -18.623424635716134
17.379311 -0.86206895 -18.734998877072837
17.379311 -1.0344827 -18.830251130894034
17.379311 -1.2068965 -18.908501112863114
17.379311 -1.3793104 -18.970349773485488
17.379311 -1.5517242 -19.017508860560852
17.379311 -1.7241379 -19.052362499231066
17.379311 -1.8965517 -19.07747374883223
17.379311 -2.0689654 -19.09521179645632
17.379311 -2.2413793 -19.107558413439406
17.379311 -2.4137931 -19.116061264922358
17.379311 -2.5862069 -19.121873064720088
17.379311 -2.7586207 -19.125824724248933
17.379311 -2.9310346 -19.12850192304823
17.379311 -3.1034484 -19.13031121966188
17.379311 -3.275862 -19.131531923987218
17.379311 -3.4482758 -19.132354581153425
17.379311 -3.6206896 -19.132908560184106
17.379311 -3.7931035 -19.13328141786135
17.379311 -3.9655173 -19.133532283282086
17.379311 -4.1379309 -19.13370103040118
17.379311 -4.3103447 -19.133814522146636
17.379311 -4.4827585 -19.1338908433777
17.379311 -4.6551723 -19.13394216440935
17.379311 -4.8275862 -19.13397667279882
17.379311 -5.0 -19.133999875547534

17.724138 0.0 -18.056111890422372
17.724138 -0.1724138 -18.211198887539087
17.724138 -0.34482759 -18.359053285974134
17.724138 -0.51724136 -18.497325751338806
17.724138 -0.68965518 -18.623455285292522
17.724138 -0.86206895 -18.73503130028696
17.724138 -1.0344827 -18.830284076486258
17.724138 -1.2068965 -18.908533493031598
17.724138 -1.3793104 -18.970380880193563
17.724138 -1.5517242 -19.017538404425157
17.724138 -1.7241379 -19.052390511816746
17.724138 -1.8965517 -19.077500440285412
17.724138 -2.0689654 -19.09523743716622
17.724138 -2.2413793 -19.107583262634208
17.724138 -2.4137931 -19.116085539387914
17.724138 -2.5862069 -19.12189693214167
17.724138 -2.7586207 -19.12584830821818
17.724138 -2.9310346 -19.128525311874874
17.724138 -3.1034484 -19.13033447517689
17.724138 -3.275862 -19.131555088903944
17.724138 -3.4482758 -19.132377684715546
17.724138 -3.6206896 -19.13293162229416
17.724138 -3.7931035 -19.133304452010332
17.724138 -3.9655173 -19.133555298590434
17.724138 -4.1379309 -19.133724033023544
17.724138 -4.3103447 -19.133837516231257
17.724138 -4.4827585 -19.13391383171825
17.724138 -4.6551723 -19.133965148886215
17.724138 -4.8275862 -19.133999654677208
17.724138 -5.0 -19.134022855678516

18.068966 0.0 -18.05613704878128
18.068966 -0.1724138 -18.211229315459224
18.068966 -0.34482759 -18.359089290158728
18.068966 -0.51724136 -18.49736704630818
18.068966 -0.68965518 -18.62350085338655
18.068966 -0.86206895 -18.73507950993907
18.068966 -1.0344827 -18.830333066602602
18.068966 -1.2068965 -18.908581645153802
18.068966 -1.3793104 -18.970427140507
18.068966 -1.5517242 -19.017582341838157
18.068966 -1.7241379 -19.05243217274917
18.068966 -1.8965517 -19.077540136927773
18.068966 -2.0689654 -19.095275571436783
18.068966 -2.2413793 -19.107620219937722
18.068966 -2.4137931 -19.116121642059152
18.068966 -2.5862069 -19.121932429521763
18.068966 -2.7586207 -19.125883384088564
18.068966 -2.9310346 -19.128560097555123
18.068966 -3.1034484 -19.130369062612896
18.068966 -3.275862 -19.131589541613195
18.068966 -3.4482758 -19.132412046185504
18.068966 -3.6206896 -19.132965922121432
18.068966 -3.7931035 -19.13333871025712
18.068966 -3.9655173 -19.133589528819584
18.068966 -4.1379309 -19.133758244387547
18.068966 -4.3103447 -19.133871714898895
18.068966 -4.4827585 -19.13394802184395
18.068966 -4.6551723 -19.13399933326628
18.068966 -4.8275862 -19.134033835193105
18.068966 -5.0 -19.134057033595873

18.413794 0.0 -18.056174414260227
18.413794 -0.1724138 -18.21127451855121
18.413794 -0.34482759 -18.359142788921176
18.413794 -0.51724136 -18.49742841855908
18.413794 -0.68965518 -18.623568587775143
18.413794 -0.86206895 -18.735151181047552
18.413794 -1.0344827 -18.830405906276155
18.413794 -1.2068965 -18.90865324504981
18.413794 -1.3793104 -18.97049593165861
18.413794 -1.5517242 -19.017647681566856
18.413794 -1.7241379 -19.052494128928526
18.413794 -1.8965517 -19.07759917307335
18.413794 -2.0689654 -19.09533228479699
18.413794 -2.2413793 -19.107675183391635
18.413794 -2.4137931 -19.11617533480443
18.413794 -2.5862069 -19.12198522226931
18.413794 -2.7586207 -19.125935550090258
18.413794 -2.9310346 -19.128611832066568
18.413794 -3.1034484 -19.130420502348503
18.413794 -3.275862 -19.131640781018277
18.413794 -3.4482758 -19.132463149922874
18.413794 -3.6206896 -19.1330169341994
18.413794 -3.7931035 -19.133389660507035
18.413794 -3.9655173 -19.133640437408662
18.413794 -4.1379309 -19.133809124925065
18.413794 -4.3103447 -19.13392257655753
18.413794 -4.4827585 -19.133998870801136
18.413794 -4.6551723 -19.134050173679984
18.413794 -4.8275862 -19.134084669860975
18.413794 -5.0 -19.134107864399827

18.758621 0.0 -18.056229870824378
18.758621 -0.1724138 -18.2113416321339
18.758621 -0.34482759 -18.359222244974315
18.758621 -0.51724136 -18.497519594521034
18.758621 -0.68965518 -18.62366924076676
18.758621 -0.86206895 -18.73525770650933
18.758621 -1.0344827 -18.83051418689689
18.758621 -1.2068965 -18.908759696310096
18.758621 -1.3793104 -18.970598216486874
18.758621 -1.5517242 -19.017744840777496
18.758621 -1.7241379 -19.052586260888862
18.758621 -1.8965517 -19.07768696537508
18.758621 -2.0689654 -19.09541662454907
18.758621 -2.2413793 -19.10775692188216
18.758621 -2.4137931 -19.116255184262915
18.758621 -2.5862069 -19.122063733745875
18.758621 -2.7586207 -19.126013129793265
18.758621 -2.9310346 -19.128688770269736
18.758621 -3.1034484 -19.130497002301748
18.758621 -3.275862 -19.13171698313359
18.758621 -3.4482758 -19.13253915033565
18.758621 -3.6206896 -19.13309279833812
18.758621 -3.7931035 -19.13346543272308
18.758621 -3.9655173 -19.133716147685504
18.758621 -4.1379309 -19.13388479349625
18.758621 -4.3103447 -19.133998217060512
18.758621 -4.4827585 -19.134074492420215
18.758621 -4.6551723 -19.134125782597014
18.758621 -4.8275862 -19.134160270235373
18.758621 -5.0 -19.134183459029547

19.103449 0.0 -18.05631209245279
19.103449 -0.1724138 -18.211441191212813
19.103449 -0.34482759 -18.35934017021713
19.103449 -0.51724136 -18.497654971838212
19.103449 -0.68965518 -18.623818745331185
19.103449 -0.86206895 -18.735415983459934
19.103449 -1.0344827 -18.83067511213478
19.103449 -1.2068965 -18.90891793293013
19.103449 -1.3793104 -18.97075028077053
19.103449 -1.5517242 -19.017889298788038
19.103449 -1.7241379 -19.05272325322338
19.103449 -1.8965517 -19.077817510711228
19.103449 -2.0689654 -19.095542039665627
19.103449 -2.2413793 -19.107878471218406
19.103449 -2.4137931 -19.11637392604361
19.103449 -2.5862069 -19.122180486858415
19.103449 -2.7586207 -19.126128497945018
19.103449 -2.9310346 -19.12880318489332
19.103449 -3.1034484 -19.130610765498908
19.103449 -3.275862 -19.13183030361201
19.103449 -3.4482758 -19.13265217099299
19.103449 -3.6206896 -19.133205616429755
19.103449 -3.7931035 -19.13357811417508
19.103449 -3.9655173 -19.13382873706699
19.103449 -4.1379309 -19.133997320883612
19.103449 -4.3103447 -19.134110702725355
19.103449 -4.4827585 -19.134186950014698
19.103449 -4.6551723 -19.13423822131028
19.103449 -4.8275862 -19.134272696250267
19.103449 -5.0 -19.13429587650513

19.448277 0.0 -18.056433808495527
19.448277 -0.1724138 -18.211588692092636
19.448277 -0.34482759 -18.35951500633776
19.448277 -0.51724136 -18.49785580991665
19.448277 -0.68965518 -18.624040664862573
19.448277 -0.86206895 -18.735651034147743
19.448277 -1.0344827 -18.830914184985375
19.448277 -1.2068965 -18.909153078135645
19.448277 -1.3793104 -18.97097629993713
19.448277 -1.5517242 -19.018104043069354
19.448277 -1.7241379 -19.052926919127177
19.448277 -1.8965517 -19.078011604497515
19.448277 -2.0689654 -19.09572851395219
19.448277 -2.2413793 -19.108059202849905
19.448277 -2.4137931 -19.11655048651038
19.448277 -2.5862069 -19.122354092542103
19.448277 -2.7586207 -19.126300045734187
19.448277 -2.9310346 -19.12897331579988
19.448277 -3.1034484 -19.13077992840521
19.448277 -3.275862 -19.131998808641637
19.448277 -3.4482758 -19.132820230486328
19.448277 -3.6206896 -19.133373374906974
19.448277 -3.7931035 -19.13374566960254
19.448277 -3.9655173 -19.133996155675074
19.448277 -4.1379309 -19.134164647366486
19.448277 -4.3103447 -19.134277967207176
19.448277 -4.4827585 -19.13435417278299
19.448277 -4.6551723 -19.13440541602041
19.448277 -4.8275862 -19.13443987209015
19.448277 -5.0 -19.134463039655298

19.793104 0.0 -18.056613577484317
19.793104 -0.1724138 -18.211806805766955
19.793104 -0.34482759 -18.35977381564107
19.793104 -0.51724136 -18.498153389968333
19.793104 -0.68965518 -18.62436975195238
19.793104 -0.86206895 -18.73599983533456
19.793104 -1.0344827 -18.831269151769455
19.793104 -1.2068965 -18.909502360300852
19.793104 -1.3793104 -18.97131212856593
19.793104 -1.5517242 -19.01842318665235
19.793104 -1.7241379 -19.05322964211794
19.793104 -1.8965517 -19.078300127637505
19.793104 -2.0689654 -19.096005728437778
19.793104 -2.2413793 -19.108327891755824
19.793104 -2.4137931 -19.116812981745856
19.793104 -2.5862069 -19.12261219976936
19.793104 -2.7586207 -19.126555096645706
19.793104 -2.9310346 -19.129226262298854
19.793104 -3.1034484 -19.1310314371422
19.793104 -3.275862 -19.132249340218625
19.793104 -3.4482758 -19.13307010028775
19.793104 -3.6206896 -19.13362279759084
19.793104 -3.7931035 -19.133994790682245
19.793104 -3.9655173 -19.134245073526362
19.793104 -4.1379309 -19.13441342837666
19.793104 -4.3103447 -19.13452665612193
19.793104 -4.4827585 -19.134602799737017
19.793104 -4.6551723 -19.13465400129717
19.793104 -4.8275862 -19.13468842933726
19.793104 -5.0 -19.134711578053228

20.137932 0.0 -18.056878192867416
20.137932 -0.1724138 -18.212128433743203
20.137932 -0.34482759 -18.360156052150003
20.137932 -0.51724136 -18.498593500738775
20.137932 -0.68965518 -18.624857055031747
20.137932 -0.86206895 -18.736516862118453
20.137932 -1.0344827 -18.831795751531295
20.137932 -1.2068965 -18.910020850943138
20.137932 -1.3793104 -18.971810873629096
20.137932 -1.5517242 -19.01889730180313
20.137932 -1.7241379 -19.053679459386043
20.137932 -1.8965517 -19.078728906843185
20.137932 -2.0689654 -19.096417741071928
20.137932 -2.2413793 -19.108727258594108
20.137932 -2.4137931 -19.11720315914675
20.137932 -2.5862069 -19.12299586562047
20.137932 -2.7586207 -19.126934226583675
20.137932 -2.9310346 -19.129602268819454
20.137932 -3.1034484 -19.13140530959725
20.137932 -3.275862 -19.1326217622301
20.137932 -3.4482758 -19.13344153997354
20.137932 -3.6206896 -19.133993573574934
20.137932 -3.7931035 -19.134365118960396
20.137932 -3.9655173 -19.13461510012707
20.137932 -4.1379309 -19.13478325184602
20.137932 -4.3103447 -19.13489634288147
20.137932 -4.4827585 -19.134972394519597
20.137932 -4.6551723 -19.135023534212284
20.137932 -4.8275862 -19.135057920643952
20.137932 -5.0 -19.135081041379365

20.482758 0.0 -18.057265757186045
20.482758 -0.1724138 -18.212600734158915
20.482758 -0.34482759 -18.360718655805815
20.482758 -0.51724136 -18.49924262549006
20.482758 -0.68965518 -18.625577084260243
20.482758 -0.86206895 -18.737281976153042
20.482758 -1.0344827 -18.832575985114012
20.482758 -1.2068965 -18.910789783126972
20.482758 -1.3793104 -18.9725510196163
20.482758 -1.5517242 -19.01960122598779
20.482758 -1.7241379 -19.054347520774748
20.482758 -1.8965517 -19.079365858718642
20.482758 -2.0689654 -19.097029873222
20.482758 -2.2413793 -19.109320658886038
20.482758 -2.4137931 -19.117782941840495
20.482758 -2.5862069 -19.12356599648897
20.482758 -2.7586207 -19.12749763289433
20.482758 -2.9310346 -19.13016104409935
20.482758 -3.1034484 -19.131960920504437
20.482758 -3.275862 -19.133175222326695
20.482758 -3.4482758 -19.133993543366643
20.482758 -3.6206896 -19.134544592734454
20.482758 -3.7931035 -19.13491547418649
20.482758 -3.9655173 -19.135165007970823
20.482758 -4.1379309 -19.135332858447548
20.482758 -4.3103447 -19.135445746742477
20.482758 -4.4827585 -19.135521661978466
20.482758 -4.6551723 -19.135572709921302
20.482758 -4.8275862 -19.135607034647325
20.482758 -5.0 -19.135630113887313

20.827587 0.0 -18.05782925596734
20.827587 -0.1724138 -18.213290076104762
20.827587 -0.34482759 -18.361542601895874
20.827587 -0.51724136 -18.500196179108553
20.827587 -0.68965518 -18.626637622557226
20.827587 -0.86206895 -18.73841146549322
20.827587 -1.0344827 -18.83372988233414
20.827587 -1.2068965 -18.911928533215875
20.827587 -1.3793104 -18.973648231881214
20.827587 -1.5517242 -19.020645467580596
20.827587 -1.7241379 -19.055339029949796
20.827587 -1.8965517 -19.080311496109115
20.827587 -2.0689654 -19.097938854527445
20.827587 -2.2413793 -19.110201948363088
20.827587 -2.4137931 -19.11864408778736
20.827587 -2.5862069 -19.1244128596148
20.827587 -2.7586207 -19.128334542455914
20.827587 -2.9310346 -19.130991097750282
20.827587 -3.1034484 -19.13278628900851
20.827587 -3.275862 -19.13399740612173
20.827587 -3.4482758 -19.134813570112055
20.827587 -3.6206896 -19.135363162003685
20.827587 -3.7931035 -19.135733060265807
20.827587 -3.9655173 -19.135981931531422
20.827587 -4.1379309 -19.13614933590069
20.827587 -4.3103447 -19.13626192395663
20.827587 -4.4827585 -19.136337637193407
20.827587 -4.6551723 -19.13638854926262
20.827587 -4.8275862 -19.136422782607717
20.827587 -5.0 -19.136445800396338

21.172413 0.0 -18.058639798191717
21.172413 -0.1724138 -18.214287202391137
21.172413 -0.34482759 -18.362740392275068
21.172413 -0.51724136 -18.501588587249095
21.172413 -0.68965518 -18.628192352141212
21.172413 -0.86206895 -18.74007279891781
21.172413 -1.0344827 -18.835431668643814
21.172413 -1.2068965 -18.913611408384952
21.172413 -1.3793104 -18.975272119478557
21.172413 -1.5517242 -19.022192552458574
21.172413 -1.7241379 -19.05680902062268
21.172413 -1.8965517 -19.081714138159857
21.172413 -2.0689654 -19.09928754849028
21.172413 -2.2413793 -19.1115098278861
21.172413 -2.4137931 -19.1199222510906
21.172413 -2.5862069 -19.125669940250834
21.172413 -2.7586207 -19.129576925194684
21.172413 -2.9310346 -19.132223354201326
21.172413 -3.1034484 -19.134011624278497
21.172413 -3.275862 -19.13521803622938
21.172413 -3.4482758 -19.136031013110543
21.172413 -3.6206896 -19.1365784514289
21.172413 -3.7931035 -19.136946896877287
21.172413 -3.9655173 -19.137194789148317
21.172413 -4.1379309 -19.13736153430108
21.172413 -4.3103447 -19.137473678687062
21.172413 -4.4827585 -19.137549093423022
21.172413 -4.6551723 -19.13759980470645
21.172413 -4.8275862 -19.13763390301396
21.172413 -5.0 -19.137656829993027

21.517242 0.0 -18.059787696439148
21.517242 -0.1724138 -18.215710837051358
21.517242 -0.34482759 -18.364462971296682
21.517242 -0.51724136 -18.503604152033407
21.517242 -0.68965518 -18.63045588886636
21.517242 -0.86206895 -18.74250341750798
21.517242 -1.0344827 -18.837931329160767
21.517242 -1.2068965 -18.916090754309405
21.517242 -1.3793104 -18.97766980099973
21.517242 -1.5517242 -19.024480328040124
21.517242 -1.7241379 -19.058985054843042
21.517242 -1.8965517 -19.083791926048328
21.517242 -2.0689654 -19.101286351276602
21.517242 -2.2413793 -19.113448743356546
21.517242 -2.4137931 -19.121817503993274
21.517242 -2.5862069 -19.127534188859
21.517242 -2.7586207 -19.13141954666742
21.517242 -2.9310346 -19.13405106982417
21.517242 -3.1034484 -19.135829149426584
21.517242 -3.275862 -19.137028632537902
21.517242 -3.4482758 -19.13783691555295
21.517242 -3.6206896 -19.13838118192781
21.517242 -3.7931035 -19.138747487457888
21.517242 -3.9655173 -19.1389939376735
21.517242 -4.1379309 -19.139159711781144
21.517242 -4.3103447 -19.139271202618595
21.517242 -4.4827585 -19.13934617764317
21.517242 -4.6551723 -19.139396593153897
21.517242 -4.8275862 -19.139430492539883
21.517242 -5.0 -19.13945328574857

21.862068 0.0 -18.061377374365865
21.862068 -0.1724138 -18.21770536097685
21.862068 -0.34482759 -18.36690165001908
21.862068 -0.51724136 -18.506484693428245
21.862068 -0.68965518 -18.633718085687686
21.862068 -0.86206895 -18.746031620828386
21.862068 -1.0344827 -18.841580885722887
21.862068 -1.2068965 -18.919726776748746
21.862068 -1.3793104 -18.981197448432916
21.862068 -1.5517242 -19.027853894883346
21.862068 -1.7241379 -19.06219879601995
21.862068 -1.8965517 -19.086863745878702
21.862068 -2.0689654 -19.104243438898997
21.862068 -2.2413793 -19.11631855045209
21.862068 -2.4137931 -19.12462354493621
21.862068 -2.5862069 -19.130294890303563
21.862068 -2.7586207 -19.134148594254793
21.862068 -2.9310346 -19.13675828864242
21.862068 -3.1034484 -19.1385214393044
21.862068 -3.275862 -19.13971076921702
21.862068 -3.4482758 -19.140512172919426
21.862068 -3.6206896 -19.14105178999025
21.862068 -3.7931035 -19.141414958683196
21.862068 -3.9655173 -19.141659294930957
21.862068 -4.1379309 -19.141823645496327
21.862068 -4.3103447 -19.141934178216726
21.862068 -4.4827585 -19.142008508604643
21.862068 -4.6551723 -19.142058490494897
21.862068 -4.8275862 -19.14209209824805
21.862068 -5.0 -19.142114695339117

22.206898 0.0 -18.063510325773255
22.206898 -0.1724138 -18.22042547128025
22.206898 -0.34482759 -18.37027714331554
22.206898 -0.51724136 -18.510526077827933
22.206898 -0.68965518 -18.638350722621016
22.206898 -0.86206895 -18.751094520064058
22.206898 -1.0344827 -18.84686259392157
22.206898 -1.2068965 -18.925023368732585
22.206898 -1.3793104 -18.986360714080302
22.206898 -1.5517242 -19.03280815780376
22.206898 -1.7241379 -19.066929112759105
22.206898 -1.8965517 -19.09139209597541
22.206898 -2.0689654 -19.108607111552505
22.206898 -2.2413793 -19.120556309172244
22.206898 -2.4137931 -19.128769021995325
22.206898 -2.5862069 -19.134374620688313
22.206898 -2.7586207 -19.138182363684802
22.206898 -2.9310346 -19.140760335926014
22.206898 -3.1034484 -19.14250177919792
22.206898 -3.275862 -19.143676340330586
22.206898 -3.4482758 -19.144467734919136
22.206898 -3.6206896 -19.14500058631164
22.206898 -3.7931035 -19.145359189758853
22.206898 -3.9655173 -19.145600449178072
22.206898 -4.1379309 -19.14576272770763
22.206898 -4.3103447 -19.145871865794128
22.206898 -4.4827585 -19.145945257828377
22.206898 -4.6551723 -19.14599460851716
22.206898 -4.8275862 -19.14602779174936
22.206898 -5.0 -19.146050103356067

22.551723 0.0 -18.06624979651767
22.551723 -0.1724138 -18.223997702166887
22.551723 -0.34482759 -18.374802179287094
22.551723 -0.51724136 -18.516047861758878
22.551723 -0.68965518 -18.644790524445146
22.551723 -0.86206895 -18.75823883464259
22.551723 -1.0344827 -18.85440814543267
22.551723 -1.2068965 -18.932662728838935
22.551723 -1.3793104 -18.993860050348466
22.551723 -1.5517242 -19.040039403433077
22.551723 -1.7241379 -19.07385673376683
22.551723 -1.8965517 -19.098038945944474
22.551723 -2.0689654 -19.115021920900297
22.551723 -2.2413793 -19.126792289525923
22.551723 -2.4137931 -19.134873300127083
22.551723 -2.5862069 -19.140384776673894
22.551723 -2.7586207 -19.144126591092448
22.551723 -2.9310346 -19.146659000069956
22.551723 -3.1034484 -19.148369237578162
22.551723 -3.275862 -19.14952255546172
22.551723 -3.4482758 -19.15029954754274
22.551723 -3.6206896 -19.15082266104348
22.551723 -3.7931035 -19.15117469257179
22.551723 -3.9655173 -19.15141152222018
22.551723 -4.1379309 -19.15157081736864
22.551723 -4.3103447 -19.15167794731416
22.551723 -4.4827585 -19.15174998816078
22.551723 -4.6551723 -19.1517984299262
22.551723 -4.8275862 -19.15183100184316
22.551723 -5.0 -19.151852902344633

22.896551 0.0 -18.06957073907796
22.896551 -0.1724138 -18.22845538122227
22.896551 -0.34482759 -18.380606198136924
22.896551 -0.51724136 -18.52331706246301
22.896551 -0.68965518 -18.65347472585499
22.896551 -0.86206895 -18.76808018781692
22.896551 -1.0344827 -18.864987910212356
22.896551 -1.2068965 -18.943523283221907
22.896551 -1.3793104 -19.004631001316504
22.896551 -1.5517242 -19.050500492989983
22.896551 -1.7241379 -19.08392825233978
22.896551 -1.8965517 -19.107734513545488
22.896551 -2.0689654 -19.12439987066218
22.896551 -2.2413793 -19.135922345284808
22.896551 -2.4137931 -19.14381938135455
22.896551 -2.5862069 -19.14919874138966
22.896551 -2.7586207 -19.152847725207447
22.896551 -2.9310346 -19.15531584834288
22.896551 -3.1034484 -19.156981998137038
22.896551 -3.275862 -19.158105276701118
22.896551 -3.4482758 -19.158861890631705
22.896551 -3.6206896 -19.15937122049925
22.896551 -3.7931035 -19.15971394724523
22.896551 -3.9655173 -19.15994450393293
22.896551 -4.1379309 -19.16009957383627
22.896551 -4.3103447 -19.160203859502715
22.896551 -4.4827585 -19.16027398645892
22.896551 -4.6551723 -19.160321140732762
22.896551 -4.8275862 -19.16035284669952
22.896551 -5.0 -19.160374164845994

23.241379 0.0 -18.073321959613686
23.241379 -0.1724138 -18.233667055317337
23.241379 -0.34482759 -18.387628825632007
23.241379 -0.51724136 -18.532414927779598
23.241379 -0.68965518 -18.66470058109842
23.241379 -0.86206895 -18.78118089729226
23.241379 -1.0344827 -18.879427756918666
23.241379 -1.2068965 -18.95864321963919
23.241379 -1.3793104 -19.019849711195853
23.241379 -1.5517242 -19.065437714177616
23.241379 -1.7241379 -19.098413720703714
23.241379 -1.8965517 -19.121747626139825
23.241379 -2.0689654 -19.137998359260557
23.241379 -2.2413793 -19.149190315928465
23.241379 -2.4137931 -19.15683895038493
23.241379 -2.5862069 -19.16203852488717
23.241379 -2.7586207 -19.165560550245466
23.241379 -2.9310346 -19.167940467383733
23.241379 -3.1034484 -19.16954599539339
23.241379 -3.275862 -19.17062791057517
23.241379 -3.4482758 -19.17135643785703
23.241379 -3.6206896 -19.171846758161827
23.241379 -3.7931035 -19.172176646903246
23.241379 -3.9655173 -19.172398546211355
23.241379 -4.1379309 -19.1725477837046
23.241379 -4.3103447 -19.172648142708574
23.241379 -4.4827585 -19.1727156272224
23.241379 -4.6551723 -19.172761003799067
23.241379 -4.8275862 -19.17279151406356
23.241379 -5.0 -19.172812028074596

23.586206 0.0 -18.077252591916295
23.586206 -0.1724138 -18.239323795687376
23.586206 -0.34482759 -18.3955460889667
23.586206 -0.51724136 -18.54309073573951
23.586206 -0.68965518 -18.678418399718275
23.586206 -0.86206895 -18.797819726464528
23.586206 -1.0344827 -18.89840292319432
23.586206 -1.2068965 -18.979071984945822
23.586206 -1.3793104 -19.04085093838162
23.586206 -1.5517242 -19.08636620591686
23.586206 -1.7241379 -19.118924224584788
23.586206 -1.8965517 -19.141731570616273
23.586206 -2.0689654 -19.157484174663036
23.586206 -2.2413793 -19.168263486108707
23.586206 -2.4137931 -19.175595084112953
23.586206 -2.5862069 -19.180562098023778
23.586206 -2.7586207 -19.183918501776724
23.586206 -2.9310346 -19.18618272198708
23.586206 -3.1034484 -19.187708450339894
23.586206 -3.275862 -19.188735788429728
23.586206 -3.4482758 -19.18942719870365
23.586206 -3.6206896 -19.189892371341465
23.586206 -3.7931035 -19.190205264906872
23.586206 -3.9655173 -19.1904156980742
23.586206 -4.1379309 -19.190557208498596
23.586206 -4.3103447 -19.190652364170635
23.586206 -4.4827585 -19.190716346615016
23.586206 -4.6551723 -19.19075936695904
23.586206 -4.8275862 -19.190788292289827
23.586206 -5.0 -19.190807740353304

23.931034 0.0 -18.08110610981307
23.931034 -0.1724138 -18.24504199650991
23.931034 -0.34482759 -18.403837396178403
23.931034 -0.51724136 -18.554736105199744
23.931034 -0.68965518 -18.694072105052285
23.931034 -0.86206895 -18.817708160383575
23.931034 -1.0344827 -18.922094793815972
23.931034 -1.2068965 -19.00554800644038
23.931034 -1.3793104 -19.06887830828692
23.931034 -1.5517242 -19.11490477440495
23.931034 -1.7241379 -19.147319236987087
23.931034 -1.8965517 -19.169685164807394
23.931034 -2.0689654 -19.18493154166205
23.931034 -2.2413793 -19.19525525748549
23.931034 -2.4137931 -19.202221132874524
23.931034 -2.5862069 -19.20691293099987
23.931034 -2.7586207 -19.210070233623764
23.931034 -2.9310346 -19.2121939765093
23.931034 -3.1034484 -19.21362218633812
23.931034 -3.275862 -19.2145825461955
23.931034 -3.4482758 -19.21522827804531
23.931034 -3.6206896 -19.21566244483306
23.931034 -3.7931035 -19.21595435814649
23.931034 -3.9655173 -19.216150624801106
23.931034 -4.1379309 -19.216282583053363
23.931034 -4.3103447 -19.216371303985294
23.931034 -4.4827585 -19.21643095448333
23.931034 -4.6551723 -19.21647105975334
23.931034 -4.8275862 -19.21649802402074
23.931034 -5.0 -19.2165161530703

24.275862 0.0 -18.084656023801788
24.275862 -0.1724138 -18.250479371608485
24.275862 -0.34482759 -18.411977533753177
24.275862 -0.51724136 -18.56659093590305
24.275862 -0.68965518 -18.710702649421435
24.275862 -0.86206895 -18.839883629504545
24.275862 -1.0344827 -18.94986169821192
24.275862 -1.2068965 -19.0380413225166
24.275862 -1.3793104 -19.104620211545985
24.275862 -1.5517242 -19.152381298392722
24.275862 -1.7241379 -19.18540279136312
24.275862 -1.8965517 -19.20772992063514
24.275862 -2.0689654 -19.22266124740936
24.275862 -2.2413793 -19.23260837770968
24.275862 -2.4137931 -19.239234289842823
24.275862 -2.5862069 -19.24365411653202
24.275862 -2.7586207 -19.246607576132483
24.275862 -2.9310346 -19.248584344481564
24.275862 -3.1034484 -19.24990911520724
24.275862 -3.275862 -19.250797796983843
24.275862 -3.4482758 -19.251394359992872
24.275862 -3.6206896 -19.251795023121737
24.275862 -3.7931035 -19.252064208015298
24.275862 -3.9655173 -19.252245101546507
24.275862 -4.1379309 -19.25236668220386
24.275862 -4.3103447 -19.252448407011173
24.275862 -4.4827585 -19.252503345216397
24.275862 -4.6551723 -19.252540278376213
24.275862 -4.8275862 -19.25256510817039
24.275862 -5.0 -19.252581801347347

24.620689 0.0 -18.087631802844374
24.620689 -0.1724138 -18.2552707720848
24.620689 -0.34482759 -18.419469756306547
24.620689 -0.51724136 -18.577947180662633
24.620689 -0.68965518 -18.72729342146382
24.620689 -0.86206895 -18.863018949273958
24.620689 -1.0344827 -18.980293395428152
24.620689 -1.2068965 -19.075476079118587
24.620689 -1.3793104 -19.14770085869784
24.620689 -1.5517242 -19.19924696530971
24.620689 -1.7241379 -19.23436553170711
24.620689 -1.8965517 -19.257619996196954
24.620689 -2.0689654 -19.272820398274845
24.620689 -2.2413793 -19.282732137970545
24.620689 -2.4137931 -19.289215729431664
24.620689 -2.5862069 -19.2934791246713
24.620689 -2.7586207 -19.29629758368186
24.620689 -2.9310346 -19.29816934358993
24.620689 -3.1034484 -19.29941683566026
24.620689 -3.275862 -19.30025046710334
24.620689 -3.4482758 -19.30080859648595
24.620689 -3.6206896 -19.30118276977272
24.620689 -3.7931035 -19.301433848807772
24.620689 -3.9655173 -19.301602434766025
24.620689 -4.1379309 -19.30171567967032
24.620689 -4.3103447 -19.30179177243666
24.620689 -4.4827585 -19.301842911520758
24.620689 -4.6551723 -19.30187728474012
24.620689 -4.8275862 -19.301900390835783
24.620689 -5.0 -19.301915923952496

24.965517 0.0 -18.08980909163575
24.965517 -0.1724138 -18.25900202157321
24.965517 -0.34482759 -18.425692571391586
24.965517 -0.51724136 -18.587977715934404
24.965517 -0.68965518 -18.742790429579095
24.965517 -0.86206895 -18.885759311207888
24.965517 -1.0344827 -19.011710065056118
24.965517 -1.2068965 -19.11605951796161
24.965517 -1.3793104 -19.196641313695302
24.965517 -1.5517242 -19.254710690843993
24.965517 -1.7241379 -19.29423739800985
24.965517 -1.8965517 -19.32013279570636
24.965517 -2.0689654 -19.33677397018369
24.965517 -2.2413793 -19.347417951466014
24.965517 -2.4137931 -19.354253729956547
24.965517 -2.5862069 -19.358678697596226
24.965517 -2.7586207 -19.361567780687864
24.965517 -2.9310346 -19.363468539467394
24.965517 -3.1034484 -19.36472675851666
24.965517 -3.275862 -19.36556350798589
24.965517 -3.4482758 -19.366121842827912
24.965517 -3.6206896 -19.366495287109135
24.965517 -3.7931035 -19.36674548022981
24.965517 -3.9655173 -19.36691329049009
24.965517 -4.1379309 -19.367025932114842
24.965517 -4.3103447 -19.36710158221205
24.965517 -4.4827585 -19.367152406887584
24.965517 -4.6551723 -19.36718656112083
24.965517 -4.8275862 -19.367209516546623
24.965517 -5.0 -19.367224946807823

25.310345 0.0 -18.09126478647219
25.310345 -0.1724138 -18.26156279482827
25.310345 -0.34482759 -18.430190715199995
25.310345 -0.51724136 -18.595756330411216
25.310345 -0.68965518 -18.755789893389938
25.310345 -0.86206895 -18.906346358297068
25.310345 -1.0344827 -19.042135046673707
25.310345 -1.2068965 -19.157697352217042
25.310345 -1.3793104 -19.249420473620514
25.310345 -1.5517242 -19.317131817741977
25.310345 -1.7241379 -19.364011153536428
25.310345 -1.8965517 -19.39497197506661
25.310345 -2.0689654 -19.414868454817615
25.310345 -2.2413793 -19.427525481956827
25.310345 -2.4137931 -19.435589245143976
25.310345 -2.5862069 -19.440765686807673
25.310345 -2.7586207 -19.444120392020515
25.310345 -2.9310346 -19.44631426014283
25.310345 -3.1034484 -19.44775987369813
25.310345 -3.275862 -19.448718034465692
25.310345 -3.4482758 -19.44935586306174
25.310345 -3.6206896 -19.449781768421254
25.310345 -3.7931035 -19.45006678139726
25.310345 -3.9655173 -19.450257796234222
25.310345 -4.1379309 -19.450385945395027
25.310345 -4.3103447 -19.45047197923852
25.310345 -4.4827585 -19.450529765994883
25.310345 -4.6551723 -19.450568592350983
25.310345 -4.8275862 -19.45059468506088
25.310345 -5.0 -19.45061222284063

25.655172 0.0 -18.09227366195092
25.655172 -0.1724138 -18.26329475392725
25.655172 -0.34482759 -18.433206615488054
25.655172 -0.51724136 -18.601093095867437
25.655172 -0.68965518 -18.76524834043903
25.655172 -0.86206895 -18.922650404184896
25.655172 -1.0344827 -19.068581520631444
25.655172 -1.2068965 -19.197133448237352
25.655172 -1.3793104 -19.303081723775602
25.655172 -1.5517242 -19.38420628984087
25.655172 -1.7241379 -19.442193459351113
25.655172 -1.8965517 -19.481464821703863
25.655172 -2.0689654 -19.507158132544234
25.655172 -2.2413793 -19.523694603948346
25.655172 -2.4137931 -19.534304289893974
25.655172 -2.5862069 -19.541142204468215
25.655172 -2.7586207 -19.54558317972583
25.655172 -2.9310346 -19.54849068640241
25.655172 -3.1034484 -19.550407639933756
25.655172 -3.275862 -19.551678579414034
25.655172 -3.4482758 -19.552524745928174
25.655172 -3.6206896 -19.553089811961552
25.655172 -3.7931035 -19.553467966376815
25.655172 -3.9655173 -19.553721410317564
25.655172 -4.1379309 -19.553891444601415
25.655172 -4.3103447 -19.554005599245443
25.655172 -4.4827585 -19.55408227441475
25.655172 -4.6551723 -19.554133791872392
25.655172 -4.8275862 -19.554168413529368
25.655172 -5.0 -19.554191683929094

26.0 0.0 -18.092975387176303
26.0 -0.1724138 -18.264522052804875
26.0 -0.34482759 -18.435321689790783
26.0 -0.51724136 -18.604745065015905
26.0 -0.68965518 -18.771653508578925
26.0 -0.86206895 -18.934020845804383
26.0 -1.0344827 -19.08841364992061
26.0 -1.2068965 -19.229724201801073
26.0 -1.3793104 -19.35201962281519
26.0 -1.5517242 -19.45077930839948
26.0 -1.7241379 -19.525042947624268
26.0 -1.8965517 -19.57757736903106
26.0 -2.0689654 -19.613165875229264
26.0 -2.2413793 -19.636686369864744
26.0 -2.4137931 -19.652075037486608
26.0 -2.5862069 -19.662134017411745
26.0 -2.7586207 -19.66873276178347
26.0 -2.9310346 -19.673083391322933
26.0 -3.1034484 -19.675965796029697
26.0 -3.275862 -19.67788322438899
26.0 -3.4482758 -19.679162725142213
26.0 -3.6206896 -19.68001849482158
26.0 -3.7931035 -19.680591795744924
26.0 -3.9655173 -19.68097630193651
26.0 -4.1379309 -19.68123438866566
26.0 -4.3103447 -19.681407714284855
26.0 -4.4827585 -19.681524158573474
26.0 -4.6551723 -19.681602408028184
26.0 -4.8275862 -19.681654999755516
26.0 -5.0 -19.68169035079138
