# KROME file, XRAY He rate
# Distance = 8 kpc
# Xray rate including primary He ionization in 1/s
# first line indicates the size of the table (30x30)
# then first column is the parameter log10(nH), where nH is the H column density in cm-2
# second column is log10(xHe), where xHe = nHe/nH both in cm-2
# third column is log10(rate), where rate is in units of 1/s
30, 30
16.0 0.0 -17.647666118939107
16.0 -0.1724138 -17.645166045180105
16.0 -0.34482759 -17.641481807113045
16.0 -0.51724136 -17.636065818397622
16.0 -0.68965518 -17.628138990135195
16.0 -0.86206895 -17.616615410113116
16.0 -1.0344827 -17.600026646150788
16.0 -1.2068965 -17.57647283223288
16.0 -1.3793104 -17.543648356046276
16.0 -1.5517242 -17.499003780599637
16.0 -1.7241379 -17.44008568419208
16.0 -1.8965517 -17.365017336113528
16.0 -2.0689654 -17.272964885787147
16.0 -2.2413793 -17.16437059634266
16.0 -2.4137931 -17.040827417022363
16.0 -2.5862069 -16.90466276141371
16.0 -2.7586207 -16.758440752311017
16.0 -2.9310346 -16.604568638714017
16.0 -3.1034484 -16.44508157599157
16.0 -3.275862 -16.28158054566593
16.0 -3.4482758 -16.115263498283593
16.0 -3.6206896 -15.946997414138465
16.0 -3.7931035 -15.777394610609692
16.0 -3.9655173 -15.60688109140119
16.0 -4.1379309 -15.43574980744952
16.0 -4.3103447 -15.264200289090677
16.0 -4.4827585 -15.092368545004332
16.0 -4.6551723 -14.920346521021239
16.0 -4.8275862 -14.748196224995931
16.0 -5.0 -14.57595974523903

16.344828 0.0 -17.647706786408502
16.344828 -0.1724138 -17.6452002482017
16.344828 -0.34482759 -17.641510346484093
16.344828 -0.51724136 -17.6360893232014
16.344828 -0.68965518 -17.628158033239902
16.344828 -0.86206895 -17.616630580719555
16.344828 -1.0344827 -17.600038559838715
16.344828 -1.2068965 -17.57648209367611
16.344828 -1.3793104 -17.543655509986007
16.344828 -1.5517242 -17.49900928016489
16.344828 -1.7241379 -17.44008988587203
16.344828 -1.8965517 -17.36502051480365
16.344828 -2.0689654 -17.272967257190064
16.344828 -2.2413793 -17.16437233590311
16.344828 -2.4137931 -17.040828670815294
16.344828 -2.5862069 -16.904663650413593
16.344828 -2.7586207 -16.758441373948273
16.344828 -2.9310346 -16.60456906862409
16.344828 -3.1034484 -16.44508187083922
16.344828 -3.275862 -16.28158074665848
16.344828 -3.4482758 -16.115263634706704
16.344828 -3.6206896 -15.946997506456732
16.344828 -3.7931035 -15.777394672952289
16.344828 -3.9655173 -15.606881133441409
16.344828 -4.1379309 -15.435749835771615
16.344828 -4.3103447 -15.264200308158498
16.344828 -4.4827585 -15.092368557836041
16.344828 -4.6551723 -14.920346529653768
16.344828 -4.8275862 -14.748196230802295
16.344828 -5.0 -14.575959749143944

16.689655 0.0 -17.64776726758128
16.689655 -0.1724138 -17.64525111604811
16.689655 -0.34482759 -17.641552791654995
16.689655 -0.51724136 -17.636124281065232
16.689655 -0.68965518 -17.628186355623214
16.689655 -0.86206895 -17.616653143788803
16.689655 -1.0344827 -17.600056279035606
16.689655 -1.2068965 -17.57649586825885
16.689655 -1.3793104 -17.543666150104475
16.689655 -1.5517242 -17.499017459734663
16.689655 -1.7241379 -17.44009613508888
16.689655 -1.8965517 -17.365025242516108
16.689655 -2.0689654 -17.272970784212777
16.689655 -2.2413793 -17.164374923176762
16.689655 -2.4137931 -17.040830535599348
16.689655 -2.5862069 -16.90466497263539
16.689655 -2.7586207 -16.758442298517718
16.689655 -2.9310346 -16.60456970803499
16.689655 -3.1034484 -16.445082309369944
16.689655 -3.275862 -16.281581045597267
16.689655 -3.4482758 -16.115263837610527
16.689655 -3.6206896 -15.94699764376285
16.689655 -3.7931035 -15.777394765675211
16.689655 -3.9655173 -15.60688119596835
16.689655 -4.1379309 -15.43574987789542
16.689655 -4.3103447 -15.264200336518305
16.689655 -4.4827585 -15.092368576920798
16.689655 -4.6551723 -14.920346542493037
16.689655 -4.8275862 -14.74819623943817
16.689655 -5.0 -14.575959754951771

17.034483 0.0 -17.647857212494102
17.034483 -0.1724138 -17.64532676595708
17.034483 -0.34482759 -17.64161591656885
17.034483 -0.51724136 -17.63617627155322
17.034483 -0.68965518 -17.628228478151616
17.034483 -0.86206895 -17.616686701131382
17.034483 -1.0344827 -17.600082632472123
17.034483 -1.2068965 -17.57651635508125
17.034483 -1.3793104 -17.543681975140277
17.034483 -1.5517242 -17.4990296252374
17.034483 -1.7241379 -17.440105429587664
17.034483 -1.8965517 -17.365032274077702
17.034483 -2.0689654 -17.27297602998045
17.034483 -2.2413793 -17.164378771247662
17.034483 -2.4137931 -17.040833309105157
17.034483 -2.5862069 -16.90466693918392
17.034483 -2.7586207 -16.758443673634982
17.034483 -2.9310346 -16.604570659034096
17.034483 -3.1034484 -16.44508296159879
17.034483 -3.275862 -16.28158149021029
17.034483 -3.4482758 -16.115264139390266
17.034483 -3.6206896 -15.946997847978825
17.034483 -3.7931035 -15.7773949035824
17.034483 -3.9655173 -15.606881288964928
17.034483 -4.1379309 -15.435749940546327
17.034483 -4.3103447 -15.264200378697963
17.034483 -4.4827585 -15.092368605305637
17.034483 -4.6551723 -14.920346561588932
17.034483 -4.8275862 -14.748196252282343
17.034483 -5.0 -14.575959763589774

17.379311 0.0 -17.647990965459826
17.379311 -0.1724138 -17.645439264810996
17.379311 -0.34482759 -17.641709791919123
17.379311 -0.51724136 -17.6362535902144
17.379311 -0.68965518 -17.628291122692882
17.379311 -0.86206895 -17.616736608356856
17.379311 -1.0344827 -17.60012182640337
17.379311 -1.2068965 -17.576546824244584
17.379311 -1.3793104 -17.5437055111986
17.379311 -1.5517242 -17.499047718676238
17.379311 -1.7241379 -17.440119253093215
17.379311 -1.8965517 -17.36504273197863
17.379311 -2.0689654 -17.272983831907535
17.379311 -2.2413793 -17.164384494405933
17.379311 -2.4137931 -17.040837434082075
17.379311 -2.5862069 -16.904669863988456
17.379311 -2.7586207 -16.75844571881565
17.379311 -2.9310346 -16.60457207343284
17.379311 -3.1034484 -16.445083931643186
17.379311 -3.275862 -16.281582151472467
17.379311 -3.4482758 -16.115264588219887
17.379311 -3.6206896 -15.946998151704209
17.379311 -3.7931035 -15.777395108688347
17.379311 -3.9655173 -15.606881427276427
17.379311 -4.1379309 -15.43575003372546
17.379311 -4.3103447 -15.264200441430715
17.379311 -4.4827585 -15.092368647521697
17.379311 -4.6551723 -14.920346589989782
17.379311 -4.8275862 -14.748196271385158
17.379311 -5.0 -14.57595977643686

17.724138 0.0 -17.648189843231066
17.724138 -0.1724138 -17.645606547138268
17.724138 -0.34482759 -17.64184938696782
17.724138 -0.51724136 -17.63636856884524
17.724138 -0.68965518 -17.62838428247993
17.724138 -0.86206895 -17.616810828055094
17.724138 -1.0344827 -17.600180114928882
17.724138 -1.2068965 -17.576592138124497
17.724138 -1.3793104 -17.543740514504904
17.724138 -1.5517242 -17.499074627794386
17.724138 -1.7241379 -17.440139811917096
17.724138 -1.8965517 -17.365058285379803
17.724138 -2.0689654 -17.27299543524392
17.724138 -2.2413793 -17.16439300611043
17.724138 -2.4137931 -17.040843568903643
17.724138 -2.5862069 -16.904674213864364
17.724138 -2.7586207 -16.75844876048044
17.724138 -2.9310346 -16.60457417697516
17.724138 -3.1034484 -16.445085374325775
17.724138 -3.275862 -16.28158313492342
17.724138 -3.4482758 -16.11526525573396
17.724138 -3.6206896 -15.946998603414439
17.724138 -3.7931035 -15.777395413728518
17.724138 -3.9655173 -15.606881632977725
17.724138 -4.1379309 -15.43575017230445
17.724138 -4.3103447 -15.264200534728868
17.724138 -4.4827585 -15.09236871030677
17.724138 -4.6551723 -14.92034663222843
17.724138 -4.8275862 -14.748196299795474
17.724138 -5.0 -14.575959795543458

18.068966 0.0 -17.648485514065964
18.068966 -0.1724138 -17.64585526143933
18.068966 -0.34482759 -17.64205694770839
18.068966 -0.51724136 -17.636539536393965
18.068966 -0.68965518 -17.628522812387843
18.068966 -0.86206895 -17.616921197754955
18.068966 -1.0344827 -17.600266796418154
18.068966 -1.2068965 -17.576659526374268
18.068966 -1.3793104 -17.543792570273233
18.068966 -1.5517242 -17.499114646564504
18.068966 -1.7241379 -17.4401703868213
18.068966 -1.8965517 -17.3650814163243
18.068966 -2.0689654 -17.273012691679337
18.068966 -2.2413793 -17.164405664674
18.068966 -2.4137931 -17.040852692567515
18.068966 -2.5862069 -16.9046806829608
18.068966 -2.7586207 -16.758453284011626
18.068966 -2.9310346 -16.60457730533767
18.068966 -3.1034484 -16.445087519864177
18.068966 -3.275862 -16.28158459749785
18.068966 -3.4482758 -16.115266248451128
18.068966 -3.6206896 -15.946999275191114
18.068966 -3.7931035 -15.777395867379601
18.068966 -3.9655173 -15.606881938893515
18.068966 -4.1379309 -15.435750378396962
18.068966 -4.3103447 -15.264200673480419
18.068966 -4.4827585 -15.092368803679742
18.068966 -4.6551723 -14.920346695045081
18.068966 -4.8275862 -14.748196342046848
18.068966 -5.0 -14.575959823958486

18.413794 0.0 -17.648924990779623
18.413794 -0.1724138 -17.646224979294274
18.413794 -0.34482759 -17.64236551599964
18.413794 -0.51724136 -17.63679372232766
18.413794 -0.68965518 -17.628728784719957
18.413794 -0.86206895 -17.6170853090316
18.413794 -1.0344827 -17.60039569071077
18.413794 -1.2068965 -17.576759735165396
18.413794 -1.3793104 -17.543869980923457
18.413794 -1.5517242 -17.49917415825034
18.413794 -1.7241379 -17.440215854987382
18.413794 -1.8965517 -17.36511581465876
18.413794 -2.0689654 -17.273038353972293
18.413794 -2.2413793 -17.164424489385173
18.413794 -2.4137931 -17.040866260458852
18.413794 -2.5862069 -16.904690303199256
18.413794 -2.7586207 -16.758460010974467
18.413794 -2.9310346 -16.604581957532464
18.413794 -3.1034484 -16.44509071049561
18.413794 -3.275862 -16.281586772491437
18.413794 -3.4482758 -16.11526772471942
18.413794 -3.6206896 -15.947000274188863
18.413794 -3.7931035 -15.777396542003036
18.413794 -3.9655173 -15.60688239382007
18.413794 -4.1379309 -15.435750684876549
18.413794 -4.3103447 -15.264200879817434
18.413794 -4.4827585 -15.092368942534403
18.413794 -4.6551723 -14.920346788459526
18.413794 -4.8275862 -14.748196404878732
18.413794 -5.0 -14.575959866214385

18.758621 0.0 -17.649578004484546
18.758621 -0.1724138 -17.646774418535482
18.758621 -0.34482759 -17.642824137759042
18.758621 -0.51724136 -17.637171557209726
18.758621 -0.68965518 -17.629034981284583
18.758621 -0.86206895 -17.61732929472971
18.758621 -1.0344827 -17.60058733131137
18.758621 -1.2068965 -17.576908733341966
18.758621 -1.3793104 -17.54398508508454
18.758621 -1.5517242 -17.499262649935567
18.758621 -1.7241379 -17.44028346535948
18.758621 -1.8965517 -17.36516696468423
18.758621 -2.0689654 -17.273076513621476
18.758621 -2.2413793 -17.164452481552946
18.758621 -2.4137931 -17.040886435728865
18.758621 -2.5862069 -16.90470460832057
18.758621 -2.7586207 -16.758470013820617
18.758621 -2.9310346 -16.604588875229318
18.758621 -3.1034484 -16.44509545487678
18.758621 -3.275862 -16.281590006643263
18.758621 -3.4482758 -16.11526991988535
18.758621 -3.6206896 -15.947001759667184
18.758621 -3.7931035 -15.777397545146524
18.758621 -3.9655173 -15.606883070281132
18.758621 -4.1379309 -15.43575114060169
18.758621 -4.3103447 -15.264201186633802
18.758621 -4.4827585 -15.092369149006707
18.758621 -4.6551723 -14.920346927363719
18.758621 -4.8275862 -14.748196498307662
18.758621 -5.0 -14.575959929047507

19.103449 0.0 -17.650547853669
19.103449 -0.1724138 -17.647590615284265
19.103449 -0.34482759 -17.643505550434625
19.103449 -0.51724136 -17.637733028664492
19.103449 -0.68965518 -17.62949006018662
19.103449 -0.86206895 -17.61769195673079
19.103449 -1.0344827 -17.600872214393533
19.103449 -1.2068965 -17.57713024252892
19.103449 -1.3793104 -17.54415621438559
19.103449 -1.5517242 -17.499394218017322
19.103449 -1.7241379 -17.44038398937791
19.103449 -1.8965517 -17.365243015900127
19.103449 -2.0689654 -17.273133250493345
19.103449 -2.2413793 -17.164494101018587
19.103449 -2.4137931 -17.040916432708034
19.103449 -2.5862069 -16.904725877355855
19.103449 -2.7586207 -16.758484886120332
19.103449 -2.9310346 -16.604599160475505
19.103449 -3.1034484 -16.445102508815722
19.103449 -3.275862 -16.281594815167033
19.103449 -3.4482758 -16.11527318364507
19.103449 -3.6206896 -15.947003968265658
19.103449 -3.7931035 -15.77739903661215
19.103449 -3.9655173 -15.60688407603756
19.103449 -4.1379309 -15.43575181816968
19.103449 -4.3103447 -15.264201642805501
19.103449 -4.4827585 -15.092369455987752
19.103449 -4.6551723 -14.920347133885127
19.103449 -4.8275862 -14.748196637216884
19.103449 -5.0 -14.575960022467171

19.448277 0.0 -17.651987241313133
19.448277 -0.1724138 -17.648802347948294
19.448277 -0.34482759 -17.644517459384414
19.448277 -0.51724136 -17.63856702271626
19.448277 -0.68965518 -17.63016616215362
19.448277 -0.86206895 -17.618230851227374
19.448277 -1.0344827 -17.60129559400708
19.448277 -1.2068965 -17.5774594745463
19.448277 -1.3793104 -17.544410585756236
19.448277 -1.5517242 -17.499589794342434
19.448277 -1.7241379 -17.44053342293074
19.448277 -1.8965517 -17.365356070979722
19.448277 -2.0689654 -17.273217593748114
19.448277 -2.2413793 -17.164555970989536
19.448277 -2.4137931 -17.040961024841913
19.448277 -2.5862069 -16.904757494720837
19.448277 -2.7586207 -16.758506994324826
19.448277 -2.9310346 -16.604614449789214
19.448277 -3.1034484 -16.445112994661045
19.448277 -3.275862 -16.28160196313158
19.448277 -3.4482758 -16.11527803527872
19.448277 -3.6206896 -15.947007251380171
19.448277 -3.7931035 -15.777401253696045
19.448277 -3.9655173 -15.606885571107235
19.448277 -4.1379309 -15.43575282538267
19.448277 -4.3103447 -15.264202320910043
19.448277 -4.4827585 -15.092369912318565
19.448277 -4.6551723 -14.920347440881507
19.448277 -4.8275862 -14.748196843706975
19.448277 -5.0 -14.575960161336528

19.793104 0.0 -17.654121240145084
19.793104 -0.1724138 -17.65059967993016
19.793104 -0.34482759 -17.646019009282103
19.793104 -0.51724136 -17.639805008383945
19.793104 -0.68965518 -17.631170081345303
19.793104 -0.86206895 -17.6190312444857
19.793104 -1.0344827 -17.60192455117846
19.793104 -1.2068965 -17.577948648204025
19.793104 -1.3793104 -17.544788574657282
19.793104 -1.5517242 -17.49988043717445
19.793104 -1.7241379 -17.440755503260743
19.793104 -1.8965517 -17.365524090766282
19.793104 -2.0689654 -17.27334294314973
19.793104 -2.2413793 -17.164647920518266
19.793104 -2.4137931 -17.041027295894757
19.793104 -2.5862069 -16.904804482730334
19.793104 -2.7586207 -16.75853985005161
19.793104 -2.9310346 -16.604637171580155
19.793104 -3.1034484 -16.44512857782762
19.793104 -3.275862 -16.28161258578417
19.793104 -3.4482758 -16.115285245314144
19.793104 -3.6206896 -15.94701213042266
19.793104 -3.7931035 -15.777404548504148
19.793104 -3.9655173 -15.606887792928095
19.793104 -4.1379309 -15.435754322199507
19.793104 -4.3103447 -15.26420332863918
19.793104 -4.4827585 -15.092370590470233
19.793104 -4.6551723 -14.920347897107698
19.793104 -4.8275862 -14.748197150571102
19.793104 -5.0 -14.575960367709724

20.137932 0.0 -17.65728015971678
20.137932 -0.1724138 -17.653262097108396
20.137932 -0.34482759 -17.648244621013852
20.137932 -0.51724136 -17.641640928995564
20.137932 -0.68965518 -17.63265956425166
20.137932 -0.86206895 -17.620219221298782
20.137932 -1.0344827 -17.602858367216324
20.137932 -1.2068965 -17.578675100383474
20.137932 -1.3793104 -17.54535000643385
20.137932 -1.5517242 -17.500312180716982
20.137932 -1.7241379 -17.441085419739718
20.137932 -1.8965517 -17.36577370352753
20.137932 -2.0689654 -17.273529165128625
20.137932 -2.2413793 -17.16478452179005
20.137932 -2.4137931 -17.041125747588442
20.137932 -2.5862069 -16.904874286691992
20.137932 -2.7586207 -16.758588658893377
20.137932 -2.9310346 -16.60467092559768
20.137932 -3.1034484 -16.445151726985944
20.137932 -3.275862 -16.281628365892473
20.137932 -3.4482758 -16.115295955885333
20.137932 -3.6206896 -15.94701937826273
20.137932 -3.7931035 -15.77740944294718
20.137932 -3.9655173 -15.606891093442346
20.137932 -4.1379309 -15.435756545718473
20.137932 -4.3103447 -15.264204825618245
20.137932 -4.4827585 -15.092371597862392
20.137932 -4.6551723 -14.920348574830072
20.137932 -4.8275862 -14.748197606416577
20.137932 -5.0 -14.57596067427627

20.482758 0.0 -17.661945487753723
20.482758 -0.1724138 -17.657198210476732
20.482758 -0.34482759 -17.651537894288683
20.482758 -0.51724136 -17.644359686183495
20.482758 -0.68965518 -17.63486678538452
20.482758 -0.86206895 -17.621980657080567
20.482758 -1.0344827 -17.604243595478703
20.482758 -1.2068965 -17.57975310559691
20.482758 -1.3793104 -17.546183343252142
20.482758 -1.5517242 -17.500953126211364
20.482758 -1.7241379 -17.441575244057148
20.482758 -1.8965517 -17.366144317325592
20.482758 -2.0689654 -17.273805661332776
20.482758 -2.2413793 -17.164987340433814
20.482758 -2.4137931 -17.041271920717367
20.482758 -2.5862069 -16.904977923749247
20.482758 -2.7586207 -16.758661123375116
20.482758 -2.9310346 -16.60472103802771
20.482758 -3.1034484 -16.445186094658386
20.482758 -3.275862 -16.281651793136273
20.482758 -3.4482758 -16.115311856767757
20.482758 -3.6206896 -15.947030138339429
20.482758 -3.7931035 -15.777416709171204
20.482758 -3.9655173 -15.606895993331522
20.482758 -4.1379309 -15.435759846713708
20.482758 -4.3103447 -15.264207048003719
20.482758 -4.4827585 -15.092373093415919
20.482758 -4.6551723 -14.920349580962247
20.482758 -4.8275862 -14.748198283154853
20.482758 -5.0 -14.57596112939821

20.827587 0.0 -17.668812435410022
20.827587 -0.1724138 -17.66300061820111
20.827587 -0.34482759 -17.656399038430525
20.827587 -0.51724136 -17.648377409847345
20.827587 -0.68965518 -17.638131832492096
20.827587 -0.86206895 -17.62458847885511
20.827587 -1.0344827 -17.606295845004414
20.827587 -1.2068965 -17.581351034678637
20.827587 -1.3793104 -17.547419062626854
20.827587 -1.5517242 -17.50190378930597
20.827587 -1.7241379 -17.44230186314147
20.827587 -1.8965517 -17.36669413085928
20.827587 -2.0689654 -17.274215854203266
20.827587 -2.2413793 -17.165288224530705
20.827587 -2.4137931 -17.04148876395287
20.827587 -2.5862069 -16.905131661152016
20.827587 -2.7586207 -16.75876861566842
20.827587 -2.9310346 -16.604795372056035
20.827587 -3.1034484 -16.445237072893846
20.827587 -3.275862 -16.281686542782882
20.827587 -3.4482758 -16.115335442346165
20.827587 -3.6206896 -15.947046098525862
20.827587 -3.7931035 -15.777427486956018
20.827587 -3.9655173 -15.606903261177333
20.827587 -4.1379309 -15.435764742962503
20.827587 -4.3103447 -15.264210344384564
20.827587 -4.4827585 -15.092375311712226
20.827587 -4.6551723 -14.920351073318
20.827587 -4.8275862 -14.748199286933348
20.827587 -5.0 -14.575961804461977

21.172413 0.0 -17.67886972958412
21.172413 -0.1724138 -17.671517717356924
21.172413 -0.34482759 -17.663548263524483
21.172413 -0.51724136 -17.65429621758574
21.172413 -0.68965518 -17.642948900661143
21.172413 -0.86206895 -17.628440718342777
21.172413 -1.0344827 -17.609330471379653
21.172413 -1.2068965 -17.58371569828362
21.172413 -1.3793104 -17.549248730933204
21.172413 -1.5517242 -17.503311898813894
21.172413 -1.7241379 -17.443378345236866
21.172413 -1.8965517 -17.367508752584936
21.172413 -2.0689654 -17.274823619931418
21.172413 -2.2413793 -17.165734020469582
21.172413 -2.4137931 -17.041810028985637
21.172413 -2.5862069 -16.90535942069275
21.172413 -2.7586207 -16.758927857112695
21.172413 -2.9310346 -16.60490548838897
21.172413 -3.1034484 -16.445312588675776
21.172413 -3.275862 -16.281738017645726
21.172413 -3.4482758 -16.115370379343513
21.172413 -3.6206896 -15.947069739914944
21.172413 -3.7931035 -15.777443451693182
21.172413 -3.9655173 -15.606914026723793
21.172413 -4.1379309 -15.435771995543154
21.172413 -4.3103447 -15.26421522714707
21.172413 -4.4827585 -15.09237859755809
21.172413 -4.6551723 -14.920353283864214
21.172413 -4.8275862 -14.748200773775464
21.172413 -5.0 -14.57596280439655

21.517242 0.0 -17.6934933242602
21.517242 -0.1724138 -17.683942060848356
21.517242 -0.34482759 -17.67400663214778
21.517242 -0.51724136 -17.66297609612865
21.517242 -0.68965518 -17.65002835966301
21.517242 -0.86206895 -17.634112602742434
21.517242 -1.0344827 -17.613805200774607
21.517242 -1.2068965 -17.58720651915383
21.517242 -1.3793104 -17.551951978372987
21.517242 -1.5517242 -17.505393426680012
21.517242 -1.7241379 -17.44497013586424
21.517242 -1.8965517 -17.368713497396744
21.517242 -2.0689654 -17.275722468267176
21.517242 -2.2413793 -17.166393300195452
21.517242 -2.4137931 -17.042285110954936
21.517242 -2.5862069 -16.905696204581087
21.517242 -2.7586207 -16.75916330990868
21.517242 -2.9310346 -16.605068297142306
21.517242 -3.1034484 -16.445424235728982
21.517242 -3.275862 -16.281814119062826
21.517242 -3.4482758 -16.11542202985336
21.517242 -3.6206896 -15.94710469063236
21.517242 -3.7931035 -15.7774670532576
21.517242 -3.9655173 -15.60692994193129
21.517242 -4.1379309 -15.43578271732322
21.517242 -4.3103447 -15.26422244550882
21.517242 -4.4827585 -15.092383455131362
21.517242 -4.6551723 -14.92035655178248
21.517242 -4.8275862 -14.748202971817765
21.517242 -5.0 -14.575964282628249

21.862068 0.0 -17.714533009144073
21.862068 -0.1724138 -17.70190176155462
21.862068 -0.34482759 -17.689186451597276
21.862068 -0.51724136 -17.675620004002713
21.862068 -0.68965518 -17.66037352062101
21.862068 -0.86206895 -17.64242317348546
21.862068 -1.0344827 -17.620376027067014
21.862068 -1.2068965 -17.59234116658211
21.862068 -1.3793104 -17.55593297366812
21.862068 -1.5517242 -17.50846125046152
21.862068 -1.7241379 -17.447317230906144
21.862068 -1.8965517 -17.370490255048534
21.862068 -2.0689654 -17.27704813995471
21.862068 -2.2413793 -17.167365587967623
21.862068 -2.4137931 -17.042985681091416
21.862068 -2.5862069 -16.906192785064803
21.862068 -2.7586207 -16.75951044813702
21.862068 -2.9310346 -16.605308315428903
21.862068 -3.1034484 -16.44558882047852
21.862068 -3.275862 -16.281926299571822
21.862068 -3.4482758 -16.115498165272808
21.862068 -3.6206896 -15.947156208691421
21.862068 -3.7931035 -15.777501841955399
21.862068 -3.9655173 -15.606953400719553
21.862068 -4.1379309 -15.435798520972023
21.862068 -4.3103447 -15.264233085155968
21.862068 -4.4827585 -15.092390615026535
21.862068 -4.6551723 -14.920361368571527
21.862068 -4.8275862 -14.748206211645403
21.862068 -5.0 -14.575966461481489

22.206898 0.0 -17.74434813674979
22.206898 -0.1724138 -17.72752420936353
22.206898 -0.34482759 -17.710970947794785
22.206898 -0.51724136 -17.693860030345245
22.206898 -0.68965518 -17.675365839007085
22.206898 -0.86206895 -17.654514116309603
22.206898 -1.0344827 -17.629966402816745
22.206898 -1.2068965 -17.599853833424145
22.206898 -1.3793104 -17.561767982380374
22.206898 -1.5517242 -17.51296301440258
22.206898 -1.7241379 -17.45076367913409
22.206898 -1.8965517 -17.373100007137186
22.206898 -2.0689654 -17.2789954329087
22.206898 -2.2413793 -17.168793673813926
22.206898 -2.4137931 -17.04401452499756
22.206898 -2.5862069 -16.906921943550373
22.206898 -2.7586207 -16.760020103339297
22.206898 -2.9310346 -16.605660663124166
22.206898 -3.1034484 -16.445830411701607
22.206898 -3.275862 -16.28209095766663
22.206898 -3.4482758 -16.115609911807915
22.206898 -3.6206896 -15.947231821264708
22.206898 -3.7931035 -15.777552899965494
22.206898 -3.9655173 -15.606987829787418
22.206898 -4.1379309 -15.435821714828494
22.206898 -4.3103447 -15.264248700086197
22.206898 -4.4827585 -15.092401122967225
22.206898 -4.6551723 -14.920368437723393
22.206898 -4.8275862 -14.74821096642882
22.206898 -5.0 -14.575969659170605

22.551723 0.0 -17.785699290715282
22.551723 -0.1724138 -17.76339719218331
22.551723 -0.34482759 -17.741726336875754
22.551723 -0.51724136 -17.71980380655552
22.551723 -0.68965518 -17.696831004527755
22.551723 -0.86206895 -17.671923313848172
22.551723 -1.0344827 -17.643839233837358
22.551723 -1.2068965 -17.61076013151422
22.551723 -1.3793104 -17.570260617591977
22.551723 -1.5517242 -17.519526247881142
22.551723 -1.7241379 -17.45579323258659
22.551723 -1.8965517 -17.376910204189393
22.551723 -2.0689654 -17.281838685258084
22.551723 -2.2413793 -17.170878580061714
22.551723 -2.4137931 -17.04551625581114
22.551723 -2.5862069 -16.90798601090207
22.551723 -2.7586207 -16.760763702466633
22.551723 -2.9310346 -16.6061746660592
22.551723 -3.1034484 -16.44618280173914
22.551723 -3.275862 -16.2823311106117
22.551723 -3.4482758 -16.115772883510026
22.551723 -3.6206896 -15.947342090293438
22.551723 -3.7931035 -15.777627357834298
22.551723 -3.9655173 -15.60703803666634
22.551723 -4.1379309 -15.435855537271465
22.551723 -4.3103447 -15.264271470348032
22.551723 -4.4827585 -15.092416445934203
22.551723 -4.6551723 -14.920378746110694
22.551723 -4.8275862 -14.748217899935154
22.551723 -5.0 -14.575974322086505

22.896551 0.0 -17.841402841403184
22.896551 -0.1724138 -17.812328841707394
22.896551 -0.34482759 -17.78415800562516
22.896551 -0.51724136 -17.75597012214676
22.896551 -0.68965518 -17.727033432104044
22.896551 -0.86206895 -17.69661705266678
22.896551 -1.0344827 -17.66364825332954
22.896551 -1.2068965 -17.62641391039113
22.896551 -1.3793104 -17.582495624639357
22.896551 -1.5517242 -17.52900489623149
22.896551 -1.7241379 -17.463067233575096
22.896551 -1.8965517 -17.382424243498676
22.896551 -2.0689654 -17.2859538923018
22.896551 -2.2413793 -17.173895675408577
22.896551 -2.4137931 -17.04768878675682
22.896551 -2.5862069 -16.909524894651707
22.896551 -2.7586207 -16.76183881430973
22.896551 -2.9310346 -16.60691765478766
22.896551 -3.1034484 -16.446692092635054
22.896551 -3.275862 -16.282678147859805
22.896551 -3.4482758 -16.11600836783123
22.896551 -3.6206896 -15.947501412605218
22.896551 -3.7931035 -15.777734933794545
22.896551 -3.9655173 -15.607110572944459
22.896551 -4.1379309 -15.435904401209124
22.896551 -4.3103447 -15.264304366546899
22.896551 -4.4827585 -15.092438582826121
22.896551 -4.6551723 -14.920393638413746
22.896551 -4.8275862 -14.748227916579994
22.896551 -5.0 -14.575981058453555

23.241379 0.0 -17.91380221434783
23.241379 -0.1724138 -17.876853454898296
23.241379 -0.34482759 -17.84090789582345
23.241379 -0.51724136 -17.804999497484886
23.241379 -0.68965518 -17.76849612211453
23.241379 -0.86206895 -17.730898613383903
23.241379 -1.0344827 -17.69140791606481
23.241379 -1.2068965 -17.64851278943537
23.241379 -1.3793104 -17.599860869522825
23.241379 -1.5517242 -17.54250576657704
23.241379 -1.7241379 -17.47344920913162
23.241379 -1.8965517 -17.390301643806275
23.241379 -2.0689654 -17.29183402861976
23.241379 -2.2413793 -17.17820573519205
23.241379 -2.4137931 -17.050791055866643
23.241379 -2.5862069 -16.91172136690966
23.241379 -2.7586207 -16.76337272932447
23.241379 -2.9310346 -16.60797737486841
23.241379 -3.1034484 -16.44741831528186
23.241379 -3.275862 -16.283172918001576
23.241379 -3.4482758 -16.116344055317718
23.241379 -3.6206896 -15.94772850990033
23.241379 -3.7931035 -15.777888262887002
23.241379 -3.9655173 -15.607213955393673
23.241379 -4.1379309 -15.435974042677906
23.241379 -4.3103447 -15.264351249719448
23.241379 -4.4827585 -15.092470131592869
23.241379 -4.6551723 -14.920414862249524
23.241379 -4.8275862 -14.748242191765884
23.241379 -5.0 -14.575990658725756

23.586206 0.0 -18.004660992306057
23.586206 -0.1724138 -17.958820264433054
23.586206 -0.34482759 -17.91401472845244
23.586206 -0.51724136 -17.869121990266137
23.586206 -0.68965518 -17.823559951850665
23.586206 -0.86206895 -17.777090144948442
23.586206 -1.0344827 -17.729288774750753
23.586206 -1.2068965 -17.678978379110692
23.586206 -1.3793104 -17.623981852308486
23.586206 -1.5517242 -17.56135375498986
23.586206 -1.7241379 -17.487985791473655
23.586206 -1.8965517 -17.40134641615532
23.586206 -2.0689654 -17.300080953516275
23.586206 -2.2413793 -17.18424878436687
23.586206 -2.4137931 -17.055138225408136
23.586206 -2.5862069 -16.914797374245715
23.586206 -2.7586207 -16.76551969971615
23.586206 -2.9310346 -16.60945997815568
23.586206 -3.1034484 -16.448433999934316
23.586206 -3.275862 -16.28386472864533
23.586206 -3.4482758 -16.116813348453853
23.586206 -3.6206896 -15.948045955239042
23.586206 -3.7931035 -15.778102574500942
23.586206 -3.9655173 -15.607358447280454
23.586206 -4.1379309 -15.436071372945628
23.586206 -4.3103447 -15.264416771503221
23.586206 -4.4827585 -15.092514221936984
23.586206 -4.6551723 -14.920444522843145
23.586206 -4.8275862 -14.748262141369523
23.586206 -5.0 -14.576004075055213

23.931034 0.0 -18.11625626816151
23.931034 -0.1724138 -18.05992536596178
23.931034 -0.34482759 -18.004898662333616
23.931034 -0.51724136 -17.949759105688464
23.931034 -0.68965518 -17.89381361565647
23.931034 -0.86206895 -17.836965642585206
23.931034 -1.0344827 -17.77914946627843
23.931034 -1.2068965 -17.719609791721187
23.931034 -1.3793104 -17.65647856760824
23.931034 -1.5517242 -17.586923113176244
23.931034 -1.7241379 -17.507787768874337
23.931034 -1.8965517 -17.41642121256492
23.931034 -2.0689654 -17.31134245265791
23.931034 -2.2413793 -17.1924978185424
23.931034 -2.4137931 -17.06106795999064
23.931034 -2.5862069 -16.91898981420406
23.931034 -2.7586207 -16.76844380021056
23.931034 -2.9310346 -16.611478057051222
23.931034 -3.1034484 -16.44981591117796
23.931034 -3.275862 -16.284805683331022
23.931034 -3.4482758 -16.11745150395791
23.931034 -3.6206896 -15.948477555971492
23.931034 -3.7931035 -15.77839392202796
23.931034 -3.9655173 -15.607554863149865
23.931034 -4.1379309 -15.436203672666482
23.931034 -4.3103447 -15.264505831310991
23.931034 -4.4827585 -15.092574149886211
23.931034 -4.6551723 -14.92048483712652
23.931034 -4.8275862 -14.748289256317781
23.931034 -5.0 -14.57602231002834

24.275862 0.0 -18.2518280225287
24.275862 -0.1724138 -18.182897927138107
24.275862 -0.34482759 -18.11545094875977
24.275862 -0.51724136 -18.048079023868546
24.275862 -0.68965518 -17.980052875295492
24.275862 -0.86206895 -17.911301964197545
24.275862 -1.0344827 -17.841930673788653
24.275862 -1.2068965 -17.771499175973574
24.275862 -1.3793104 -17.698479141187143
24.275862 -1.5517242 -17.62025915565634
24.275862 -1.7241379 -17.53374378425325
24.275862 -1.8965517 -17.4362330672961
24.275862 -2.0689654 -17.326153366624084
24.275862 -2.2413793 -17.20334245953557
24.275862 -2.4137931 -17.06885651055687
24.275862 -2.5862069 -16.924490942529747
24.275862 -2.7586207 -16.77227719231646
24.275862 -2.9310346 -16.61412174390003
24.275862 -3.1034484 -16.45162520774304
24.275862 -3.275862 -16.286037147479497
24.275862 -3.4482758 -16.118286442158794
24.275862 -3.6206896 -15.949042132332075
24.275862 -3.7931035 -15.778774980592871
24.275862 -3.9655173 -15.607811734625505
24.275862 -4.1379309 -15.436376682309506
24.275862 -4.3103447 -15.264622290623766
24.275862 -4.4827585 -15.092652512535004
24.275862 -4.6551723 -14.920537551617333
24.275862 -4.8275862 -14.74832471103644
24.275862 -5.0 -14.57604615333477

24.620689 0.0 -18.410059737721827
24.620689 -0.1724138 -18.328924570798925
24.620689 -0.34482759 -18.24772032143364
24.620689 -0.51724136 -18.165811986738817
24.620689 -0.68965518 -18.083181436259
24.620689 -0.86206895 -18.000288565196723
24.620689 -1.0344827 -17.917515371125653
24.620689 -1.2068965 -17.83456034829828
24.620689 -1.3793104 -17.750047579785754
24.620689 -1.5517242 -17.66154119246172
24.620689 -1.7241379 -17.566070870889163
24.620689 -1.8965517 -17.460979453837847
24.620689 -2.0689654 -17.34466739575717
24.620689 -2.2413793 -17.216891478440665
24.620689 -2.4137931 -17.078576617495493
24.620689 -2.5862069 -16.93134799135688
24.620689 -2.7586207 -16.777050212723744
24.620689 -2.9310346 -16.61741053265962
24.620689 -3.1034484 -16.45387449334046
24.620689 -3.275862 -16.28756733517928
24.620689 -3.4482758 -16.11932355746465
24.620689 -3.6206896 -15.949743249754759
24.620689 -3.7931035 -15.77924811850714
24.620689 -3.9655173 -15.608130640622704
24.620689 -4.1379309 -15.436591457280437
24.620689 -4.3103447 -15.2647668562134
24.620689 -4.4827585 -15.092749783788875
24.620689 -4.6551723 -14.92060298435644
24.620689 -4.8275862 -14.748368719091333
24.620689 -5.0 -14.57607574844266

24.965517 0.0 -18.577834115374877
24.965517 -0.1724138 -18.489314584001807
24.965517 -0.34482759 -18.397427134806087
24.965517 -0.51724136 -18.30178407507593
24.965517 -0.68965518 -18.203356322864177
24.965517 -0.86206895 -18.104014809247683
24.965517 -1.0344827 -18.00538355406053
24.965517 -1.2068965 -17.907811262853087
24.965517 -1.3793104 -17.81008291467999
24.965517 -1.5517242 -17.709774127138186
24.965517 -1.7241379 -17.60395234351956
24.965517 -1.8965517 -17.490016470828802
24.965517 -2.0689654 -17.366386976639042
24.965517 -2.2413793 -17.232767418057474
24.965517 -2.4137931 -17.089947923118764
24.965517 -2.5862069 -16.939357205723784
24.965517 -2.7586207 -16.78261765936574
24.965517 -2.9310346 -16.62124259975921
24.965517 -3.1034484 -16.456493239700706
24.965517 -3.275862 -16.28934783555129
24.965517 -3.4482758 -16.120529834476827
24.965517 -3.6206896 -15.950558493799528
24.965517 -3.7931035 -15.779798165804102
24.965517 -3.9655173 -15.60850133608118
24.965517 -4.1379309 -15.436841088599024
24.965517 -4.3103447 -15.264934873443343
24.965517 -4.4827585 -15.092862829866448
24.965517 -4.6551723 -14.92067902644052
24.965517 -4.8275862 -14.748419861708655
24.965517 -5.0 -14.576110141060035

25.310345 0.0 -18.74216742019136
25.310345 -0.1724138 -18.64751328524251
25.310345 -0.34482759 -18.54897831752834
25.310345 -0.51724136 -18.44437260753143
25.310345 -0.68965518 -18.333670023823874
25.310345 -0.86206895 -18.2190721346677
25.310345 -1.0344827 -18.103717983248885
25.310345 -1.2068965 -17.98969290036068
25.310345 -1.3793104 -17.876863671770302
25.310345 -1.5517242 -17.763170991018836
25.310345 -1.7241379 -17.645727386309634
25.310345 -1.8965517 -17.52192749585355
25.310345 -2.0689654 -17.390175671080428
25.310345 -2.2413793 -17.250099127521764
25.310345 -2.4137931 -17.10232552860135
25.310345 -2.5862069 -16.948053810684645
25.310345 -2.7586207 -16.788651273549156
25.310345 -2.9310346 -16.625389519422473
25.310345 -3.1034484 -16.4593241739867
25.310345 -3.275862 -16.291271172514506
25.310345 -3.4482758 -16.121832207377857
25.310345 -3.6206896 -15.951438368806015
25.310345 -3.7931035 -15.780391675062091
25.310345 -3.9655173 -15.608901255742436
25.310345 -4.1379309 -15.437110369662243
25.310345 -4.3103447 -15.265116102414417
25.310345 -4.4827585 -15.092984758886299
25.310345 -4.6551723 -14.920761040937004
25.310345 -4.8275862 -14.748475019831792
25.310345 -5.0 -14.576147233463292

25.655172 0.0 -18.908952035717327
25.655172 -0.1724138 -18.80045399654406
25.655172 -0.34482759 -18.690780108444255
25.655172 -0.51724136 -18.577174741510728
25.655172 -0.68965518 -18.457876306931805
25.655172 -0.86206895 -18.33297168094168
25.655172 -1.0344827 -18.204568811992775
25.655172 -1.2068965 -18.075509352220188
25.655172 -1.3793104 -17.947336921642897
25.655172 -1.5517242 -17.81936554954146
25.655172 -1.7241379 -17.689389179758194
25.655172 -1.8965517 -17.55502140821632
25.655172 -2.0689654 -17.414668199096628
25.655172 -2.2413793 -17.26783366292238
25.655172 -2.4137931 -17.114927847475492
25.655172 -2.5862069 -16.956874362491373
25.655172 -2.7586207 -16.794753449633014
25.655172 -2.9310346 -16.62957493415845
25.655172 -3.1034484 -16.462177232081594
25.655172 -3.275862 -16.29320757807785
25.655172 -3.4482758 -16.123142515570592
25.655172 -3.6206896 -15.95232318317089
25.655172 -3.7931035 -15.780988322840768
25.655172 -3.9655173 -15.609303202025568
25.655172 -4.1379309 -15.437380975212884
25.655172 -4.3103447 -15.2652982045692
25.655172 -4.4827585 -15.093107267120088
25.655172 -4.6551723 -14.920843441297855
25.655172 -4.8275862 -14.748530435772302
25.655172 -5.0 -14.576184498476385

26.0 0.0 -19.080044340008623
26.0 -0.1724138 -18.95462626618906
26.0 -0.34482759 -18.82746911930346
26.0 -0.51724136 -18.698146212059154
26.0 -0.68965518 -18.56630600535236
26.0 -0.86206895 -18.43162114711168
26.0 -1.0344827 -18.29410251407895
26.0 -1.2068965 -18.15460053539564
26.0 -1.3793104 -18.014357286831213
26.0 -1.5517242 -17.873773329711913
26.0 -1.7241379 -17.731920677297005
26.0 -1.8965517 -17.587222707213968
26.0 -2.0689654 -17.438397591173867
26.0 -2.2413793 -17.28492881046866
26.0 -2.4137931 -17.12701965412138
26.0 -2.5862069 -16.96530571119862
26.0 -2.7586207 -16.80056960978639
26.0 -2.9310346 -16.633555791884152
26.0 -3.1034484 -16.464886794651342
26.0 -3.275862 -16.29504467197754
26.0 -3.4482758 -16.124384727557374
26.0 -3.6206896 -15.953161601005013
26.0 -3.7931035 -15.781553495159358
26.0 -3.9655173 -15.6096838576875
26.0 -4.1379309 -15.437637207795643
26.0 -4.3103447 -15.265470616687548
26.0 -4.4827585 -15.093223248344318
26.0 -4.6551723 -14.92092144785743
26.0 -4.8275862 -14.748582895132428
26.0 -5.0 -14.57621977455656
