# KROME file, XRAY H rate
# Distance = 6 kpc
# Xray rate including primary H ionization in 1/s
# first line indicates the size of the table (30x30)
# then first column is the parameter log10(nH), where nH is the H column density in cm-2
# second column is log10(xHe), where xHe = nHe/nH both in cm-2
# third column is log10(rate), where rate is in units of 1/s
30, 30
16.0 0.0 -17.605202752981715
16.0 -0.1724138 -17.777616552981712
16.0 -0.34482759 -17.950030342981712
16.0 -0.51724136 -18.122444112981714
16.0 -0.68965518 -18.294857932981714
16.0 -0.86206895 -18.467271702981712
16.0 -1.0344827 -18.639685452981713
16.0 -1.2068965 -18.812099252981714
16.0 -1.3793104 -18.984513152981712
16.0 -1.5517242 -19.156926952981713
16.0 -1.7241379 -19.329340652981713
16.0 -1.8965517 -19.501754452981714
16.0 -2.0689654 -19.674168152981714
16.0 -2.2413793 -19.846582052981713
16.0 -2.4137931 -20.018995852981714
16.0 -2.5862069 -20.191409652981715
16.0 -2.7586207 -20.363823452981713
16.0 -2.9310346 -20.536237352981715
16.0 -3.1034484 -20.708651152981712
16.0 -3.275862 -20.881064752981715
16.0 -3.4482758 -21.053478552981712
16.0 -3.6206896 -21.225892352981713
16.0 -3.7931035 -21.398306252981715
16.0 -3.9655173 -21.570720052981713
16.0 -4.1379309 -21.743133652981715
16.0 -4.3103447 -21.915547452981713
16.0 -4.4827585 -22.087961252981714
16.0 -4.6551723 -22.260375052981715
16.0 -4.8275862 -22.432788952981713
16.0 -5.0 -22.605202752981715

16.344828 0.0 -17.605202752981715
16.344828 -0.1724138 -17.777616552981716
16.344828 -0.34482759 -17.950030342981716
16.344828 -0.51724136 -18.122444112981714
16.344828 -0.68965518 -18.294857932981714
16.344828 -0.86206895 -18.467271702981712
16.344828 -1.0344827 -18.639685452981713
16.344828 -1.2068965 -18.812099252981714
16.344828 -1.3793104 -18.984513152981712
16.344828 -1.5517242 -19.156926952981713
16.344828 -1.7241379 -19.329340652981713
16.344828 -1.8965517 -19.501754452981714
16.344828 -2.0689654 -19.674168152981714
16.344828 -2.2413793 -19.846582052981713
16.344828 -2.4137931 -20.018995852981714
16.344828 -2.5862069 -20.191409652981715
16.344828 -2.7586207 -20.363823452981713
16.344828 -2.9310346 -20.536237352981715
16.344828 -3.1034484 -20.708651152981712
16.344828 -3.275862 -20.881064752981715
16.344828 -3.4482758 -21.053478552981712
16.344828 -3.6206896 -21.225892352981713
16.344828 -3.7931035 -21.398306252981715
16.344828 -3.9655173 -21.570720052981713
16.344828 -4.1379309 -21.743133652981715
16.344828 -4.3103447 -21.915547452981713
16.344828 -4.4827585 -22.087961252981714
16.344828 -4.6551723 -22.260375052981715
16.344828 -4.8275862 -22.432788952981713
16.344828 -5.0 -22.605202752981715

16.689655 0.0 -17.605202752981715
16.689655 -0.1724138 -17.777616552981716
16.689655 -0.34482759 -17.950030342981716
16.689655 -0.51724136 -18.122444112981714
16.689655 -0.68965518 -18.294857932981714
16.689655 -0.86206895 -18.467271702981712
16.689655 -1.0344827 -18.639685452981713
16.689655 -1.2068965 -18.812099252981714
16.689655 -1.3793104 -18.984513152981712
16.689655 -1.5517242 -19.156926952981713
16.689655 -1.7241379 -19.329340652981713
16.689655 -1.8965517 -19.501754452981714
16.689655 -2.0689654 -19.674168152981714
16.689655 -2.2413793 -19.846582052981713
16.689655 -2.4137931 -20.018995852981714
16.689655 -2.5862069 -20.191409652981715
16.689655 -2.7586207 -20.363823452981713
16.689655 -2.9310346 -20.536237352981715
16.689655 -3.1034484 -20.708651152981712
16.689655 -3.275862 -20.881064752981715
16.689655 -3.4482758 -21.053478552981712
16.689655 -3.6206896 -21.225892352981713
16.689655 -3.7931035 -21.398306252981715
16.689655 -3.9655173 -21.570720052981713
16.689655 -4.1379309 -21.743133652981715
16.689655 -4.3103447 -21.915547452981713
16.689655 -4.4827585 -22.087961252981714
16.689655 -4.6551723 -22.260375052981715
16.689655 -4.8275862 -22.432788952981713
16.689655 -5.0 -22.605202752981715

17.034483 0.0 -17.605202752981715
17.034483 -0.1724138 -17.777616552981716
17.034483 -0.34482759 -17.950030342981716
17.034483 -0.51724136 -18.122444112981714
17.034483 -0.68965518 -18.294857932981714
17.034483 -0.86206895 -18.467271702981716
17.034483 -1.0344827 -18.639685452981716
17.034483 -1.2068965 -18.812099252981714
17.034483 -1.3793104 -18.984513152981712
17.034483 -1.5517242 -19.156926952981713
17.034483 -1.7241379 -19.329340652981713
17.034483 -1.8965517 -19.501754452981714
17.034483 -2.0689654 -19.674168152981714
17.034483 -2.2413793 -19.846582052981713
17.034483 -2.4137931 -20.018995852981714
17.034483 -2.5862069 -20.191409652981715
17.034483 -2.7586207 -20.363823452981713
17.034483 -2.9310346 -20.536237352981715
17.034483 -3.1034484 -20.708651152981712
17.034483 -3.275862 -20.881064752981715
17.034483 -3.4482758 -21.053478552981712
17.034483 -3.6206896 -21.225892352981713
17.034483 -3.7931035 -21.398306252981715
17.034483 -3.9655173 -21.570720052981713
17.034483 -4.1379309 -21.743133652981715
17.034483 -4.3103447 -21.915547452981713
17.034483 -4.4827585 -22.087961252981714
17.034483 -4.6551723 -22.260375052981715
17.034483 -4.8275862 -22.432788952981713
17.034483 -5.0 -22.605202752981715

17.379311 0.0 -17.605202752981715
17.379311 -0.1724138 -17.777616552981716
17.379311 -0.34482759 -17.950030342981716
17.379311 -0.51724136 -18.122444112981714
17.379311 -0.68965518 -18.294857932981714
17.379311 -0.86206895 -18.467271702981716
17.379311 -1.0344827 -18.639685452981716
17.379311 -1.2068965 -18.812099252981714
17.379311 -1.3793104 -18.984513152981716
17.379311 -1.5517242 -19.156926952981713
17.379311 -1.7241379 -19.329340652981713
17.379311 -1.8965517 -19.501754452981714
17.379311 -2.0689654 -19.674168152981714
17.379311 -2.2413793 -19.846582052981713
17.379311 -2.4137931 -20.018995852981714
17.379311 -2.5862069 -20.191409652981715
17.379311 -2.7586207 -20.363823452981713
17.379311 -2.9310346 -20.536237352981715
17.379311 -3.1034484 -20.708651152981712
17.379311 -3.275862 -20.881064752981715
17.379311 -3.4482758 -21.053478552981712
17.379311 -3.6206896 -21.225892352981713
17.379311 -3.7931035 -21.398306252981715
17.379311 -3.9655173 -21.570720052981713
17.379311 -4.1379309 -21.743133652981715
17.379311 -4.3103447 -21.915547452981713
17.379311 -4.4827585 -22.087961252981714
17.379311 -4.6551723 -22.260375052981715
17.379311 -4.8275862 -22.432788952981713
17.379311 -5.0 -22.605202752981715

17.724138 0.0 -17.605202752981715
17.724138 -0.1724138 -17.777616552981716
17.724138 -0.34482759 -17.950030342981716
17.724138 -0.51724136 -18.122444112981714
17.724138 -0.68965518 -18.294857932981714
17.724138 -0.86206895 -18.467271702981716
17.724138 -1.0344827 -18.639685452981716
17.724138 -1.2068965 -18.812099252981714
17.724138 -1.3793104 -18.984513152981716
17.724138 -1.5517242 -19.156926952981713
17.724138 -1.7241379 -19.329340652981713
17.724138 -1.8965517 -19.501754452981714
17.724138 -2.0689654 -19.674168152981714
17.724138 -2.2413793 -19.846582052981713
17.724138 -2.4137931 -20.018995852981714
17.724138 -2.5862069 -20.191409652981715
17.724138 -2.7586207 -20.363823452981713
17.724138 -2.9310346 -20.536237352981715
17.724138 -3.1034484 -20.708651152981712
17.724138 -3.275862 -20.881064752981715
17.724138 -3.4482758 -21.053478552981712
17.724138 -3.6206896 -21.225892352981713
17.724138 -3.7931035 -21.398306252981715
17.724138 -3.9655173 -21.570720052981713
17.724138 -4.1379309 -21.743133652981715
17.724138 -4.3103447 -21.915547452981713
17.724138 -4.4827585 -22.087961252981714
17.724138 -4.6551723 -22.260375052981715
17.724138 -4.8275862 -22.432788952981713
17.724138 -5.0 -22.605202752981715

18.068966 0.0 -17.605202752981715
18.068966 -0.1724138 -17.777616552981716
18.068966 -0.34482759 -17.950030342981716
18.068966 -0.51724136 -18.122444112981714
18.068966 -0.68965518 -18.294857932981714
18.068966 -0.86206895 -18.467271702981716
18.068966 -1.0344827 -18.639685452981716
18.068966 -1.2068965 -18.812099252981714
18.068966 -1.3793104 -18.984513152981716
18.068966 -1.5517242 -19.156926952981713
18.068966 -1.7241379 -19.329340652981713
18.068966 -1.8965517 -19.501754452981714
18.068966 -2.0689654 -19.674168152981714
18.068966 -2.2413793 -19.846582052981713
18.068966 -2.4137931 -20.018995852981714
18.068966 -2.5862069 -20.191409652981715
18.068966 -2.7586207 -20.363823452981713
18.068966 -2.9310346 -20.536237352981715
18.068966 -3.1034484 -20.708651152981712
18.068966 -3.275862 -20.881064752981715
18.068966 -3.4482758 -21.053478552981712
18.068966 -3.6206896 -21.225892352981713
18.068966 -3.7931035 -21.398306252981715
18.068966 -3.9655173 -21.570720052981713
18.068966 -4.1379309 -21.743133652981715
18.068966 -4.3103447 -21.915547452981713
18.068966 -4.4827585 -22.087961252981714
18.068966 -4.6551723 -22.260375052981715
18.068966 -4.8275862 -22.432788952981713
18.068966 -5.0 -22.605202752981715

18.413794 0.0 -17.605202752981715
18.413794 -0.1724138 -17.777616552981716
18.413794 -0.34482759 -17.950030342981716
18.413794 -0.51724136 -18.122444112981714
18.413794 -0.68965518 -18.294857932981714
18.413794 -0.86206895 -18.467271702981716
18.413794 -1.0344827 -18.639685452981716
18.413794 -1.2068965 -18.812099252981714
18.413794 -1.3793104 -18.984513152981716
18.413794 -1.5517242 -19.156926952981713
18.413794 -1.7241379 -19.329340652981713
18.413794 -1.8965517 -19.501754452981714
18.413794 -2.0689654 -19.674168152981714
18.413794 -2.2413793 -19.846582052981717
18.413794 -2.4137931 -20.018995852981714
18.413794 -2.5862069 -20.191409652981715
18.413794 -2.7586207 -20.363823452981713
18.413794 -2.9310346 -20.536237352981715
18.413794 -3.1034484 -20.708651152981712
18.413794 -3.275862 -20.881064752981715
18.413794 -3.4482758 -21.053478552981712
18.413794 -3.6206896 -21.225892352981713
18.413794 -3.7931035 -21.398306252981715
18.413794 -3.9655173 -21.570720052981713
18.413794 -4.1379309 -21.743133652981715
18.413794 -4.3103447 -21.915547452981713
18.413794 -4.4827585 -22.087961252981714
18.413794 -4.6551723 -22.260375052981715
18.413794 -4.8275862 -22.432788952981713
18.413794 -5.0 -22.605202752981715

18.758621 0.0 -17.605202752981715
18.758621 -0.1724138 -17.777616552981716
18.758621 -0.34482759 -17.950030342981716
18.758621 -0.51724136 -18.122444112981714
18.758621 -0.68965518 -18.294857932981714
18.758621 -0.86206895 -18.467271702981716
18.758621 -1.0344827 -18.639685452981716
18.758621 -1.2068965 -18.812099252981714
18.758621 -1.3793104 -18.984513152981716
18.758621 -1.5517242 -19.156926952981713
18.758621 -1.7241379 -19.329340652981713
18.758621 -1.8965517 -19.501754452981714
18.758621 -2.0689654 -19.674168152981714
18.758621 -2.2413793 -19.846582052981717
18.758621 -2.4137931 -20.018995852981714
18.758621 -2.5862069 -20.191409652981715
18.758621 -2.7586207 -20.363823452981713
18.758621 -2.9310346 -20.536237352981715
18.758621 -3.1034484 -20.708651152981712
18.758621 -3.275862 -20.881064752981715
18.758621 -3.4482758 -21.053478552981712
18.758621 -3.6206896 -21.225892352981713
18.758621 -3.7931035 -21.398306252981715
18.758621 -3.9655173 -21.570720052981713
18.758621 -4.1379309 -21.743133652981715
18.758621 -4.3103447 -21.915547452981713
18.758621 -4.4827585 -22.087961252981714
18.758621 -4.6551723 -22.260375052981715
18.758621 -4.8275862 -22.432788952981713
18.758621 -5.0 -22.605202752981715

19.103449 0.0 -17.605202752981715
19.103449 -0.1724138 -17.777616552981716
19.103449 -0.34482759 -17.950030342981716
19.103449 -0.51724136 -18.122444112981714
19.103449 -0.68965518 -18.294857932981714
19.103449 -0.86206895 -18.467271702981716
19.103449 -1.0344827 -18.639685452981716
19.103449 -1.2068965 -18.812099252981714
19.103449 -1.3793104 -18.984513152981716
19.103449 -1.5517242 -19.156926952981713
19.103449 -1.7241379 -19.329340652981713
19.103449 -1.8965517 -19.501754452981714
19.103449 -2.0689654 -19.674168152981714
19.103449 -2.2413793 -19.846582052981717
19.103449 -2.4137931 -20.018995852981714
19.103449 -2.5862069 -20.191409652981715
19.103449 -2.7586207 -20.363823452981713
19.103449 -2.9310346 -20.536237352981715
19.103449 -3.1034484 -20.708651152981716
19.103449 -3.275862 -20.881064752981715
19.103449 -3.4482758 -21.053478552981712
19.103449 -3.6206896 -21.225892352981713
19.103449 -3.7931035 -21.398306252981715
19.103449 -3.9655173 -21.570720052981713
19.103449 -4.1379309 -21.743133652981715
19.103449 -4.3103447 -21.915547452981713
19.103449 -4.4827585 -22.087961252981714
19.103449 -4.6551723 -22.260375052981715
19.103449 -4.8275862 -22.432788952981713
19.103449 -5.0 -22.605202752981715

19.448277 0.0 -17.605202752981715
19.448277 -0.1724138 -17.777616552981716
19.448277 -0.34482759 -17.950030342981716
19.448277 -0.51724136 -18.122444112981714
19.448277 -0.68965518 -18.294857932981714
19.448277 -0.86206895 -18.467271702981716
19.448277 -1.0344827 -18.639685452981716
19.448277 -1.2068965 -18.812099252981714
19.448277 -1.3793104 -18.984513152981716
19.448277 -1.5517242 -19.156926952981713
19.448277 -1.7241379 -19.329340652981713
19.448277 -1.8965517 -19.501754452981714
19.448277 -2.0689654 -19.674168152981714
19.448277 -2.2413793 -19.846582052981717
19.448277 -2.4137931 -20.018995852981714
19.448277 -2.5862069 -20.191409652981715
19.448277 -2.7586207 -20.363823452981713
19.448277 -2.9310346 -20.536237352981715
19.448277 -3.1034484 -20.708651152981716
19.448277 -3.275862 -20.881064752981715
19.448277 -3.4482758 -21.053478552981716
19.448277 -3.6206896 -21.225892352981713
19.448277 -3.7931035 -21.398306252981715
19.448277 -3.9655173 -21.570720052981713
19.448277 -4.1379309 -21.743133652981715
19.448277 -4.3103447 -21.915547452981713
19.448277 -4.4827585 -22.087961252981714
19.448277 -4.6551723 -22.260375052981715
19.448277 -4.8275862 -22.432788952981713
19.448277 -5.0 -22.605202752981715

19.793104 0.0 -17.605202752981715
19.793104 -0.1724138 -17.777616552981716
19.793104 -0.34482759 -17.950030342981716
19.793104 -0.51724136 -18.122444112981714
19.793104 -0.68965518 -18.294857932981714
19.793104 -0.86206895 -18.467271702981716
19.793104 -1.0344827 -18.639685452981716
19.793104 -1.2068965 -18.812099252981714
19.793104 -1.3793104 -18.984513152981716
19.793104 -1.5517242 -19.156926952981713
19.793104 -1.7241379 -19.329340652981713
19.793104 -1.8965517 -19.501754452981714
19.793104 -2.0689654 -19.674168152981714
19.793104 -2.2413793 -19.846582052981713
19.793104 -2.4137931 -20.018995852981714
19.793104 -2.5862069 -20.191409652981715
19.793104 -2.7586207 -20.363823452981716
19.793104 -2.9310346 -20.536237352981715
19.793104 -3.1034484 -20.708651152981716
19.793104 -3.275862 -20.881064752981715
19.793104 -3.4482758 -21.053478552981716
19.793104 -3.6206896 -21.225892352981713
19.793104 -3.7931035 -21.398306252981715
19.793104 -3.9655173 -21.570720052981713
19.793104 -4.1379309 -21.743133652981715
19.793104 -4.3103447 -21.915547452981713
19.793104 -4.4827585 -22.087961252981714
19.793104 -4.6551723 -22.260375052981715
19.793104 -4.8275862 -22.432788952981713
19.793104 -5.0 -22.605202752981715

20.137932 0.0 -17.605202752981715
20.137932 -0.1724138 -17.777616552981716
20.137932 -0.34482759 -17.950030342981716
20.137932 -0.51724136 -18.122444112981714
20.137932 -0.68965518 -18.294857932981714
20.137932 -0.86206895 -18.467271702981716
20.137932 -1.0344827 -18.639685452981716
20.137932 -1.2068965 -18.812099252981714
20.137932 -1.3793104 -18.984513152981716
20.137932 -1.5517242 -19.156926952981713
20.137932 -1.7241379 -19.329340652981713
20.137932 -1.8965517 -19.501754452981714
20.137932 -2.0689654 -19.674168152981714
20.137932 -2.2413793 -19.846582052981713
20.137932 -2.4137931 -20.018995852981714
20.137932 -2.5862069 -20.191409652981715
20.137932 -2.7586207 -20.363823452981716
20.137932 -2.9310346 -20.536237352981715
20.137932 -3.1034484 -20.708651152981716
20.137932 -3.275862 -20.881064752981715
20.137932 -3.4482758 -21.053478552981716
20.137932 -3.6206896 -21.225892352981713
20.137932 -3.7931035 -21.398306252981715
20.137932 -3.9655173 -21.570720052981716
20.137932 -4.1379309 -21.743133652981715
20.137932 -4.3103447 -21.915547452981713
20.137932 -4.4827585 -22.087961252981714
20.137932 -4.6551723 -22.260375052981715
20.137932 -4.8275862 -22.432788952981713
20.137932 -5.0 -22.605202752981715

20.482758 0.0 -17.605202752981715
20.482758 -0.1724138 -17.777616552981716
20.482758 -0.34482759 -17.950030342981716
20.482758 -0.51724136 -18.122444112981714
20.482758 -0.68965518 -18.294857932981714
20.482758 -0.86206895 -18.467271702981716
20.482758 -1.0344827 -18.639685452981716
20.482758 -1.2068965 -18.812099252981714
20.482758 -1.3793104 -18.984513152981716
20.482758 -1.5517242 -19.156926952981713
20.482758 -1.7241379 -19.329340652981713
20.482758 -1.8965517 -19.501754452981714
20.482758 -2.0689654 -19.674168152981714
20.482758 -2.2413793 -19.846582052981717
20.482758 -2.4137931 -20.018995852981714
20.482758 -2.5862069 -20.191409652981715
20.482758 -2.7586207 -20.363823452981713
20.482758 -2.9310346 -20.536237352981715
20.482758 -3.1034484 -20.708651152981716
20.482758 -3.275862 -20.881064752981715
20.482758 -3.4482758 -21.053478552981716
20.482758 -3.6206896 -21.225892352981713
20.482758 -3.7931035 -21.398306252981715
20.482758 -3.9655173 -21.570720052981713
20.482758 -4.1379309 -21.743133652981715
20.482758 -4.3103447 -21.915547452981713
20.482758 -4.4827585 -22.087961252981714
20.482758 -4.6551723 -22.260375052981715
20.482758 -4.8275862 -22.432788952981713
20.482758 -5.0 -22.605202752981715

20.827587 0.0 -17.605202752981715
20.827587 -0.1724138 -17.777616552981716
20.827587 -0.34482759 -17.950030342981716
20.827587 -0.51724136 -18.122444112981714
20.827587 -0.68965518 -18.294857932981714
20.827587 -0.86206895 -18.467271702981716
20.827587 -1.0344827 -18.639685452981716
20.827587 -1.2068965 -18.812099252981714
20.827587 -1.3793104 -18.984513152981716
20.827587 -1.5517242 -19.156926952981713
20.827587 -1.7241379 -19.329340652981713
20.827587 -1.8965517 -19.501754452981714
20.827587 -2.0689654 -19.674168152981714
20.827587 -2.2413793 -19.846582052981713
20.827587 -2.4137931 -20.018995852981714
20.827587 -2.5862069 -20.191409652981715
20.827587 -2.7586207 -20.363823452981716
20.827587 -2.9310346 -20.536237352981715
20.827587 -3.1034484 -20.708651152981716
20.827587 -3.275862 -20.881064752981715
20.827587 -3.4482758 -21.053478552981716
20.827587 -3.6206896 -21.225892352981713
20.827587 -3.7931035 -21.398306252981715
20.827587 -3.9655173 -21.570720052981716
20.827587 -4.1379309 -21.743133652981715
20.827587 -4.3103447 -21.915547452981716
20.827587 -4.4827585 -22.087961252981714
20.827587 -4.6551723 -22.260375052981715
20.827587 -4.8275862 -22.432788952981713
20.827587 -5.0 -22.605202752981715

21.172413 0.0 -17.605202752981715
21.172413 -0.1724138 -17.777616552981716
21.172413 -0.34482759 -17.950030342981716
21.172413 -0.51724136 -18.122444112981714
21.172413 -0.68965518 -18.294857932981714
21.172413 -0.86206895 -18.467271702981716
21.172413 -1.0344827 -18.639685452981716
21.172413 -1.2068965 -18.812099252981714
21.172413 -1.3793104 -18.984513152981716
21.172413 -1.5517242 -19.156926952981713
21.172413 -1.7241379 -19.329340652981713
21.172413 -1.8965517 -19.501754452981714
21.172413 -2.0689654 -19.674168152981714
21.172413 -2.2413793 -19.846582052981713
21.172413 -2.4137931 -20.018995852981714
21.172413 -2.5862069 -20.191409652981715
21.172413 -2.7586207 -20.363823452981716
21.172413 -2.9310346 -20.536237352981715
21.172413 -3.1034484 -20.708651152981716
21.172413 -3.275862 -20.881064752981715
21.172413 -3.4482758 -21.053478552981716
21.172413 -3.6206896 -21.225892352981713
21.172413 -3.7931035 -21.398306252981715
21.172413 -3.9655173 -21.570720052981716
21.172413 -4.1379309 -21.743133652981715
21.172413 -4.3103447 -21.915547452981716
21.172413 -4.4827585 -22.087961252981714
21.172413 -4.6551723 -22.260375052981715
21.172413 -4.8275862 -22.432788952981713
21.172413 -5.0 -22.605202752981715

21.517242 0.0 -17.605202752981715
21.517242 -0.1724138 -17.777616552981716
21.517242 -0.34482759 -17.950030342981716
21.517242 -0.51724136 -18.122444112981714
21.517242 -0.68965518 -18.294857932981714
21.517242 -0.86206895 -18.467271702981716
21.517242 -1.0344827 -18.639685452981716
21.517242 -1.2068965 -18.812099252981714
21.517242 -1.3793104 -18.984513152981716
21.517242 -1.5517242 -19.156926952981713
21.517242 -1.7241379 -19.329340652981713
21.517242 -1.8965517 -19.501754452981714
21.517242 -2.0689654 -19.674168152981714
21.517242 -2.2413793 -19.846582052981717
21.517242 -2.4137931 -20.018995852981714
21.517242 -2.5862069 -20.191409652981715
21.517242 -2.7586207 -20.363823452981713
21.517242 -2.9310346 -20.536237352981715
21.517242 -3.1034484 -20.708651152981716
21.517242 -3.275862 -20.881064752981715
21.517242 -3.4482758 -21.053478552981716
21.517242 -3.6206896 -21.225892352981713
21.517242 -3.7931035 -21.398306252981715
21.517242 -3.9655173 -21.570720052981713
21.517242 -4.1379309 -21.743133652981715
21.517242 -4.3103447 -21.915547452981713
21.517242 -4.4827585 -22.087961252981714
21.517242 -4.6551723 -22.260375052981715
21.517242 -4.8275862 -22.432788952981713
21.517242 -5.0 -22.605202752981715

21.862068 0.0 -17.605202752981715
21.862068 -0.1724138 -17.777616552981716
21.862068 -0.34482759 -17.950030342981716
21.862068 -0.51724136 -18.122444112981714
21.862068 -0.68965518 -18.294857932981714
21.862068 -0.86206895 -18.467271702981716
21.862068 -1.0344827 -18.639685452981716
21.862068 -1.2068965 -18.812099252981714
21.862068 -1.3793104 -18.984513152981716
21.862068 -1.5517242 -19.156926952981713
21.862068 -1.7241379 -19.329340652981713
21.862068 -1.8965517 -19.501754452981714
21.862068 -2.0689654 -19.674168152981714
21.862068 -2.2413793 -19.846582052981713
21.862068 -2.4137931 -20.018995852981714
21.862068 -2.5862069 -20.191409652981715
21.862068 -2.7586207 -20.363823452981716
21.862068 -2.9310346 -20.536237352981715
21.862068 -3.1034484 -20.708651152981716
21.862068 -3.275862 -20.881064752981715
21.862068 -3.4482758 -21.053478552981716
21.862068 -3.6206896 -21.225892352981713
21.862068 -3.7931035 -21.398306252981715
21.862068 -3.9655173 -21.570720052981716
21.862068 -4.1379309 -21.743133652981715
21.862068 -4.3103447 -21.915547452981716
21.862068 -4.4827585 -22.087961252981714
21.862068 -4.6551723 -22.260375052981715
21.862068 -4.8275862 -22.432788952981713
21.862068 -5.0 -22.605202752981715

22.206898 0.0 -17.605202752981715
22.206898 -0.1724138 -17.777616552981716
22.206898 -0.34482759 -17.950030342981716
22.206898 -0.51724136 -18.122444112981714
22.206898 -0.68965518 -18.294857932981714
22.206898 -0.86206895 -18.467271702981716
22.206898 -1.0344827 -18.639685452981716
22.206898 -1.2068965 -18.812099252981714
22.206898 -1.3793104 -18.984513152981716
22.206898 -1.5517242 -19.156926952981713
22.206898 -1.7241379 -19.329340652981713
22.206898 -1.8965517 -19.501754452981714
22.206898 -2.0689654 -19.674168152981714
22.206898 -2.2413793 -19.846582052981717
22.206898 -2.4137931 -20.018995852981714
22.206898 -2.5862069 -20.191409652981715
22.206898 -2.7586207 -20.363823452981713
22.206898 -2.9310346 -20.536237352981715
22.206898 -3.1034484 -20.708651152981716
22.206898 -3.275862 -20.881064752981715
22.206898 -3.4482758 -21.053478552981716
22.206898 -3.6206896 -21.225892352981713
22.206898 -3.7931035 -21.398306252981715
22.206898 -3.9655173 -21.570720052981713
22.206898 -4.1379309 -21.743133652981715
22.206898 -4.3103447 -21.915547452981713
22.206898 -4.4827585 -22.087961252981714
22.206898 -4.6551723 -22.260375052981715
22.206898 -4.8275862 -22.432788952981713
22.206898 -5.0 -22.605202752981715

22.551723 0.0 -17.605202752981715
22.551723 -0.1724138 -17.777616552981716
22.551723 -0.34482759 -17.950030342981716
22.551723 -0.51724136 -18.122444112981714
22.551723 -0.68965518 -18.294857932981714
22.551723 -0.86206895 -18.467271702981716
22.551723 -1.0344827 -18.639685452981716
22.551723 -1.2068965 -18.812099252981714
22.551723 -1.3793104 -18.984513152981716
22.551723 -1.5517242 -19.156926952981713
22.551723 -1.7241379 -19.329340652981713
22.551723 -1.8965517 -19.501754452981714
22.551723 -2.0689654 -19.674168152981714
22.551723 -2.2413793 -19.846582052981717
22.551723 -2.4137931 -20.018995852981714
22.551723 -2.5862069 -20.191409652981715
22.551723 -2.7586207 -20.363823452981713
22.551723 -2.9310346 -20.536237352981715
22.551723 -3.1034484 -20.708651152981716
22.551723 -3.275862 -20.881064752981715
22.551723 -3.4482758 -21.053478552981716
22.551723 -3.6206896 -21.225892352981713
22.551723 -3.7931035 -21.398306252981715
22.551723 -3.9655173 -21.570720052981713
22.551723 -4.1379309 -21.743133652981715
22.551723 -4.3103447 -21.915547452981713
22.551723 -4.4827585 -22.087961252981714
22.551723 -4.6551723 -22.260375052981715
22.551723 -4.8275862 -22.432788952981713
22.551723 -5.0 -22.605202752981715

22.896551 0.0 -17.605202752981715
22.896551 -0.1724138 -17.777616552981716
22.896551 -0.34482759 -17.950030342981716
22.896551 -0.51724136 -18.122444112981714
22.896551 -0.68965518 -18.294857932981714
22.896551 -0.86206895 -18.467271702981716
22.896551 -1.0344827 -18.639685452981716
22.896551 -1.2068965 -18.812099252981714
22.896551 -1.3793104 -18.984513152981716
22.896551 -1.5517242 -19.156926952981713
22.896551 -1.7241379 -19.329340652981713
22.896551 -1.8965517 -19.501754452981714
22.896551 -2.0689654 -19.674168152981714
22.896551 -2.2413793 -19.846582052981717
22.896551 -2.4137931 -20.018995852981714
22.896551 -2.5862069 -20.191409652981715
22.896551 -2.7586207 -20.363823452981713
22.896551 -2.9310346 -20.536237352981715
22.896551 -3.1034484 -20.708651152981716
22.896551 -3.275862 -20.881064752981715
22.896551 -3.4482758 -21.053478552981716
22.896551 -3.6206896 -21.225892352981713
22.896551 -3.7931035 -21.398306252981715
22.896551 -3.9655173 -21.570720052981713
22.896551 -4.1379309 -21.743133652981715
22.896551 -4.3103447 -21.915547452981713
22.896551 -4.4827585 -22.087961252981714
22.896551 -4.6551723 -22.260375052981715
22.896551 -4.8275862 -22.432788952981713
22.896551 -5.0 -22.605202752981715

23.241379 0.0 -17.605202752981715
23.241379 -0.1724138 -17.777616552981716
23.241379 -0.34482759 -17.950030342981716
23.241379 -0.51724136 -18.122444112981714
23.241379 -0.68965518 -18.294857932981714
23.241379 -0.86206895 -18.467271702981716
23.241379 -1.0344827 -18.639685452981716
23.241379 -1.2068965 -18.812099252981714
23.241379 -1.3793104 -18.984513152981716
23.241379 -1.5517242 -19.156926952981713
23.241379 -1.7241379 -19.329340652981713
23.241379 -1.8965517 -19.501754452981714
23.241379 -2.0689654 -19.674168152981714
23.241379 -2.2413793 -19.846582052981717
23.241379 -2.4137931 -20.018995852981714
23.241379 -2.5862069 -20.191409652981715
23.241379 -2.7586207 -20.363823452981713
23.241379 -2.9310346 -20.536237352981715
23.241379 -3.1034484 -20.708651152981716
23.241379 -3.275862 -20.881064752981715
23.241379 -3.4482758 -21.053478552981716
23.241379 -3.6206896 -21.225892352981713
23.241379 -3.7931035 -21.398306252981715
23.241379 -3.9655173 -21.570720052981713
23.241379 -4.1379309 -21.743133652981715
23.241379 -4.3103447 -21.915547452981713
23.241379 -4.4827585 -22.087961252981714
23.241379 -4.6551723 -22.260375052981715
23.241379 -4.8275862 -22.432788952981713
23.241379 -5.0 -22.605202752981715

23.586206 0.0 -17.605202752981715
23.586206 -0.1724138 -17.777616552981716
23.586206 -0.34482759 -17.950030342981716
23.586206 -0.51724136 -18.122444112981714
23.586206 -0.68965518 -18.294857932981714
23.586206 -0.86206895 -18.467271702981716
23.586206 -1.0344827 -18.639685452981716
23.586206 -1.2068965 -18.812099252981714
23.586206 -1.3793104 -18.984513152981716
23.586206 -1.5517242 -19.156926952981713
23.586206 -1.7241379 -19.329340652981713
23.586206 -1.8965517 -19.501754452981714
23.586206 -2.0689654 -19.674168152981714
23.586206 -2.2413793 -19.846582052981717
23.586206 -2.4137931 -20.018995852981714
23.586206 -2.5862069 -20.191409652981715
23.586206 -2.7586207 -20.363823452981713
23.586206 -2.9310346 -20.536237352981715
23.586206 -3.1034484 -20.708651152981716
23.586206 -3.275862 -20.881064752981715
23.586206 -3.4482758 -21.053478552981716
23.586206 -3.6206896 -21.225892352981713
23.586206 -3.7931035 -21.398306252981715
23.586206 -3.9655173 -21.570720052981713
23.586206 -4.1379309 -21.743133652981715
23.586206 -4.3103447 -21.915547452981713
23.586206 -4.4827585 -22.087961252981714
23.586206 -4.6551723 -22.260375052981715
23.586206 -4.8275862 -22.432788952981713
23.586206 -5.0 -22.605202752981715

23.931034 0.0 -17.605202752981715
23.931034 -0.1724138 -17.777616552981716
23.931034 -0.34482759 -17.950030342981716
23.931034 -0.51724136 -18.122444112981714
23.931034 -0.68965518 -18.294857932981714
23.931034 -0.86206895 -18.467271702981716
23.931034 -1.0344827 -18.639685452981716
23.931034 -1.2068965 -18.812099252981714
23.931034 -1.3793104 -18.984513152981716
23.931034 -1.5517242 -19.156926952981713
23.931034 -1.7241379 -19.329340652981713
23.931034 -1.8965517 -19.501754452981714
23.931034 -2.0689654 -19.674168152981714
23.931034 -2.2413793 -19.846582052981717
23.931034 -2.4137931 -20.018995852981714
23.931034 -2.5862069 -20.191409652981715
23.931034 -2.7586207 -20.363823452981713
23.931034 -2.9310346 -20.536237352981715
23.931034 -3.1034484 -20.708651152981716
23.931034 -3.275862 -20.881064752981715
23.931034 -3.4482758 -21.053478552981716
23.931034 -3.6206896 -21.225892352981713
23.931034 -3.7931035 -21.398306252981715
23.931034 -3.9655173 -21.570720052981713
23.931034 -4.1379309 -21.743133652981715
23.931034 -4.3103447 -21.915547452981713
23.931034 -4.4827585 -22.087961252981714
23.931034 -4.6551723 -22.260375052981715
23.931034 -4.8275862 -22.432788952981713
23.931034 -5.0 -22.605202752981715

24.275862 0.0 -17.605202752981715
24.275862 -0.1724138 -17.777616552981716
24.275862 -0.34482759 -17.950030342981716
24.275862 -0.51724136 -18.122444112981714
24.275862 -0.68965518 -18.294857932981714
24.275862 -0.86206895 -18.467271702981716
24.275862 -1.0344827 -18.639685452981716
24.275862 -1.2068965 -18.812099252981714
24.275862 -1.3793104 -18.984513152981716
24.275862 -1.5517242 -19.156926952981713
24.275862 -1.7241379 -19.329340652981713
24.275862 -1.8965517 -19.501754452981714
24.275862 -2.0689654 -19.674168152981714
24.275862 -2.2413793 -19.846582052981717
24.275862 -2.4137931 -20.018995852981714
24.275862 -2.5862069 -20.191409652981715
24.275862 -2.7586207 -20.363823452981713
24.275862 -2.9310346 -20.536237352981715
24.275862 -3.1034484 -20.708651152981716
24.275862 -3.275862 -20.881064752981715
24.275862 -3.4482758 -21.053478552981716
24.275862 -3.6206896 -21.225892352981713
24.275862 -3.7931035 -21.398306252981715
24.275862 -3.9655173 -21.570720052981713
24.275862 -4.1379309 -21.743133652981715
24.275862 -4.3103447 -21.915547452981713
24.275862 -4.4827585 -22.087961252981714
24.275862 -4.6551723 -22.260375052981715
24.275862 -4.8275862 -22.432788952981713
24.275862 -5.0 -22.605202752981715

24.620689 0.0 -17.605202752981715
24.620689 -0.1724138 -17.777616552981716
24.620689 -0.34482759 -17.950030342981716
24.620689 -0.51724136 -18.122444112981714
24.620689 -0.68965518 -18.294857932981714
24.620689 -0.86206895 -18.467271702981716
24.620689 -1.0344827 -18.639685452981716
24.620689 -1.2068965 -18.812099252981714
24.620689 -1.3793104 -18.984513152981716
24.620689 -1.5517242 -19.156926952981713
24.620689 -1.7241379 -19.329340652981713
24.620689 -1.8965517 -19.501754452981714
24.620689 -2.0689654 -19.674168152981714
24.620689 -2.2413793 -19.846582052981713
24.620689 -2.4137931 -20.018995852981714
24.620689 -2.5862069 -20.191409652981715
24.620689 -2.7586207 -20.363823452981716
24.620689 -2.9310346 -20.536237352981715
24.620689 -3.1034484 -20.708651152981716
24.620689 -3.275862 -20.881064752981715
24.620689 -3.4482758 -21.053478552981716
24.620689 -3.6206896 -21.225892352981713
24.620689 -3.7931035 -21.398306252981715
24.620689 -3.9655173 -21.570720052981716
24.620689 -4.1379309 -21.743133652981715
24.620689 -4.3103447 -21.915547452981716
24.620689 -4.4827585 -22.087961252981714
24.620689 -4.6551723 -22.260375052981715
24.620689 -4.8275862 -22.432788952981713
24.620689 -5.0 -22.605202752981715

24.965517 0.0 -17.605202752981715
24.965517 -0.1724138 -17.777616552981716
24.965517 -0.34482759 -17.950030342981716
24.965517 -0.51724136 -18.122444112981714
24.965517 -0.68965518 -18.294857932981714
24.965517 -0.86206895 -18.467271702981716
24.965517 -1.0344827 -18.639685452981716
24.965517 -1.2068965 -18.812099252981714
24.965517 -1.3793104 -18.984513152981716
24.965517 -1.5517242 -19.156926952981713
24.965517 -1.7241379 -19.329340652981713
24.965517 -1.8965517 -19.501754452981714
24.965517 -2.0689654 -19.674168152981714
24.965517 -2.2413793 -19.846582052981713
24.965517 -2.4137931 -20.018995852981714
24.965517 -2.5862069 -20.191409652981715
24.965517 -2.7586207 -20.363823452981716
24.965517 -2.9310346 -20.536237352981715
24.965517 -3.1034484 -20.708651152981716
24.965517 -3.275862 -20.881064752981715
24.965517 -3.4482758 -21.053478552981716
24.965517 -3.6206896 -21.225892352981713
24.965517 -3.7931035 -21.398306252981715
24.965517 -3.9655173 -21.570720052981716
24.965517 -4.1379309 -21.743133652981715
24.965517 -4.3103447 -21.915547452981716
24.965517 -4.4827585 -22.087961252981714
24.965517 -4.6551723 -22.260375052981715
24.965517 -4.8275862 -22.432788952981713
24.965517 -5.0 -22.605202752981715

25.310345 0.0 -17.605202752981715
25.310345 -0.1724138 -17.777616552981716
25.310345 -0.34482759 -17.950030342981716
25.310345 -0.51724136 -18.122444112981714
25.310345 -0.68965518 -18.294857932981714
25.310345 -0.86206895 -18.467271702981716
25.310345 -1.0344827 -18.639685452981716
25.310345 -1.2068965 -18.812099252981714
25.310345 -1.3793104 -18.984513152981716
25.310345 -1.5517242 -19.156926952981713
25.310345 -1.7241379 -19.329340652981713
25.310345 -1.8965517 -19.501754452981714
25.310345 -2.0689654 -19.674168152981714
25.310345 -2.2413793 -19.846582052981717
25.310345 -2.4137931 -20.018995852981714
25.310345 -2.5862069 -20.191409652981715
25.310345 -2.7586207 -20.363823452981713
25.310345 -2.9310346 -20.536237352981715
25.310345 -3.1034484 -20.708651152981716
25.310345 -3.275862 -20.881064752981715
25.310345 -3.4482758 -21.053478552981716
25.310345 -3.6206896 -21.225892352981713
25.310345 -3.7931035 -21.398306252981715
25.310345 -3.9655173 -21.570720052981713
25.310345 -4.1379309 -21.743133652981715
25.310345 -4.3103447 -21.915547452981713
25.310345 -4.4827585 -22.087961252981714
25.310345 -4.6551723 -22.260375052981715
25.310345 -4.8275862 -22.432788952981713
25.310345 -5.0 -22.605202752981715

25.655172 0.0 -17.605202752981715
25.655172 -0.1724138 -17.777616552981716
25.655172 -0.34482759 -17.950030342981716
25.655172 -0.51724136 -18.122444112981714
25.655172 -0.68965518 -18.294857932981714
25.655172 -0.86206895 -18.467271702981716
25.655172 -1.0344827 -18.639685452981716
25.655172 -1.2068965 -18.812099252981714
25.655172 -1.3793104 -18.984513152981716
25.655172 -1.5517242 -19.156926952981713
25.655172 -1.7241379 -19.329340652981713
25.655172 -1.8965517 -19.501754452981714
25.655172 -2.0689654 -19.674168152981714
25.655172 -2.2413793 -19.846582052981713
25.655172 -2.4137931 -20.018995852981714
25.655172 -2.5862069 -20.191409652981715
25.655172 -2.7586207 -20.363823452981716
25.655172 -2.9310346 -20.536237352981715
25.655172 -3.1034484 -20.708651152981716
25.655172 -3.275862 -20.881064752981715
25.655172 -3.4482758 -21.053478552981716
25.655172 -3.6206896 -21.225892352981713
25.655172 -3.7931035 -21.398306252981715
25.655172 -3.9655173 -21.570720052981716
25.655172 -4.1379309 -21.743133652981715
25.655172 -4.3103447 -21.915547452981716
25.655172 -4.4827585 -22.087961252981714
25.655172 -4.6551723 -22.260375052981715
25.655172 -4.8275862 -22.432788952981713
25.655172 -5.0 -22.605202752981715

26.0 0.0 -17.605202752981715
26.0 -0.1724138 -17.777616552981716
26.0 -0.34482759 -17.950030342981716
26.0 -0.51724136 -18.122444112981714
26.0 -0.68965518 -18.294857932981714
26.0 -0.86206895 -18.467271702981716
26.0 -1.0344827 -18.639685452981716
26.0 -1.2068965 -18.812099252981714
26.0 -1.3793104 -18.984513152981716
26.0 -1.5517242 -19.156926952981713
26.0 -1.7241379 -19.329340652981713
26.0 -1.8965517 -19.501754452981714
26.0 -2.0689654 -19.674168152981714
26.0 -2.2413793 -19.846582052981713
26.0 -2.4137931 -20.018995852981714
26.0 -2.5862069 -20.191409652981715
26.0 -2.7586207 -20.363823452981716
26.0 -2.9310346 -20.536237352981715
26.0 -3.1034484 -20.708651152981716
26.0 -3.275862 -20.881064752981715
26.0 -3.4482758 -21.053478552981716
26.0 -3.6206896 -21.225892352981713
26.0 -3.7931035 -21.398306252981715
26.0 -3.9655173 -21.570720052981716
26.0 -4.1379309 -21.743133652981715
26.0 -4.3103447 -21.915547452981716
26.0 -4.4827585 -22.087961252981714
26.0 -4.6551723 -22.260375052981715
26.0 -4.8275862 -22.432788952981713
26.0 -5.0 -22.605202752981715
