# KROME file, XRAY H rate
# Distance = 3 kpc
# Xray rate including primary H ionization in 1/s
# first line indicates the size of the table (30x30)
# then first column is the parameter log10(nH), where nH is the H column density in cm-2
# second column is log10(xHe), where xHe = nHe/nH both in cm-2
# third column is log10(rate), where rate is in units of 1/s
30, 30
16.0 0.0 -15.209506945981095
16.0 -0.1724138 -15.368464339828916
16.0 -0.34482759 -15.521605976223096
16.0 -0.51724136 -15.666850687330472
16.0 -0.68965518 -15.801760165326575
16.0 -0.86206895 -15.923773826355905
16.0 -1.0344827 -16.030619684378
16.0 -1.2068965 -16.120813976947126
16.0 -1.3793104 -16.194054021657852
16.0 -1.5517242 -16.25130463139243
16.0 -1.7241379 -16.294530072544205
16.0 -1.8965517 -16.326215864650713
16.0 -2.0689654 -16.348897871782004
16.0 -2.2413793 -16.364842205310822
16.0 -2.4137931 -16.37590096691726
16.0 -2.5862069 -16.383497696296622
16.0 -2.7586207 -16.388680990241628
16.0 -2.9310346 -16.392201011595525
16.0 -3.1034484 -16.394583787727
16.0 -3.275862 -16.396193193004915
16.0 -3.4482758 -16.397278617915898
16.0 -3.6206896 -16.398009915955896
16.0 -3.7931035 -16.39850228719713
16.0 -3.9655173 -16.398833639847453
16.0 -4.1379309 -16.399056562079043
16.0 -4.3103447 -16.39920650522826
16.0 -4.4827585 -16.39930734647853
16.0 -4.6551723 -16.39937515882138
16.0 -4.8275862 -16.399420757458255
16.0 -5.0 -16.399451417721867

16.344828 0.0 -15.209514028634779
16.344828 -0.1724138 -15.368469184800814
16.344828 -0.34482759 -15.521609316577472
16.344828 -0.51724136 -15.666853015910677
16.344828 -0.68965518 -15.801761813459578
16.344828 -0.86206895 -15.923775016780926
16.344828 -1.0344827 -16.030620566842025
16.344828 -1.2068965 -16.12081465214394
16.344828 -1.3793104 -16.194054557321422
16.344828 -1.5517242 -16.251305073107677
16.344828 -1.7241379 -16.29453045100351
16.344828 -1.8965517 -16.3262162005249
16.344828 -2.0689654 -16.348898178993103
16.344828 -2.2413793 -16.364842493233876
16.344828 -2.4137931 -16.375901241863776
16.344828 -2.5862069 -16.383497962514372
16.344828 -2.7586207 -16.388681250588732
16.344828 -2.9310346 -16.392201267994647
16.344828 -3.1034484 -16.39458404147132
16.344828 -3.275862 -16.39619344496412
16.344828 -3.4482758 -16.39727886867481
16.344828 -3.6206896 -16.39801016590777
16.344828 -3.7931035 -16.398502536606383
16.344828 -3.9655173 -16.398833888891875
16.344828 -4.1379309 -16.399056810878175
16.344828 -4.3103447 -16.39920675386247
16.344828 -4.4827585 -16.399307595001858
16.344828 -4.6551723 -16.399375407270153
16.344828 -4.8275862 -16.399421005856908
16.344828 -5.0 -16.39945166608682

16.689655 0.0 -15.20952969636031
16.689655 -0.1724138 -15.368479902617846
16.689655 -0.34482759 -15.52161670600965
16.689655 -0.51724136 -15.666858167153757
16.689655 -0.68965518 -15.801765459442732
16.689655 -0.86206895 -15.923777650233465
16.689655 -1.0344827 -16.03062251902789
16.689655 -1.2068965 -16.120816145815162
16.689655 -1.3793104 -16.194055742317897
16.689655 -1.5517242 -16.25130605027188
16.689655 -1.7241379 -16.294531288232946
16.689655 -1.8965517 -16.32621694354751
16.689655 -2.0689654 -16.34889885860718
16.689655 -2.2413793 -16.364843130178908
16.689655 -2.4137931 -16.37590185010206
16.689655 -2.5862069 -16.38349855144287
16.689655 -2.7586207 -16.38868182653016
16.689655 -2.9310346 -16.392201835202336
16.689655 -3.1034484 -16.39458460280605
16.689655 -3.275862 -16.396194002349812
16.689655 -3.4482758 -16.39727942340522
16.689655 -3.6206896 -16.398010718852845
16.689655 -3.7931035 -16.398503088351074
16.689655 -3.9655173 -16.398834439829482
16.689655 -4.1379309 -16.399057361273144
16.689655 -4.3103447 -16.399207303892602
16.689655 -4.4827585 -16.39930814478669
16.689655 -4.6551723 -16.399375956890065
16.689655 -4.8275862 -16.399421555365937
16.689655 -5.0 -16.399452215521297

17.034483 0.0 -15.209564353992057
17.034483 -0.1724138 -15.368503611474535
17.034483 -0.34482759 -15.521633052441494
17.034483 -0.51724136 -15.666869562540606
17.034483 -0.68965518 -15.801773525014031
17.034483 -0.86206895 -15.92378347593581
17.034483 -1.0344827 -16.030626837653127
17.034483 -1.2068965 -16.120819450122358
17.034483 -1.3793104 -16.19405836377748
17.034483 -1.5517242 -16.251308211965444
17.034483 -1.7241379 -16.294533140362613
17.034483 -1.8965517 -16.32621858727244
17.034483 -2.0689654 -16.348900362059368
17.034483 -2.2413793 -16.364844539238327
17.034483 -2.4137931 -16.375903195656193
17.034483 -2.5862069 -16.383499854279712
17.034483 -2.7586207 -16.3886831006369
17.034483 -2.9310346 -16.392203089988218
17.034483 -3.1034484 -16.394585844599714
17.034483 -3.275862 -16.39619523540738
17.034483 -3.4482758 -16.39728065058874
17.034483 -3.6206896 -16.39801194208683
17.034483 -3.7931035 -16.39850430892955
17.034483 -3.9655173 -16.398835658622527
17.034483 -4.1379309 -16.399058578865763
17.034483 -4.3103447 -16.39920852067812
17.034483 -4.4827585 -16.399309361029562
17.034483 -4.6551723 -16.399377172768094
17.034483 -4.8275862 -16.39942277099867
17.034483 -5.0 -16.39945343098911

17.379311 0.0 -15.209641010225154
17.379311 -0.1724138 -15.368556054084598
17.379311 -0.34482759 -15.521669211201456
17.379311 -0.51724136 -15.666894770110396
17.379311 -0.68965518 -15.801791367060565
17.379311 -0.86206895 -15.92379636326591
17.379311 -1.0344827 -16.03063639117777
17.379311 -1.2068965 -16.120826759844086
17.379311 -1.3793104 -16.194064162938307
17.379311 -1.5517242 -16.251312994049055
17.379311 -1.7241379 -16.294537237637748
17.379311 -1.8965517 -16.326222223519274
17.379311 -2.0689654 -16.34890368799741
17.379311 -2.2413793 -16.364847656362144
17.379311 -2.4137931 -16.37590617229448
17.379311 -2.5862069 -16.383502736419356
17.379311 -2.7586207 -16.38868591922014
17.379311 -2.9310346 -16.392205865830068
17.379311 -3.1034484 -16.39458859170032
17.379311 -3.275862 -16.39619796318208
17.379311 -3.4482758 -16.39728336536894
17.379311 -3.6206896 -16.39801464812991
17.379311 -3.7931035 -16.398507009098143
17.379311 -3.9655173 -16.398838354841406
17.379311 -4.1379309 -16.399061272429062
17.379311 -4.3103447 -16.39921121245596
17.379311 -4.4827585 -16.399312051606966
17.379311 -4.6551723 -16.3993798625384
17.379311 -4.8275862 -16.39942546022633
17.379311 -5.0 -16.399456119851926

17.724138 0.0 -15.209810521268277
17.724138 -0.1724138 -15.368672036013885
17.724138 -0.34482759 -15.521749186686383
17.724138 -0.51724136 -15.666950527114142
17.724138 -0.68965518 -15.801830833685711
17.724138 -0.86206895 -15.923824870797946
17.724138 -1.0344827 -16.03065752450727
17.724138 -1.2068965 -16.120842929853374
17.724138 -1.3793104 -16.19407699150176
17.724138 -1.5517242 -16.251323572750415
17.724138 -1.7241379 -16.294546301470415
17.724138 -1.8965517 -16.326230267502474
17.724138 -2.0689654 -16.34891104553785
17.724138 -2.2413793 -16.364854551977544
17.724138 -2.4137931 -16.375912757136497
17.724138 -2.5862069 -16.38350911221706
17.724138 -2.7586207 -16.388692154422014
17.724138 -2.9310346 -16.392212006481834
17.724138 -3.1034484 -16.394594668772303
17.724138 -3.275862 -16.39620399750235
17.724138 -3.4482758 -16.397289370943472
17.724138 -3.6206896 -16.39802063437666
17.724138 -3.7931035 -16.398512982349676
17.724138 -3.9655173 -16.39884431935559
17.724138 -4.1379309 -16.399067231068727
17.724138 -4.3103447 -16.399217167145927
17.724138 -4.4827585 -16.39931800364139
17.724138 -4.6551723 -16.399385812787397
17.724138 -4.8275862 -16.399431409274918
17.724138 -5.0 -16.399462068093438

18.068966 0.0 -15.210185182121908
18.068966 -0.1724138 -15.36892845690443
18.068966 -0.34482759 -15.521926035644624
18.068966 -0.51724136 -15.667073837756314
18.068966 -0.68965518 -15.801918124480194
18.068966 -0.86206895 -15.923887926326808
18.068966 -1.0344827 -16.03070427092654
18.068966 -1.2068965 -16.120878698461485
18.068966 -1.3793104 -16.194105369216974
18.068966 -1.5517242 -16.251346973883436
18.068966 -1.7241379 -16.294566351723347
18.068966 -1.8965517 -16.326248061824664
18.068966 -2.0689654 -16.348927321419065
18.068966 -2.2413793 -16.36486980605448
18.068966 -2.4137931 -16.37592732376236
18.068966 -2.5862069 -16.38352321642196
18.068966 -2.7586207 -16.388705947618323
18.068966 -2.9310346 -16.392225590525904
18.068966 -3.1034484 -16.394608112172794
18.068966 -3.275862 -16.396217346332577
18.068966 -3.4482758 -16.397302656185772
18.068966 -3.6206896 -16.398033876864304
18.068966 -3.7931035 -16.398526196090817
18.068966 -3.9655173 -16.398857513768984
18.068966 -4.1379309 -16.39908041248719
18.068966 -4.3103447 -16.39923033982733
18.068966 -4.4827585 -16.399331170448512
18.068966 -4.6551723 -16.399398975645013
18.068966 -4.8275862 -16.399444569477126
18.068966 -5.0 -16.39947522651032

18.413794 0.0 -15.211012375889627
18.413794 -0.1724138 -15.36949494878441
18.413794 -0.34482759 -15.522316899318897
18.413794 -0.51724136 -15.667346450475916
18.413794 -0.68965518 -15.802111141919516
18.413794 -0.86206895 -15.92402737255895
18.413794 -1.0344827 -16.030807658724544
18.413794 -1.2068965 -16.120957811501402
18.413794 -1.3793104 -16.194168137512037
18.413794 -1.5517242 -16.25139873589401
18.413794 -1.7241379 -16.294610702551683
18.413794 -1.8965517 -16.326287423036263
18.413794 -2.0689654 -16.348963324110482
18.413794 -2.2413793 -16.364903548667176
18.413794 -2.4137931 -16.375959545822145
18.413794 -2.5862069 -16.383554415660154
18.413794 -2.7586207 -16.388736458938748
18.413794 -2.9310346 -16.392255639222675
18.413794 -3.1034484 -16.394637849779578
18.413794 -3.275862 -16.396246874758834
18.413794 -3.4482758 -16.3973320439614
18.413794 -3.6206896 -16.398063170070525
18.413794 -3.7931035 -16.398555425712363
18.413794 -3.9655173 -16.398886700639284
18.413794 -4.1379309 -16.39910957061387
18.413794 -4.3103447 -16.399259478628405
18.413794 -4.4827585 -16.3993602962562
18.413794 -4.6551723 -16.399428092716736
18.413794 -4.8275862 -16.399473680675328
18.413794 -5.0 -16.399504333759538

18.758621 0.0 -15.212834319457597
18.758621 -0.1724138 -15.370744403748704
18.758621 -0.34482759 -15.52317978950095
18.758621 -0.51724136 -15.667948660065512
18.758621 -0.68965518 -15.802537702395105
18.758621 -0.86206895 -15.924335630017211
18.758621 -1.0344827 -16.03103624946792
18.758621 -1.2068965 -16.12113275303675
18.758621 -1.3793104 -16.19430694807535
18.758621 -1.5517242 -16.251513212940683
18.758621 -1.7241379 -16.29470879281223
18.758621 -1.8965517 -16.326374480087978
18.758621 -2.0689654 -16.34904295436286
18.758621 -2.2413793 -16.364978180990093
18.758621 -2.4137931 -16.376030815533312
18.758621 -2.5862069 -16.38362342343239
18.758621 -2.7586207 -16.388803945388027
18.758621 -2.9310346 -16.392322102578397
18.758621 -3.1034484 -16.394703625156094
18.758621 -3.275862 -16.396312187528856
18.758621 -3.4482758 -16.397397045679458
18.758621 -3.6206896 -16.398127962646004
18.758621 -3.7931035 -16.398620077668646
18.758621 -3.9655173 -16.39895125805001
18.758621 -4.1379309 -16.399174064457245
18.758621 -4.3103447 -16.399323929732645
18.758621 -4.4827585 -16.399424718625177
18.758621 -4.6551723 -16.399492495765873
18.758621 -4.8275862 -16.399538070734994
18.758621 -5.0 -16.399568715085906

19.103449 0.0 -15.216826162546385
19.103449 -0.1724138 -15.37349027156747
19.103449 -0.34482759 -15.525080011668699
19.103449 -0.51724136 -15.669276652767282
19.103449 -0.68965518 -15.803479227450982
19.103449 -0.86206895 -15.925016456069653
19.103449 -1.0344827 -16.03154133357634
19.103449 -1.2068965 -16.121519405456933
19.103449 -1.3793104 -16.194613802826908
19.103449 -1.5517242 -16.251766308341132
19.103449 -1.7241379 -16.294925677574952
19.103449 -1.8965517 -16.3265669807377
19.103449 -2.0689654 -16.349219039705346
19.103449 -2.2413793 -16.36514321878618
19.103449 -2.4137931 -16.37618842020284
19.103449 -2.5862069 -16.38377602788881
19.103449 -2.7586207 -16.388953186760645
19.103449 -2.9310346 -16.392469082238375
19.103449 -3.1034484 -16.39484908391387
19.103449 -3.275862 -16.396456623605307
19.103449 -3.4482758 -16.39754079411245
19.103449 -3.6206896 -16.398271248725642
19.103449 -3.7931035 -16.398763052879602
19.103449 -3.9655173 -16.399094024247614
19.103449 -4.1379309 -16.399316690125403
19.103449 -4.3103447 -16.3994664609166
19.103449 -4.4827585 -16.399567186283523
19.103449 -4.6551723 -16.399634920713456
19.103449 -4.8275862 -16.399680466966494
19.103449 -5.0 -16.399711092010516

19.448277 0.0 -15.225471479713734
19.448277 -0.1724138 -15.379476887614393
19.448277 -0.34482759 -15.5292416340227
19.448277 -0.51724136 -15.672193905266015
19.448277 -0.68965518 -15.805551752402392
19.448277 -0.86206895 -15.926517187721169
19.448277 -1.0344827 -16.03265571461642
19.448277 -1.2068965 -16.12237302032479
19.448277 -1.3793104 -16.195291532546765
19.448277 -1.5517242 -16.25232546130194
19.448277 -1.7241379 -16.295404922946904
19.448277 -1.8965517 -16.32699239942789
19.448277 -2.0689654 -16.34960821465385
19.448277 -2.2413793 -16.365507998070687
19.448277 -2.4137931 -16.376536783743386
19.448277 -2.5862069 -16.38411334794913
19.448277 -2.7586207 -16.38928307878102
19.448277 -2.9310346 -16.392793978668507
19.448277 -3.1034484 -16.395170620962656
19.448277 -3.275862 -16.39677590171695
19.448277 -3.4482758 -16.397858553317597
19.448277 -3.6206896 -16.398587986651883
19.448277 -3.7931035 -16.399079104134245
19.448277 -3.9655173 -16.399409613815596
19.448277 -4.1379309 -16.399631969279287
19.448277 -4.3103447 -16.399781531365004
19.448277 -4.4827585 -16.399882116410556
19.448277 -4.6551723 -16.399949756496866
19.448277 -4.8275862 -16.399995239319033
19.448277 -5.0 -16.400025821716135

19.793104 0.0 -15.243730308408086
19.793104 -0.1724138 -15.392304024117124
19.793104 -0.34482759 -15.53824646531825
19.793104 -0.51724136 -15.678548368473926
19.793104 -0.68965518 -15.810086567836706
19.793104 -0.86206895 -15.929810871986364
19.793104 -1.0344827 -16.035106479006636
19.793104 -1.2068965 -16.12425289282237
19.793104 -1.3793104 -16.19678544727966
19.793104 -1.5517242 -16.253558767588363
19.793104 -1.7241379 -16.296462423373026
19.793104 -1.8965517 -16.327931391217998
19.793104 -2.0689654 -16.35046737169128
19.793104 -2.2413793 -16.366313401138857
19.793104 -2.4137931 -16.3773060081992
19.793104 -2.5862069 -16.384858230187962
19.793104 -2.7586207 -16.390011586421547
19.793104 -2.9310346 -16.39351147315678
19.793104 -3.1034484 -16.395880709117773
19.793104 -3.275862 -16.39748100950986
19.793104 -3.4482758 -16.39856031225463
19.793104 -3.6206896 -16.399287493862683
19.793104 -3.7931035 -16.39977709735085
19.793104 -3.9655173 -16.4001065890854
19.793104 -4.1379309 -16.40032826013183
19.793104 -4.3103447 -16.400477362051518
19.793104 -4.4827585 -16.40057763770775
19.793104 -4.6551723 -16.40064506977909
19.793104 -4.8275862 -16.400690412744623
19.793104 -5.0 -16.40072090111088

20.137932 0.0 -15.280311791356294
20.137932 -0.1724138 -15.418783165499804
20.137932 -0.34482759 -15.55722771040047
20.137932 -0.51724136 -15.692136844347635
20.137932 -0.68965518 -15.819879386224871
20.137932 -0.86206895 -15.936970932559829
20.137932 -1.0344827 -16.040458131510636
20.137932 -1.2068965 -16.128370373895116
20.137932 -1.3793104 -16.200064259130496
20.137932 -1.5517242 -16.256269328866633
20.137932 -1.7241379 -16.298788751805883
20.137932 -1.8965517 -16.32999830737107
20.137932 -2.0689654 -16.35235934766969
20.137932 -2.2413793 -16.368087503794868
20.137932 -2.4137931 -16.3790007395285
20.137932 -2.5862069 -16.386499540654587
20.137932 -2.7586207 -16.391616953839314
20.137932 -2.9310346 -16.395092662664084
20.137932 -3.1034484 -16.397445637423488
20.137932 -3.275862 -16.399035002313227
20.137932 -3.4482758 -16.400106951570216
20.137932 -3.6206896 -16.40082918864445
20.137932 -3.7931035 -16.401315467508017
20.137932 -3.9655173 -16.401642723873223
20.137932 -4.1379309 -16.401862891953947
20.137932 -4.3103447 -16.402010983352753
20.137932 -4.4827585 -16.40211057958977
20.137932 -4.6551723 -16.40217755485881
20.137932 -4.8275862 -16.402222590697658
20.137932 -5.0 -16.402252872570894

20.482758 0.0 -15.346650068695114
20.482758 -0.1724138 -15.46948622835916
20.482758 -0.34482759 -15.595105000372577
20.482758 -0.51724136 -15.720070491988977
20.482758 -0.68965518 -15.840433058254332
20.482758 -0.86206895 -15.952215340231879
20.482758 -1.0344827 -16.051963986645188
20.482758 -1.2068965 -16.137281593549904
20.482758 -1.3793104 -16.20719222837707
20.482758 -1.5517242 -16.262179775195285
20.482758 -1.7241379 -16.30387170516984
20.482758 -1.8965517 -16.334520647976383
20.482758 -2.0689654 -16.356502746023292
20.482758 -2.2413793 -16.371975173660985
20.482758 -2.4137931 -16.38271603027675
20.482758 -2.5862069 -16.390098729447516
20.482758 -2.7586207 -16.395137988776135
20.482758 -2.9310346 -16.398561108789085
20.482758 -3.1034484 -16.40087870656867
20.482758 -3.275862 -16.40244427733319
20.482758 -3.4482758 -16.403500224870413
20.482758 -3.6206896 -16.40421170157812
20.482758 -3.7931035 -16.40469074502678
20.482758 -3.9655173 -16.405013136390604
20.482758 -4.1379309 -16.405230033389664
20.482758 -4.3103447 -16.40537592544317
20.482758 -4.4827585 -16.405474042946874
20.482758 -4.6551723 -16.405540023994888
20.482758 -4.8275862 -16.405584391375967
20.482758 -5.0 -16.405614223818247

20.827587 0.0 -15.451829499560786
20.827587 -0.1724138 -15.555182880506145
20.827587 -0.34482759 -15.663323839005741
20.827587 -0.51724136 -15.773133337803118
20.827587 -0.68965518 -15.881093104635248
20.827587 -0.86206895 -15.98326834486153
20.827587 -1.0344827 -16.075887349764916
20.827587 -1.2068965 -16.1560739787645
20.827587 -1.3793104 -16.222369833599945
20.827587 -1.5517242 -16.27484765042496
20.827587 -1.7241379 -16.314814415178017
20.827587 -1.8965517 -16.344285633218547
20.827587 -2.0689654 -16.365467554300693
20.827587 -2.2413793 -16.38039811266302
20.827587 -2.4137931 -16.390772859859016
20.827587 -2.5862069 -16.397908588168246
20.827587 -2.7586207 -16.402781424293334
20.827587 -2.9310346 -16.406092480766574
20.827587 -3.1034484 -16.408334656465303
20.827587 -3.275862 -16.409849483015073
20.827587 -3.4482758 -16.410871297357488
20.827587 -3.6206896 -16.41155981785461
20.827587 -3.7931035 -16.412023423736926
20.827587 -3.9655173 -16.41233543439742
20.827587 -4.1379309 -16.41254535141448
20.827587 -4.3103447 -16.412686550266717
20.827587 -4.4827585 -16.412781512226328
20.827587 -4.6551723 -16.412845371627263
20.827587 -4.8275862 -16.412888312520472
20.827587 -5.0 -16.412917185871972

21.172413 0.0 -15.606255208783795
21.172413 -0.1724138 -15.684205878884686
21.172413 -0.34482759 -15.770756409670323
21.172413 -0.51724136 -15.861831742963277
21.172413 -0.68965518 -15.95325845949027
21.172413 -0.86206895 -16.04125264365337
21.172413 -1.0344827 -16.122332818979068
21.172413 -1.2068965 -16.193604211424027
21.172413 -1.3793104 -16.25329001283093
21.172413 -1.5517242 -16.301012246720614
21.172413 -1.7241379 -16.337629372774757
21.172413 -1.8965517 -16.364775664873257
21.172413 -2.0689654 -16.384360155528864
21.172413 -2.2413793 -16.398200735423796
21.172413 -2.4137931 -16.407835281058983
21.172413 -2.5862069 -16.414469964255023
21.172413 -2.7586207 -16.419004385738067
21.172413 -2.9310346 -16.422087210923983
21.172413 -3.1034484 -16.42417561940134
21.172413 -3.275862 -16.425586918052403
21.172413 -3.4482758 -16.42653906119135
21.172413 -3.6206896 -16.427180709550566
21.172413 -3.7931035 -16.42761278816639
21.172413 -3.9655173 -16.427903595855074
21.172413 -4.1379309 -16.428099254620818
21.172413 -4.3103447 -16.428230865884565
21.172413 -4.4827585 -16.42831938120374
21.172413 -4.6551723 -16.4283789060438
21.172413 -4.8275862 -16.428418932540566
21.172413 -5.0 -16.428445846388616

21.517242 0.0 -15.823062026809287
21.517242 -0.1724138 -15.869616244190006
21.517242 -0.34482759 -15.928111253697256
21.517242 -0.51724136 -15.994596042504607
21.517242 -0.68965518 -16.06541612203699
21.517242 -0.86206895 -16.13606771557358
21.517242 -1.0344827 -16.20235757114183
21.517242 -1.2068965 -16.261257720530327
21.517242 -1.3793104 -16.3110266611029
21.517242 -1.5517242 -16.351149630820327
21.517242 -1.7241379 -16.382158231206187
21.517242 -1.8965517 -16.405280685388515
21.517242 -2.0689654 -16.422036242927344
21.517242 -2.2413793 -16.433915967441994
21.517242 -2.4137931 -16.442204590894637
21.517242 -2.5862069 -16.447921595854613
21.517242 -2.7586207 -16.451833163545814
21.517242 -2.9310346 -16.45449454066218
21.517242 -3.1034484 -16.45629837377626
21.517242 -3.275862 -16.457517787726886
21.517242 -3.4482758 -16.458340668151823
21.517242 -3.6206896 -16.458895294581428
21.517242 -3.7931035 -16.459268813610876
21.517242 -3.9655173 -16.459520226272893
21.517242 -4.1379309 -16.45968938781622
21.517242 -4.3103447 -16.459803179248162
21.517242 -4.4827585 -16.459879711497408
21.517242 -4.6551723 -16.459931178714616
21.517242 -4.8275862 -16.45996578733943
21.517242 -5.0 -16.459989058361472

21.862068 0.0 -16.123318620157946
21.862068 -0.1724138 -16.127175846809845
21.862068 -0.34482759 -16.14849263437589
21.862068 -0.51724136 -16.18460956254869
21.862068 -0.68965518 -16.228910556045808
21.862068 -0.86206895 -16.27658268987131
21.862068 -1.0344827 -16.32398822662102
21.862068 -1.2068965 -16.367728664027613
21.862068 -1.3793104 -16.405351087434774
21.862068 -1.5517242 -16.435854344513622
21.862068 -1.7241379 -16.45944358025581
21.862068 -1.8965517 -16.477020738934968
21.862068 -2.0689654 -16.48974788053163
21.862068 -2.2413793 -16.498766440755894
21.862068 -2.4137931 -16.50505665346415
21.862068 -2.5862069 -16.509394411146065
21.862068 -2.7586207 -16.51236196014258
21.862068 -2.9310346 -16.514380905489805
21.862068 -3.1034484 -16.515749255923108
21.862068 -3.275862 -16.516674255844332
21.862068 -3.4482758 -16.517298451535925
21.862068 -3.6206896 -16.51771915924259
21.862068 -3.7931035 -16.518002487554714
21.862068 -3.9655173 -16.518193192804265
21.862068 -4.1379309 -16.518321507380335
21.862068 -4.3103447 -16.51840782176064
21.862068 -4.4827585 -16.518465873811223
21.862068 -4.6551723 -16.51850491323837
21.862068 -4.8275862 -16.51853116490411
21.862068 -5.0 -16.518548816656576

22.206898 0.0 -16.480343874891936
22.206898 -0.1724138 -16.464432754909854
22.206898 -0.34482759 -16.45304626499722
22.206898 -0.51724136 -16.448523541946447
22.206898 -0.68965518 -16.456915267716784
22.206898 -0.86206895 -16.4760254766477
22.206898 -1.0344827 -16.49968838206779
22.206898 -1.2068965 -16.52341574055811
22.206898 -1.3793104 -16.544892452580886
22.206898 -1.5517242 -16.56296422436457
22.206898 -1.7241379 -16.57726022099353
22.206898 -1.8965517 -16.58802335397245
22.206898 -2.0689654 -16.5958369977864
22.206898 -2.2413793 -16.601367666891896
22.206898 -2.4137931 -16.605216017908784
22.206898 -2.5862069 -16.607863374846843
22.206898 -2.7586207 -16.609670749511952
22.206898 -2.9310346 -16.610898426449047
22.206898 -3.1034484 -16.611729522477013
22.206898 -3.275862 -16.612290876012377
22.206898 -3.4482758 -16.612669462661554
22.206898 -3.6206896 -16.612924528753343
22.206898 -3.7931035 -16.613096258124717
22.206898 -3.9655173 -16.613211826050293
22.206898 -4.1379309 -16.613289575359985
22.206898 -4.3103447 -16.61334187120035
22.206898 -4.4827585 -16.613377041567094
22.206898 -4.6551723 -16.613400692384506
22.206898 -4.8275862 -16.61341659572653
22.206898 -5.0 -16.613427289028586

22.551723 0.0 -16.914546958009048
22.551723 -0.1724138 -16.851703037204928
22.551723 -0.34482759 -16.8120342842521
22.551723 -0.51724136 -16.789408412617533
22.551723 -0.68965518 -16.769993335645484
22.551723 -0.86206895 -16.753055202894608
22.551723 -1.0344827 -16.743481700079382
22.551723 -1.2068965 -16.741226414204537
22.551723 -1.3793104 -16.74279772111061
22.551723 -1.5517242 -16.74533601954652
22.551723 -1.7241379 -16.74760348239532
22.551723 -1.8965517 -16.749315896705987
22.551723 -2.0689654 -16.750525528146706
22.551723 -2.2413793 -16.751354774471523
22.551723 -2.4137931 -16.751915369647634
22.551723 -2.5862069 -16.75229203380278
22.551723 -2.7586207 -16.752544560858226
22.551723 -2.9310346 -16.752713804697763
22.551723 -3.1034484 -16.752827276887146
22.551723 -3.275862 -16.752903401398445
22.551723 -3.4482758 -16.75295449967818
22.551723 -3.6206896 -16.752988814954154
22.551723 -3.7931035 -16.753011867559376
22.551723 -3.9655173 -16.753027357914068
22.551723 -4.1379309 -16.753037768608717
22.551723 -4.3103447 -16.753044766264274
22.551723 -4.4827585 -16.753049470201493
22.551723 -4.6551723 -16.753052632446373
22.551723 -4.8275862 -16.75305475836514
22.551723 -5.0 -16.753056187617144

22.896551 0.0 -17.388918148162297
22.896551 -0.1724138 -17.321405782343614
22.896551 -0.34482759 -17.25099638520979
22.896551 -0.51724136 -17.18282128564902
22.896551 -0.68965518 -17.133418341134522
22.896551 -0.86206895 -17.100217873887097
22.896551 -1.0344827 -17.07119859790067
22.896551 -1.2068965 -17.042586326017336
22.896551 -1.3793104 -17.01741566644497
22.896551 -1.5517242 -16.997870578419647
22.896551 -1.7241379 -16.983666754674164
22.896551 -1.8965517 -16.973575763479957
22.896551 -2.0689654 -16.966451999259736
22.896551 -2.2413793 -16.961448752476297
22.896551 -2.4137931 -16.957960051020034
22.896551 -2.5862069 -16.955546802009998
22.896551 -2.7586207 -16.95388964079776
22.896551 -2.9310346 -16.95275842941723
22.896551 -3.1034484 -16.951989720763496
22.896551 -3.275862 -16.951469060261335
22.896551 -3.4482758 -16.951117224216567
22.896551 -3.6206896 -16.950879854986276
22.896551 -3.7931035 -16.950719889314886
22.896551 -3.9655173 -16.950612168459802
22.896551 -4.1379309 -16.950539666561884
22.896551 -4.3103447 -16.950490885770744
22.896551 -4.4827585 -16.950458072794568
22.896551 -4.6551723 -16.950436004255916
22.896551 -4.8275862 -16.950421163522527
22.896551 -5.0 -16.95041118409976

23.241379 0.0 -17.908193338493632
23.241379 -0.1724138 -17.813352406888345
23.241379 -0.34482759 -17.725755922435614
23.241379 -0.51724136 -17.65436154515299
23.241379 -0.68965518 -17.581597201726733
23.241379 -0.86206895 -17.507326752273237
23.241379 -1.0344827 -17.445584047381157
23.241379 -1.2068965 -17.399626837946204
23.241379 -1.3793104 -17.363269293408514
23.241379 -1.5517242 -17.331806878644073
23.241379 -1.7241379 -17.30463031332686
23.241379 -1.8965517 -17.282436230524766
23.241379 -2.0689654 -17.26534031983719
23.241379 -2.2413793 -17.252742950109536
23.241379 -2.4137931 -17.243739285402036
23.241379 -2.5862069 -17.23743385490576
23.241379 -2.7586207 -17.233077376640672
23.241379 -2.9310346 -17.230094422822674
23.241379 -3.1034484 -17.228064186922484
23.241379 -3.275862 -17.226687930982155
23.241379 -3.4482758 -17.22575750540502
23.241379 -3.6206896 -17.225129624310636
23.241379 -3.7931035 -17.22470642446494
23.241379 -3.9655173 -17.224421415551834
23.241379 -4.1379309 -17.224229578294608
23.241379 -4.3103447 -17.224100501458313
23.241379 -4.4827585 -17.224013674340245
23.241379 -4.6551723 -17.223955277401757
23.241379 -4.8275862 -17.223916006007705
23.241379 -5.0 -17.223889598383398

23.586206 0.0 -18.39777372717887
23.586206 -0.1724138 -18.321872724110605
23.586206 -0.34482759 -18.246271432663413
23.586206 -0.51724136 -18.15078299392326
23.586206 -0.68965518 -18.057768622018457
23.586206 -0.86206895 -17.98071449950318
23.586206 -1.0344827 -17.907988062083298
23.586206 -1.2068965 -17.834093094106255
23.586206 -1.3793104 -17.766862367732724
23.586206 -1.5517242 -17.71277076347642
23.586206 -1.7241379 -17.672032832695084
23.586206 -1.8965517 -17.642056744918243
23.586206 -2.0689654 -17.620201608192524
23.586206 -2.2413793 -17.604432469474474
23.586206 -2.4137931 -17.593205549931017
23.586206 -2.5862069 -17.585320499012767
23.586206 -2.7586207 -17.579847404179922
23.586206 -2.9310346 -17.576083463294164
23.586206 -3.1034484 -17.57351264034669
23.586206 -3.275862 -17.571765336828918
23.586206 -3.4482758 -17.570581827012976
23.586206 -3.6206896 -17.569782097097537
23.586206 -3.7931035 -17.56924257502728
23.586206 -3.9655173 -17.568878999670474
23.586206 -4.1379309 -17.568634175547423
23.586206 -4.3103447 -17.56846939911126
23.586206 -4.4827585 -17.568358536007363
23.586206 -4.6551723 -17.568283963459894
23.586206 -4.8275862 -17.568233809664694
23.586206 -5.0 -17.568200082269627

23.931034 0.0 -18.936080793234904
23.931034 -0.1724138 -18.838126586611445
23.931034 -0.34482759 -18.736162956688087
23.931034 -0.51724136 -18.65528742510761
23.931034 -0.68965518 -18.579302705786567
23.931034 -0.86206895 -18.486531166597196
23.931034 -1.0344827 -18.39029191452325
23.931034 -1.2068965 -18.308101092523906
23.931034 -1.3793104 -18.23971023832752
23.931034 -1.5517242 -18.17972826683148
23.931034 -1.7241379 -18.127325059929664
23.931034 -1.8965517 -18.08407826548521
23.931034 -2.0689654 -18.05053376084696
23.931034 -2.2413793 -18.02572186027182
23.931034 -2.4137931 -18.00795449004377
23.931034 -2.5862069 -17.995500376146236
23.931034 -2.7586207 -17.98689201306043
23.931034 -2.9310346 -17.98099650562675
23.931034 -3.1034484 -17.976983541899795
23.931034 -3.275862 -17.9742630943502
23.931034 -3.4482758 -17.972423870209955
23.931034 -3.6206896 -17.971182683905475
23.931034 -3.7931035 -17.97034610129226
23.931034 -3.9655173 -17.969782691979912
23.931034 -4.1379309 -17.969403464398262
23.931034 -4.3103447 -17.969148302312917
23.931034 -4.4827585 -17.96897666022999
23.931034 -4.6551723 -17.96886121956136
23.931034 -4.8275862 -17.96878358675037
23.931034 -5.0 -17.968731383386956

24.275862 0.0 -19.448198384076157
24.275862 -0.1724138 -19.35628152663677
24.275862 -0.34482759 -19.274163356553593
24.275862 -0.51724136 -19.176803540301872
24.275862 -0.68965518 -19.07151853255676
24.275862 -0.86206895 -18.983173771670785
24.275862 -1.0344827 -18.907663456709383
24.275862 -1.2068965 -18.82741161407215
24.275862 -1.3793104 -18.742865969179977
24.275862 -1.5517242 -18.666272897076187
24.275862 -1.7241379 -18.604555220102437
24.275862 -1.8965517 -18.557693836928195
24.275862 -2.0689654 -18.523087037548304
24.275862 -2.2413793 -18.497981591636496
24.275862 -2.4137931 -18.480056171912235
24.275862 -2.5862069 -18.467442255661215
24.275862 -2.7586207 -18.45867438746194
24.275862 -2.9310346 -18.45263824926973
24.275862 -3.1034484 -18.448512349061275
24.275862 -3.275862 -18.445706596812343
24.275862 -3.4482758 -18.443805446212338
24.275862 -3.6206896 -18.442520452690808
24.275862 -3.7931035 -18.44165340279606
24.275862 -3.9655173 -18.44106904089776
24.275862 -4.1379309 -18.44067551139798
24.275862 -4.3103447 -18.440410635599534
24.275862 -4.4827585 -18.440232418052986
24.275862 -4.6551723 -18.440112536223804
24.275862 -4.8275862 -18.44003190828433
24.275862 -5.0 -18.43997768703448

24.620689 0.0 -19.952226389833825
24.620689 -0.1724138 -19.881914989856522
24.620689 -0.34482759 -19.78757599230737
24.620689 -0.51724136 -19.691943784229974
24.620689 -0.68965518 -19.607373281113187
24.620689 -0.86206895 -19.513981141838173
24.620689 -1.0344827 -19.410308892070827
24.620689 -1.2068965 -19.31648126174914
24.620689 -1.3793104 -19.241067288315453
24.620689 -1.5517242 -19.178947443707212
24.620689 -1.7241379 -19.124885184141583
24.620689 -1.8965517 -19.078322398662927
24.620689 -2.0689654 -19.040339177336662
24.620689 -2.2413793 -19.01106593735657
24.620689 -2.4137931 -18.989476068406397
24.620689 -2.5862069 -18.974033859119697
24.620689 -2.7586207 -18.963214279002724
24.620689 -2.9310346 -18.955736905980373
24.620689 -3.1034484 -18.950616283922216
24.620689 -3.275862 -18.947130860859296
24.620689 -3.4482758 -18.944768065040414
24.620689 -3.6206896 -18.943170653484874
24.620689 -3.7931035 -18.94209265674992
24.620689 -3.9655173 -18.94136606986085
24.620689 -4.1379309 -18.940876739895074
24.620689 -4.3103447 -18.940547374344693
24.620689 -4.4827585 -18.940325762272888
24.620689 -4.6551723 -18.94017668865408
24.620689 -4.8275862 -18.940076426764293
24.620689 -5.0 -18.940009001642597

24.965517 0.0 -20.461179923249038
24.965517 -0.1724138 -20.363891708491202
24.965517 -0.34482759 -20.288242237920596
24.965517 -0.51724136 -20.217028782865803
24.965517 -0.68965518 -20.124065957548176
24.965517 -0.86206895 -20.024856042922224
24.965517 -1.0344827 -19.937631880462256
24.965517 -1.2068965 -19.854901035303097
24.965517 -1.3793104 -19.769326171396184
24.965517 -1.5517242 -19.687935222973724
24.965517 -1.7241379 -19.619600223723246
24.965517 -1.8965517 -19.566969590776754
24.965517 -2.0689654 -19.52830874810801
24.965517 -2.2413793 -19.50062307605545
24.965517 -2.4137931 -19.48110965973279
24.965517 -2.5862069 -19.467517598797567
24.965517 -2.7586207 -19.458138158096705
24.965517 -2.9310346 -19.451712830164784
24.965517 -3.1034484 -19.447335407872263
24.965517 -3.275862 -19.444365157327955
24.965517 -3.4482758 -19.44235549011398
24.965517 -3.6206896 -19.440998475469755
24.965517 -3.7931035 -19.440083426219275
24.965517 -3.9655173 -19.439466983441804
24.965517 -4.1379309 -19.439051970924776
24.965517 -4.3103447 -19.438772690167646
24.965517 -4.4827585 -19.438584805203163
24.965517 -4.6551723 -19.438458431551748
24.965517 -4.8275862 -19.4383734425084
24.965517 -5.0 -19.438316290753445

25.310345 0.0 -20.983110944684103
25.310345 -0.1724138 -20.895706413713192
25.310345 -0.34482759 -20.80076708886808
25.310345 -0.51724136 -20.700289215845086
25.310345 -0.68965518 -20.617950131217356
25.310345 -0.86206895 -20.545870065377887
25.310345 -1.0344827 -20.4608468526049
25.310345 -1.2068965 -20.366527759773653
25.310345 -1.3793104 -20.280781588490328
25.310345 -1.5517242 -20.210120790241668
25.310345 -1.7241379 -20.152151245243065
25.310345 -1.8965517 -20.104378640786962
25.310345 -2.0689654 -20.065983408146217
25.310345 -2.2413793 -20.03635795729728
25.310345 -2.4137931 -20.01437016030682
25.310345 -2.5862069 -19.998539104711067
25.310345 -2.7586207 -19.987386897189385
25.310345 -2.9310346 -19.979648502576154
25.310345 -3.1034484 -19.974333878519374
25.310345 -3.275862 -19.97070916344091
25.310345 -3.4482758 -19.968248563174207
25.310345 -3.6206896 -19.966583471439264
25.310345 -3.7931035 -19.965459087983717
25.310345 -3.9655173 -19.9647009103972
25.310345 -4.1379309 -19.964190157339367
25.310345 -4.3103447 -19.96384630489958
25.310345 -4.4827585 -19.963614914976443
25.310345 -4.6551723 -19.963459250237303
25.310345 -4.8275862 -19.963354549149393
25.310345 -5.0 -19.96328413589157

25.655172 0.0 -21.550422363584467
25.655172 -0.1724138 -21.433520850983022
25.655172 -0.34482759 -21.322178365231377
25.655172 -0.51724136 -21.231636808961944
25.655172 -0.68965518 -21.137385398205392
25.655172 -0.86206895 -21.03498173216058
25.655172 -1.0344827 -20.944739770707738
25.655172 -1.2068965 -20.87142547501417
25.655172 -1.3793104 -20.80347259985924
25.655172 -1.5517242 -20.735076504024214
25.655172 -1.7241379 -20.67106824933833
25.655172 -1.8965517 -20.617298575811642
25.655172 -2.0689654 -20.575625475957718
25.655172 -2.2413793 -20.54491716287355
25.655172 -2.4137931 -20.522977417102155
25.655172 -2.5862069 -20.50760718484638
25.655172 -2.7586207 -20.496978662386464
25.655172 -2.9310346 -20.489693947755892
25.655172 -3.1034484 -20.484731432466425
25.655172 -3.275862 -20.481365008157194
25.655172 -3.4482758 -20.479087874360463
25.655172 -3.6206896 -20.477550582724085
25.655172 -3.7931035 -20.476514138814697
25.655172 -3.9655173 -20.475815997879366
25.655172 -4.1379309 -20.475346021988816
25.655172 -4.3103447 -20.47502977203299
25.655172 -4.4827585 -20.47481702457001
25.655172 -4.6551723 -20.474673931946068
25.655172 -4.8275862 -20.47457770077911
25.655172 -5.0 -20.474512989938987

26.0 0.0 -22.078582458341213
26.0 -0.1724138 -21.98160174512933
26.0 -0.34482759 -21.89027752310867
26.0 -0.51724136 -21.774418361977567
26.0 -0.68965518 -21.658802471425147
26.0 -0.86206895 -21.563566460809202
26.0 -1.0344827 -21.473816732389693
26.0 -1.2068965 -21.3791190889576
26.0 -1.3793104 -21.28986862969438
26.0 -1.5517242 -21.21649718860773
26.0 -1.7241379 -21.15996781166574
26.0 -1.8965517 -21.11685376680783
26.0 -2.0689654 -21.083960210211423
26.0 -2.2413793 -21.0591557857472
26.0 -2.4137931 -21.040847090215838
26.0 -2.5862069 -21.02763885894334
26.0 -2.7586207 -21.018295600485988
26.0 -2.9310346 -21.011785696525372
26.0 -3.1034484 -21.00729969206261
26.0 -3.275862 -21.004232338596374
26.0 -3.4482758 -21.002146281866946
26.0 -3.6206896 -21.00073282689309
26.0 -3.7931035 -20.999777515736433
26.0 -3.9655173 -20.999132951527606
26.0 -4.1379309 -20.998698554839283
26.0 -4.3103447 -20.99840602521278
26.0 -4.4827585 -20.998209134689997
26.0 -4.6551723 -20.99807666199416
26.0 -4.8275862 -20.997987552310953
26.0 -5.0 -20.997927621045008
