# KROME file, XRAY He rate
# Distance = 2 kpc
# Xray rate including primary He ionization in 1/s
# first line indicates the size of the table (30x30)
# then first column is the parameter log10(nH), where nH is the H column density in cm-2
# second column is log10(xHe), where xHe = nHe/nH both in cm-2
# third column is log10(rate), where rate is in units of 1/s
30, 30
16.0 0.0 -12.98745567432359
16.0 -0.1724138 -12.983713528948247
16.0 -0.34482759 -12.978214035076281
16.0 -0.51724136 -12.970165947762492
16.0 -0.68965518 -12.958468095897887
16.0 -0.86206895 -12.941634173880828
16.0 -1.0344827 -12.917745849611528
16.0 -1.2068965 -12.884482851997124
16.0 -1.3793104 -12.839291680748598
16.0 -1.5517242 -12.779732927650414
16.0 -1.7241379 -12.703965168176321
16.0 -1.8965517 -12.611205399699571
16.0 -2.0689654 -12.501949327147722
16.0 -2.2413793 -12.377829926282248
16.0 -2.4137931 -12.241194540875213
16.0 -2.5862069 -12.094607430869216
16.0 -2.7586207 -11.940463492385126
16.0 -2.9310346 -11.780779881066923
16.0 -3.1034484 -11.617139812724954
16.0 -3.275862 -11.45072634770333
16.0 -3.4482758 -11.282393771200903
16.0 -3.6206896 -11.112745644643965
16.0 -3.7931035 -10.942201157616426
16.0 -3.9655173 -10.771048768998629
16.0 -4.1379309 -10.599485324568414
16.0 -4.3103447 -10.427644052390486
16.0 -4.4827585 -10.25561560806296
16.0 -4.6551723 -10.08346108881818
16.0 -4.8275862 -9.91122159968401
16.0 -5.0 -9.738925101650068

16.344828 0.0 -12.987492006859176
16.344828 -0.1724138 -12.983738384744061
16.344828 -0.34482759 -12.978231174411883
16.344828 -0.51724136 -12.970177899035098
16.344828 -0.68965518 -12.958476559178141
16.344828 -0.86206895 -12.941640292299034
16.344828 -1.0344827 -12.91775039183751
16.344828 -1.2068965 -12.88448633493303
16.344828 -1.3793104 -12.839294452008005
16.344828 -1.5517242 -12.77973522099191
16.344828 -1.7241379 -12.703967140754177
16.344828 -1.8965517 -12.611207157107092
16.344828 -2.0689654 -12.501950940273662
16.344828 -2.2413793 -12.377831442672715
16.344828 -2.4137931 -12.241195992398518
16.344828 -2.5862069 -12.094608838879862
16.344828 -2.7586207 -11.94046487119491
16.344828 -2.9310346 -11.78078124027187
16.344828 -3.1034484 -11.61714115876272
16.344828 -3.275862 -11.45072768489501
16.344828 -3.4482758 -11.282395102448183
16.344828 -3.6206896 -11.11274697189608
16.344828 -3.7931035 -10.94220248218312
16.344828 -3.9655173 -10.77105009176013
16.344828 -4.1379309 -10.599486646116365
16.344828 -4.3103447 -10.427645373122585
16.344828 -4.4827585 -10.255616928246564
16.344828 -4.6551723 -10.08346240863302
16.344828 -4.8275862 -9.911222919250925
16.344828 -5.0 -9.738926421050296

16.689655 0.0 -12.987572373960676
16.689655 -0.1724138 -12.983793367183972
16.689655 -0.34482759 -12.978269088407465
16.689655 -0.51724136 -12.970204336873003
16.689655 -0.68965518 -12.958495281283314
16.689655 -0.86206895 -12.94165382728856
16.689655 -1.0344827 -12.917760440063404
16.689655 -1.2068965 -12.884494039840074
16.689655 -1.3793104 -12.839300582565286
16.689655 -1.5517242 -12.779740294309814
16.689655 -1.7241379 -12.703971504484324
16.689655 -1.8965517 -12.61121104484046
16.689655 -2.0689654 -12.501954508829039
16.689655 -2.2413793 -12.377834797230891
16.689655 -2.4137931 -12.241199203458173
16.689655 -2.5862069 -12.0946119536812
16.689655 -2.7586207 -11.940467921398348
16.689655 -2.9310346 -11.780784247105638
16.689655 -3.1034484 -11.617144136468164
16.689655 -3.275862 -11.45073064303121
16.689655 -3.4482758 -11.282398047434226
16.689655 -3.6206896 -11.112749908044044
16.689655 -3.7931035 -10.942205412390424
16.689655 -3.9655173 -10.771053017974001
16.689655 -4.1379309 -10.599489569645623
16.689655 -4.3103447 -10.427648294847023
16.689655 -4.4827585 -10.25561984875762
16.689655 -4.6551723 -10.083465328328305
16.689655 -4.8275862 -9.911225838397753
16.689655 -5.0 -9.738929339828383

17.034483 0.0 -12.987750124422352
17.034483 -0.1724138 -12.98391498209498
17.034483 -0.34482759 -12.978352953803986
17.034483 -0.51724136 -12.970262818968088
17.034483 -0.68965518 -12.958536696592132
17.034483 -0.86206895 -12.941683768568197
17.034483 -1.0344827 -12.917782668350537
17.034483 -1.2068965 -12.884511084440264
17.034483 -1.3793104 -12.839314144487718
17.034483 -1.5517242 -12.779751517456685
17.034483 -1.7241379 -12.703981157906679
17.034483 -1.8965517 -12.611219645276423
17.034483 -2.0689654 -12.501962403187086
17.034483 -2.2413793 -12.37784221818876
17.034483 -2.4137931 -12.241206306971272
17.034483 -2.5862069 -12.094618844253297
17.034483 -2.7586207 -11.940474669068008
17.034483 -2.9310346 -11.780790898833594
17.034483 -3.1034484 -11.617150723758876
17.034483 -3.275862 -11.450737187031129
17.034483 -3.4482758 -11.28240456234356
17.034483 -3.6206896 -11.11275640340191
17.034483 -3.7931035 -10.942211894606439
17.034483 -3.9655173 -10.771059491355805
17.034483 -4.1379309 -10.599496037088567
17.034483 -4.3103447 -10.427654758297367
17.034483 -4.4827585 -10.25562630952374
17.034483 -4.6551723 -10.08347178728979
17.034483 -4.8275862 -9.911232296145947
17.034483 -5.0 -9.73893579676085

17.379311 0.0 -12.988143154277063
17.379311 -0.1724138 -12.98418393040901
17.379311 -0.34482759 -12.97853843931555
17.379311 -0.51724136 -12.97039217315642
17.379311 -0.68965518 -12.95862830575346
17.379311 -0.86206895 -12.941749999687856
17.379311 -1.0344827 -12.917831839116426
17.379311 -1.2068965 -12.8845487890111
17.379311 -1.3793104 -12.839344145272316
17.379311 -1.5517242 -12.779776344717591
17.379311 -1.7241379 -12.704002512797473
17.379311 -1.8965517 -12.611238670850963
17.379311 -2.0689654 -12.501979866835734
17.379311 -2.2413793 -12.377858634618171
17.379311 -2.4137931 -12.241222021172408
17.379311 -2.5862069 -12.09463408740113
17.379311 -2.7586207 -11.94048959609669
17.379311 -2.9310346 -11.780805613626352
17.379311 -3.1034484 -11.617165296007748
17.379311 -3.275862 -11.45075166351489
17.379311 -3.4482758 -11.282418974474986
17.379311 -3.6206896 -11.112770772282822
17.379311 -3.7931035 -10.942226234415784
17.379311 -3.9655173 -10.771073811622664
17.379311 -4.1379309 -10.599510344217853
17.379311 -4.3103447 -10.427669056594478
17.379311 -4.4827585 -10.25564060188298
17.379311 -4.6551723 -10.08348607565693
17.379311 -4.8275862 -9.911246581829118
17.379311 -5.0 -9.738950080639524

17.724138 0.0 -12.989011675238345
17.724138 -0.1724138 -12.984778458148876
17.724138 -0.34482759 -12.978948561440237
17.724138 -0.51724136 -12.970678229046412
17.724138 -0.68965518 -12.958830912774465
17.724138 -0.86206895 -12.941896489716163
17.724138 -1.0344827 -12.917940600160046
17.724138 -1.2068965 -12.884632190562304
17.724138 -1.3793104 -12.839410507655037
17.724138 -1.5517242 -12.779831263938963
17.724138 -1.7241379 -12.704049751405105
17.724138 -1.8965517 -12.611280757109284
17.724138 -2.0689654 -12.502018498142979
17.724138 -2.2413793 -12.377894949479362
17.724138 -2.4137931 -12.241256782699201
17.724138 -2.5862069 -12.094667806951032
17.724138 -2.7586207 -11.940522616384845
17.724138 -2.9310346 -11.780838164443827
17.724138 -3.1034484 -11.617197531514602
17.724138 -3.275862 -11.450783687186807
17.724138 -3.4482758 -11.282450855797789
17.724138 -3.6206896 -11.112802557934282
17.724138 -3.7931035 -10.94225795576012
17.724138 -3.9655173 -10.771105489738458
17.724138 -4.1379309 -10.599541993272963
17.724138 -4.3103447 -10.427700686112559
17.724138 -4.4827585 -10.255672218266316
17.724138 -4.6551723 -10.083517683209626
17.724138 -4.8275862 -9.911278183444796
17.724138 -5.0 -9.738981678263604

18.068966 0.0 -12.990928433592593
18.068966 -0.1724138 -12.98609152605476
18.068966 -0.34482759 -12.979854813515049
18.068966 -0.51724136 -12.971310546586496
18.068966 -0.68965518 -12.95927887224657
18.068966 -0.86206895 -12.942220425913238
18.068966 -1.0344827 -12.918181130551636
18.068966 -1.2068965 -12.884816650090618
18.068966 -1.3793104 -12.839557288490418
18.068966 -1.5517242 -12.779952738539741
18.068966 -1.7241379 -12.704154239646977
18.068966 -1.8965517 -12.611373850071386
18.068966 -2.0689654 -12.502103949724141
18.068966 -2.2413793 -12.377975277651883
18.068966 -2.4137931 -12.241333675242009
18.068966 -2.5862069 -12.094742394856784
18.068966 -2.7586207 -11.940595657661161
18.068966 -2.9310346 -11.780910167340062
18.068966 -3.1034484 -11.617268837002094
18.068966 -3.275862 -11.450854524133947
18.068966 -3.4482758 -11.282521377894279
18.068966 -3.6206896 -11.112872868422828
18.068966 -3.7931035 -10.942328124012713
18.068966 -3.9655173 -10.771175562377163
18.068966 -4.1379309 -10.599612001634556
18.068966 -4.3103447 -10.427770651261687
18.068966 -4.4827585 -10.2557421543637
18.068966 -4.6551723 -10.083587599775182
18.068966 -4.8275862 -9.911348086878718
18.068966 -5.0 -9.739051572868807

18.413794 0.0 -12.995146332441411
18.413794 -0.1724138 -12.988985793890665
18.413794 -0.34482759 -12.981854618155397
18.413794 -0.51724136 -12.972706920501038
18.413794 -0.68965518 -12.960268623199761
18.413794 -0.86206895 -12.942936396478267
18.413794 -1.0344827 -12.918712878124515
18.413794 -1.2068965 -12.885224503229752
18.413794 -1.3793104 -12.839881865102594
18.413794 -1.5517242 -12.78022137422332
18.413794 -1.7241379 -12.704385321607047
18.413794 -1.8965517 -12.611579737192331
18.413794 -2.0689654 -12.502292940952811
18.413794 -2.2413793 -12.378152940092653
18.413794 -2.4137931 -12.241503740703596
18.413794 -2.5862069 -12.094907364148414
18.413794 -2.7586207 -11.940757206905062
18.413794 -2.9310346 -11.781069420407414
18.413794 -3.1034484 -11.617426547877784
18.413794 -3.275862 -11.451011198915243
18.413794 -3.4482758 -11.282677356437398
18.413794 -3.6206896 -11.11302837903063
18.413794 -3.7931035 -10.942483320089375
18.413794 -3.9655173 -10.771330547019483
18.413794 -4.1379309 -10.599766844138589
18.413794 -4.3103447 -10.427925398208414
18.413794 -4.4827585 -10.255896837067228
18.413794 -4.6551723 -10.08374223928725
18.413794 -4.8275862 -9.911502697352308
18.413794 -5.0 -9.73920616381912

18.758621 0.0 -13.00436913069981
18.758621 -0.1724138 -12.995337492213368
18.758621 -0.34482759 -12.986254181588523
18.758621 -0.51724136 -12.975784052859332
18.758621 -0.68965518 -12.962452143314426
18.758621 -0.86206895 -12.944517113853381
18.758621 -1.0344827 -12.919887465067923
18.758621 -1.2068965 -12.886125725379236
18.758621 -1.3793104 -12.840599238167922
18.758621 -1.5517242 -12.780815199446524
18.758621 -1.7241379 -12.704896186531201
18.758621 -1.8965517 -12.612034934345361
18.758621 -2.0689654 -12.50271080247119
18.758621 -2.2413793 -12.378545765930804
18.758621 -2.4137931 -12.241879776982111
18.758621 -2.5862069 -12.09527213734462
18.758621 -2.7586207 -11.941114421254454
18.758621 -2.9310346 -11.781421559764778
18.758621 -3.1034484 -11.61777527865952
18.758621 -3.275862 -11.451357639689387
18.758621 -3.4482758 -11.28302225835741
18.758621 -3.6206896 -11.113372246697605
18.758621 -3.7931035 -10.9428264925631
18.758621 -3.9655173 -10.771673252169263
18.758621 -4.1379309 -10.60010923512612
18.758621 -4.3103447 -10.428267577989532
18.758621 -4.4827585 -10.25623887485417
18.758621 -4.6551723 -10.084084181609805
18.758621 -4.8275862 -9.91184457549224
18.758621 -5.0 -9.739547998807504

19.103449 0.0 -13.024259002598944
19.103449 -0.1724138 -13.009144289333316
19.103449 -0.34482759 -12.995869177008931
19.103449 -0.51724136 -12.982533509804579
19.103449 -0.68965518 -12.967253342689146
19.103449 -0.86206895 -12.947998630949828
19.103449 -1.0344827 -12.922477381861482
19.103449 -1.2068965 -12.888114382629837
19.103449 -1.3793104 -12.842183013136452
19.103449 -1.5517242 -12.782126660018617
19.103449 -1.7241379 -12.706024688501698
19.103449 -1.8965517 -12.613040621153898
19.103449 -2.0689654 -12.503634097749122
19.103449 -2.2413793 -12.379413803537417
19.103449 -2.4137931 -12.24271075316923
19.103449 -2.5862069 -12.096078249409603
19.103449 -2.7586207 -11.941903845731195
19.103449 -2.9310346 -11.78219977985121
19.103449 -3.1034484 -11.618545973239387
19.103449 -3.275862 -11.452123278277076
19.103449 -3.4482758 -11.283784499351729
19.103449 -3.6206896 -11.114132204177531
19.103449 -3.7931035 -10.943584915127381
19.103449 -3.9655173 -10.772430642926816
19.103449 -4.1379309 -10.600865932241907
19.103449 -4.3103447 -10.429023808780057
19.103449 -4.4827585 -10.256994792133689
19.103449 -4.6551723 -10.084839888111985
19.103449 -4.8275862 -9.912600140284527
19.103449 -5.0 -9.74030346832473

19.448277 0.0 -13.065915241726948
19.448277 -0.1724138 -13.038545391223495
19.448277 -0.34482759 -13.016581175602656
19.448277 -0.51724136 -12.997187919647674
19.448277 -0.68965518 -12.97773381510502
19.448277 -0.86206895 -12.955626084457428
19.448277 -1.0344827 -12.928165446439422
19.448277 -1.2068965 -12.89248918918915
19.448277 -1.3793104 -12.845671022344655
19.448277 -1.5517242 -12.785017113765411
19.448277 -1.7241379 -12.708513161049146
19.448277 -1.8965517 -12.615259027306136
19.448277 -2.0689654 -12.505671225536025
19.448277 -2.2413793 -12.381329307194688
19.448277 -2.4137931 -12.244544662740521
19.448277 -2.5862069 -12.097857409130107
19.448277 -2.7586207 -11.94364625587581
19.448277 -2.9310346 -11.783917513712176
19.448277 -3.1034484 -11.620247132265062
19.448277 -3.275862 -11.453813301164805
19.448277 -3.4482758 -11.285467038657965
19.448277 -3.6206896 -11.115809713709655
19.448277 -3.7931035 -10.945259043748814
19.448277 -3.9655173 -10.774102498804156
19.448277 -4.1379309 -10.602536260238608
19.448277 -4.3103447 -10.430693109601638
19.448277 -4.4827585 -10.258663402382819
19.448277 -4.6551723 -10.086508034080031
19.448277 -4.8275862 -9.914267974106663
19.448277 -5.0 -9.741971092283329

19.793104 0.0 -13.148253851459598
19.793104 -0.1724138 -13.098553135560005
19.793104 -0.34482759 -13.059856309192122
19.793104 -0.51724136 -13.028317199296785
19.793104 -0.68965518 -13.000253338412842
19.793104 -0.86206895 -12.972144496319178
19.793104 -1.0344827 -12.940549820317212
19.793104 -1.2068965 -12.90204881717565
19.793104 -1.3793104 -12.853311533277763
19.793104 -1.5517242 -12.791359132464384
19.793104 -1.7241379 -12.71397925561682
19.793104 -1.8965517 -12.620135550498878
19.793104 -2.0689654 -12.510151515214318
19.793104 -2.2413793 -12.385543533024256
19.793104 -2.4137931 -12.248580294884341
19.793104 -2.5862069 -12.101773159907237
19.793104 -2.7586207 -11.94748151904947
19.793104 -2.9310346 -11.787698722781954
19.793104 -3.1034484 -11.623992029636824
19.793104 -3.275862 -11.457533799964395
19.793104 -3.4482758 -11.289171140582186
19.793104 -3.6206896 -11.119502794793323
19.793104 -3.7931035 -10.948944716682487
19.793104 -3.9655173 -10.777783191693471
19.793104 -4.1379309 -10.606213605196599
19.793104 -4.3103447 -10.434368203771644
19.793104 -4.4827585 -10.262336983335336
19.793104 -4.6551723 -10.090180597673063
19.793104 -4.8275862 -9.917939853706143
19.793104 -5.0 -9.745642512016119

20.137932 0.0 -13.29684201473993
20.137932 -0.1724138 -13.211964240707704
20.137932 -0.34482759 -13.145019753655273
20.137932 -0.51724136 -13.091542528764526
20.137932 -0.68965518 -13.047061221647384
20.137932 -0.86206895 -13.007044591328055
20.137932 -1.0344827 -12.967013760673849
20.137932 -1.2068965 -12.92263592599098
20.137932 -1.3793104 -12.86985296997633
20.137932 -1.5517242 -12.805138665100172
20.137932 -1.7241379 -12.725884424483423
20.137932 -1.8965517 -12.630773987234367
20.137932 -2.0689654 -12.519936299496486
20.137932 -2.2413793 -12.394754059402995
20.137932 -2.4137931 -12.257404884155926
20.137932 -2.5862069 -12.110338476856917
20.137932 -2.7586207 -11.955872667200483
20.137932 -2.9310346 -11.795972859403483
20.137932 -3.1034484 -11.63218754267188
20.137932 -3.275862 -11.465676475530232
20.137932 -3.4482758 -11.297278303214522
20.137932 -3.6206896 -11.127586086332515
20.137932 -3.7931035 -10.957011961403094
20.137932 -3.9655173 -10.785839648762968
20.137932 -4.1379309 -10.614262809895802
20.137932 -4.3103447 -10.442412532685585
20.137932 -4.4827585 -10.270378034198036
20.137932 -4.6551723 -10.098219444636259
20.137932 -4.8275862 -9.925977218931585
20.137932 -5.0 -9.753678881027588

20.482758 0.0 -13.544930046150983
20.482758 -0.1724138 -13.407306017957275
20.482758 -0.34482759 -13.29785135854234
20.482758 -0.51724136 -13.21010210236297
20.482758 -0.68965518 -13.138306366134692
20.482758 -0.86206895 -13.077181616178589
20.482758 -1.0344827 -13.021402348113636
20.482758 -1.2068965 -12.965624384209736
20.482758 -1.3793104 -12.90477707900545
20.482758 -1.5517242 -12.834452816650334
20.482758 -1.7241379 -12.751342148511261
20.482758 -1.8965517 -12.653602677926854
20.482758 -2.0689654 -12.54098285971226
20.482758 -2.2413793 -12.414597037356856
20.482758 -2.4137931 -12.276436842137848
20.482758 -2.5862069 -12.128824628406681
20.482758 -2.7586207 -11.973991733662503
20.482758 -2.9310346 -11.813845112137384
20.482758 -3.1034484 -11.64989386563925
20.482758 -3.275862 -11.483271248827645
20.482758 -3.4482758 -11.314798084196987
20.482758 -3.6206896 -11.145055450858829
20.482758 -3.7931035 -10.97444743091374
20.482758 -3.9655173 -10.803252330321628
20.482758 -4.1379309 -10.631660170721267
20.482758 -4.3103447 -10.459799593009244
20.482758 -4.4827585 -10.287758169213285
20.482758 -4.6551723 -10.115594923559016
20.482758 -4.8275862 -9.94334956741363
20.482758 -5.0 -9.77104912481219

20.827587 0.0 -13.91336932328581
20.827587 -0.1724138 -13.721481126977437
20.827587 -0.34482759 -13.552194647375986
20.827587 -0.51724136 -13.413029376859713
20.827587 -0.68965518 -13.300213936022292
20.827587 -0.86206895 -13.206602439336242
20.827587 -1.0344827 -13.125353069381733
20.827587 -1.2068965 -13.050118409815292
20.827587 -1.3793104 -12.97486291579133
20.827587 -1.5517242 -12.894160601929778
20.827587 -1.7241379 -12.803735077741463
20.827587 -1.8965517 -12.700921105754778
20.827587 -2.0689654 -12.58482007401225
20.827587 -2.2413793 -12.456064017191736
20.827587 -2.4137931 -12.316297900425509
20.827587 -2.5862069 -12.167600936502593
20.827587 -2.7586207 -12.012036682345103
20.827587 -2.9310346 -11.851397507218781
20.827587 -3.1034484 -11.687114754442646
20.827587 -3.275862 -11.520269109222447
20.827587 -3.4482758 -11.3516459324047
20.827587 -3.6206896 -11.18180241363172
20.827587 -3.7931035 -11.011126552982427
20.827587 -3.9655173 -10.839885835476128
20.827587 -4.1379309 -10.668263003699913
20.827587 -4.3103447 -10.496381802919416
20.827587 -4.4827585 -10.324326513030858
20.827587 -4.6551723 -10.152153944497023
20.827587 -4.8275862 -9.979902320148945
20.827587 -5.0 -9.807597663171096

21.172413 0.0 -14.316317413909937
21.172413 -0.1724138 -14.11871276023185
21.172413 -0.34482759 -13.925047131885403
21.172413 -0.51724136 -13.736623507396294
21.172413 -0.68965518 -13.56784353006497
21.172413 -0.86206895 -13.42558523711193
21.172413 -1.0344827 -13.306047110506945
21.172413 -1.2068965 -13.201417150308137
21.172413 -1.3793104 -13.10386100168406
21.172413 -1.5517242 -13.006558919389011
21.172413 -1.7241379 -12.904061698246128
21.172413 -1.8965517 -12.792658401998949
21.172413 -2.0689654 -12.670552358092978
21.172413 -2.2413793 -12.537652087367716
21.172413 -2.4137931 -12.395051587514144
21.172413 -2.5862069 -12.244427703790878
21.172413 -2.7586207 -12.08755857753373
21.172413 -2.9310346 -11.926037992144966
21.172413 -3.1034484 -11.761160830846888
21.172413 -3.275862 -11.593914744516026
21.172413 -3.4482758 -11.42502198071
21.172413 -3.6206896 -11.254997049991127
21.172413 -3.7931035 -11.084199148267139
21.172413 -3.9655173 -10.91287634620253
21.172413 -4.1379309 -10.741198311669699
21.172413 -4.3103447 -10.56927998954691
21.172413 -4.4827585 -10.397199738718534
21.172413 -4.6551723 -10.225010386727789
21.172413 -4.8275862 -10.052747477658007
21.172413 -5.0 -9.880435233293397

21.517242 0.0 -14.749321276836023
21.517242 -0.1724138 -14.536460668492563
21.517242 -0.34482759 -14.328480963220143
21.517242 -0.51724136 -14.13502900667894
21.517242 -0.68965518 -13.948694271886042
21.517242 -0.86206895 -13.767405616103773
21.517242 -1.0344827 -13.600412711289497
21.517242 -1.2068965 -13.452939375285954
21.517242 -1.3793104 -13.321641707422295
21.517242 -1.5517242 -13.199240875258344
21.517242 -1.7241379 -13.078547269604677
21.517242 -1.8965517 -12.954171587303495
21.517242 -2.0689654 -12.822949232172629
21.517242 -2.2413793 -12.68372054622655
21.517242 -2.4137931 -12.536769254611013
21.517242 -2.5862069 -12.383175391704263
21.517242 -2.7586207 -12.224288940264296
21.517242 -2.9310346 -12.061402742896838
21.517242 -3.1034484 -11.895603240106794
21.517242 -3.275862 -11.727735142182478
21.517242 -3.4482758 -11.558423325978145
21.517242 -3.6206896 -11.388116267612988
21.517242 -3.7931035 -11.217128508188464
21.517242 -3.9655173 -11.045677979960313
21.517242 -4.1379309 -10.873914035361208
21.517242 -4.3103447 -10.70193793681189
21.517242 -4.4827585 -10.529818833626361
21.517242 -4.6551723 -10.357603356553462
21.517242 -4.8275862 -10.1853228811784
21.517242 -5.0 -10.012998825702581

21.862068 0.0 -15.197312389717693
21.862068 -0.1724138 -14.970007757998188
21.862068 -0.34482759 -14.761935666173459
21.862068 -0.51724136 -14.555498998357349
21.862068 -0.68965518 -14.35368487537578
21.862068 -0.86206895 -14.167023564257464
21.862068 -1.0344827 -13.992092457314683
21.862068 -1.2068965 -13.823358275214748
21.862068 -1.3793104 -13.661993277677078
21.862068 -1.5517242 -13.509529246184469
21.862068 -1.7241379 -13.363726293783092
21.862068 -1.8965517 -13.220269428608335
21.862068 -2.0689654 -13.075263478084775
21.862068 -2.2413793 -12.926355306351281
21.862068 -2.4137931 -12.772717537746761
21.862068 -2.5862069 -12.614550369447475
21.862068 -2.7586207 -12.452555104709774
21.862068 -2.9310346 -12.287563773228328
21.862068 -3.1034484 -12.120342291975227
21.862068 -3.275862 -11.951515202472459
21.862068 -3.4482758 -11.781557305265457
21.862068 -3.6206896 -11.610815273789363
21.862068 -3.7931035 -11.439534801243965
21.862068 -3.9655173 -11.267887352356924
21.862068 -4.1379309 -11.095990957307913
21.862068 -4.3103447 -10.923925783199062
21.862068 -4.4827585 -10.751746780377706
21.862068 -4.6551723 -10.579491025691713
21.862068 -4.8275862 -10.407183467990071
21.862068 -5.0 -10.234841203101057

22.206898 0.0 -15.684596541040756
22.206898 -0.1724138 -15.452983158046237
22.206898 -0.34482759 -15.212864809954612
22.206898 -0.51724136 -14.989148725414443
22.206898 -0.68965518 -14.787440887981528
22.206898 -0.86206895 -14.592779610865959
22.206898 -1.0344827 -14.402540030261097
22.206898 -1.2068965 -14.224703146901273
22.206898 -1.3793104 -14.060343863891399
22.206898 -1.5517242 -13.904264506698967
22.206898 -1.7241379 -13.751655671762665
22.206898 -1.8965517 -13.599584406186965
22.206898 -2.0689654 -13.446140578748201
22.206898 -2.2413793 -13.290095710716637
22.206898 -2.4137931 -13.130920555683087
22.206898 -2.5862069 -12.968675276502063
22.206898 -2.7586207 -12.803772123194642
22.206898 -2.9310346 -12.636749241817054
22.206898 -3.1034484 -12.468126941644154
22.206898 -3.275862 -12.298342142953771
22.206898 -3.4482758 -12.127733133992423
22.206898 -3.6206896 -11.956550071001383
22.206898 -3.7931035 -11.78497159876939
22.206898 -3.9655173 -11.613123125356566
22.206898 -4.1379309 -11.44109127195817
22.206898 -4.3103447 -11.26893488743855
22.206898 -4.4827585 -11.09669449874762
22.206898 -4.6551723 -10.924397444184377
22.206898 -4.8275862 -10.752062106444322
22.206898 -5.0 -10.57970115834079

22.551723 0.0 -16.178908275290475
22.551723 -0.1724138 -15.9259409467246
22.551723 -0.34482759 -15.698447977588202
22.551723 -0.51724136 -15.475179950425815
22.551723 -0.68965518 -15.245191706047498
22.551723 -0.86206895 -15.028384572265434
22.551723 -1.0344827 -14.835191493517643
22.551723 -1.2068965 -14.656684847377486
22.551723 -1.3793104 -14.484558050654286
22.551723 -1.5517242 -14.318156617194724
22.551723 -1.7241379 -14.157793878474656
22.551723 -1.8965517 -14.001374352667627
22.551723 -2.0689654 -13.845846600684746
22.551723 -2.2413793 -13.688869410147035
22.551723 -2.4137931 -13.52927895857584
22.551723 -2.5862069 -13.366840854184714
22.551723 -2.7586207 -13.201841912165625
22.551723 -2.9310346 -13.034767797510057
22.551723 -3.1034484 -12.866116235527475
22.551723 -3.275862 -12.696313847869874
22.551723 -3.4482758 -12.525693871865567
22.551723 -3.6206896 -12.354503796997493
22.551723 -3.7931035 -12.182920765647642
22.551723 -3.9655173 -12.011069294589829
22.551723 -4.1379309 -11.839035455546878
22.551723 -4.3103447 -11.666877749225682
22.551723 -4.4827585 -11.494636477742858
22.551723 -4.6551723 -11.32233883229285
22.551723 -4.8275862 -11.15000309846748
22.551723 -5.0 -10.97764188459729

22.896551 0.0 -16.700065211225095
22.896551 -0.1724138 -16.452092590231967
22.896551 -0.34482759 -16.196407483451846
22.896551 -0.51724136 -15.948392759775864
22.896551 -0.68965518 -15.726759286307352
22.896551 -0.86206895 -15.517856762322724
22.896551 -1.0344827 -15.307292135322033
22.896551 -1.2068965 -15.103873975002072
22.896551 -1.3793104 -14.91828092753362
22.896551 -1.5517242 -14.749198339075903
22.896551 -1.7241379 -14.589553231166057
22.896551 -1.8965517 -14.433306582641638
22.896551 -2.0689654 -14.276909317385499
22.896551 -2.2413793 -14.118591997295326
22.896551 -2.4137931 -13.95767389545512
22.896551 -2.5862069 -13.79413213783486
22.896551 -2.7586207 -13.628293103366083
22.896551 -2.9310346 -13.46060984152269
22.896551 -3.1034484 -13.291528903175148
22.896551 -3.275862 -13.121428981889755
22.896551 -3.4482758 -12.950605008421494
22.896551 -3.6206896 -12.779276007264816
22.896551 -3.7931035 -12.607598775400358
22.896551 -3.9655173 -12.435683612237835
22.896551 -4.1379309 -12.263606789585227
22.896551 -4.3103447 -12.091420111124421
22.896551 -4.4827585 -11.919159327835473
22.896551 -4.6551723 -11.746848549090043
22.896551 -4.8275862 -11.574503978586636
22.896551 -5.0 -11.40213682048359

23.241379 0.0 -17.244252895755576
23.241379 -0.1724138 -16.974183463013684
23.241379 -0.34482759 -16.71618797234245
23.241379 -0.51724136 -16.47560129590427
23.241379 -0.68965518 -16.232412652274327
23.241379 -0.86206895 -15.994748585445008
23.241379 -1.0344827 -15.781415975985194
23.241379 -1.2068965 -15.589723850940826
23.241379 -1.3793104 -15.406764053448976
23.241379 -1.5517242 -15.227646671744592
23.241379 -1.7241379 -15.053859434976788
23.241379 -1.8965517 -14.885771528703167
23.241379 -2.0689654 -14.721380962018374
23.241379 -2.2413793 -14.558171997304346
23.241379 -2.4137931 -14.394367894732454
23.241379 -2.5862069 -14.2291281604086
23.241379 -2.7586207 -14.062275599833518
23.241379 -2.9310346 -13.8939743563252
23.241379 -3.1034484 -13.724508260757153
23.241379 -3.275862 -13.554163589425926
23.241379 -3.4482758 -13.38318163004889
23.241379 -3.6206896 -13.21174942284661
23.241379 -3.7931035 -13.040004177417444
23.241379 -3.9655173 -12.868043912184426
23.241379 -4.1379309 -12.69593704995334
23.241379 -4.3103447 -12.523730303587838
23.241379 -4.4827585 -12.351456086266552
23.241379 -4.6551723 -12.179136301745627
23.241379 -4.8275862 -12.00678568828079
23.241379 -5.0 -11.834414472684875

23.586206 0.0 -17.747879725996548
23.586206 -0.1724138 -17.50455569134399
23.586206 -0.34482759 -17.26134899044589
23.586206 -0.51724136 -17.00050695675955
23.586206 -0.68965518 -16.74985463984338
23.586206 -0.86206895 -16.52144941022418
23.586206 -1.0344827 -16.30017773708224
23.586206 -1.2068965 -16.08314906781723
23.586206 -1.3793104 -15.881292846987382
23.586206 -1.5517242 -15.698546489932157
23.586206 -1.7241379 -15.529643908625335
23.586206 -1.8965517 -15.367493964277193
23.586206 -2.0689654 -15.207164396949441
23.586206 -2.2413793 -15.046071902370564
23.586206 -2.4137931 -14.883148682137948
23.586206 -2.5862069 -14.718164125654923
23.586206 -2.7586207 -14.551301441814369
23.586206 -2.9310346 -14.382902319996813
23.586206 -3.1034484 -14.213326572627379
23.586206 -3.275862 -14.042887561988401
23.586206 -3.4482758 -13.871832617748519
23.586206 -3.6206896 -13.700346948978108
23.586206 -3.7931035 -13.528563753067994
23.586206 -3.9655173 -13.35657705902177
23.586206 -4.1379309 -13.184452012956656
23.586206 -4.3103447 -13.012232852833487
23.586206 -4.4827585 -12.839950204093743
23.586206 -4.6551723 -12.667624712258942
23.586206 -4.8275862 -12.495270244109824
23.586206 -5.0 -12.322896428980114

23.931034 0.0 -18.293836712827993
23.931034 -0.1724138 -18.02916595307053
23.931034 -0.34482759 -17.764391436799983
23.931034 -0.51724136 -17.52577138649817
23.931034 -0.68965518 -17.295540629994065
23.931034 -0.86206895 -17.0533208984256
23.931034 -1.0344827 -16.81674748078564
23.931034 -1.2068965 -16.60307693920809
23.931034 -1.3793104 -16.407671153791124
23.931034 -1.5517242 -16.221361728385595
23.931034 -1.7241379 -16.041199827786308
23.931034 -1.8965517 -15.866847309366925
23.931034 -2.0689654 -15.69695774455354
23.931034 -2.2413793 -15.529416327783027
23.931034 -2.4137931 -15.362428041972857
23.931034 -2.5862069 -15.194940444342267
23.931034 -2.7586207 -15.026536016414457
23.931034 -2.9310346 -14.857176242262021
23.931034 -3.1034484 -14.68699276597941
23.931034 -3.275862 -14.516163596697615
23.931034 -3.4482758 -14.344855037281915
23.931034 -3.6206896 -14.173202900698513
23.931034 -3.7931035 -14.001309646204579
23.931034 -3.9655173 -13.82924980887286
23.931034 -4.1379309 -13.65707597478845
23.931034 -4.3103447 -13.484824189406911
23.931034 -4.4827585 -13.312519685718728
23.931034 -4.6551723 -13.140179536354799
23.931034 -4.8275862 -12.96781522987191
23.931034 -5.0 -12.79543480752845

24.275862 0.0 -18.808966914891332
24.275862 -0.1724138 -18.552977273592262
24.275862 -0.34482759 -18.309859500989177
24.275862 -0.51724136 -18.05526572849802
24.275862 -0.68965518 -17.799233150288547
24.275862 -0.86206895 -17.568280465245962
24.275862 -1.0344827 -17.35706219610641
24.275862 -1.2068965 -17.146496876073126
24.275862 -1.3793104 -16.93691952297
24.275862 -1.5517242 -16.739035206490083
24.275862 -1.7241379 -16.555954023419346
24.275862 -1.8965517 -16.383631735721252
24.275862 -2.0689654 -16.216798136901435
24.275862 -2.2413793 -16.051699066342913
24.275862 -2.4137931 -15.886303305535115
24.275862 -2.5862069 -15.719767890552239
24.275862 -2.7586207 -15.551914812236008
24.275862 -2.9310346 -15.382873654305916
24.275862 -3.1034484 -15.212877003483557
24.275862 -3.275862 -15.04215984828582
24.275862 -3.4482758 -14.870920077721385
24.275862 -3.6206896 -14.699311125979612
24.275862 -3.7931035 -14.527445485452683
24.275862 -3.9655173 -14.35540356086799
24.275862 -4.1379309 -14.183241471616858
24.275862 -4.3103447 -14.010997446759733
24.275862 -4.4827585 -13.838698098984521
24.275862 -4.6551723 -13.666361388111778
24.275862 -4.8275862 -13.49399938075904
24.275862 -5.0 -13.321620498456245

24.620689 0.0 -19.31472858199215
24.620689 -0.1724138 -19.080472788455907
24.620689 -0.34482759 -18.826006639787938
24.620689 -0.51724136 -18.575522154994644
24.620689 -0.68965518 -18.342155983084947
24.620689 -0.86206895 -18.106588676250162
24.620689 -1.0344827 -17.86875235977618
24.620689 -1.2068965 -17.64907301710057
24.620689 -1.3793104 -17.453747632680443
24.620689 -1.5517242 -17.273666931534013
24.620689 -1.7241379 -17.09968003432761
24.620689 -1.8965517 -16.928217540703173
24.620689 -2.0689654 -16.758419293376228
24.620689 -2.2413793 -16.589623262796277
24.620689 -2.4137931 -16.421057942841795
24.620689 -2.5862069 -16.25214462467337
24.620689 -2.7586207 -16.08260929425638
24.620689 -2.9310346 -15.912410002988175
24.620689 -3.1034484 -15.741626148251145
24.620689 -3.275862 -15.570377084733606
24.620689 -3.4482758 -15.398778889330421
24.620689 -3.6206896 -15.226928715841654
24.620689 -3.7931035 -15.05490082310591
24.620689 -3.9655173 -14.882749790762421
24.620689 -4.1379309 -14.710514339180275
24.620689 -4.3103447 -14.538220988827018
24.620689 -4.4827585 -14.365888477504933
24.620689 -4.6551723 -14.193529469583378
24.620689 -4.8275862 -14.021152471147243
24.620689 -5.0 -13.848763509831926

24.965517 0.0 -19.825179639488194
24.965517 -0.1724138 -19.563882730520522
24.965517 -0.34482759 -19.328297923051537
24.965517 -0.51724136 -19.10231303865313
24.965517 -0.68965518 -18.8611035655745
24.965517 -0.86206895 -18.621555897971387
24.965517 -1.0344827 -18.402213225038224
24.965517 -1.2068965 -18.194529744986532
24.965517 -1.3793104 -17.98929709741526
24.965517 -1.5517242 -17.790844012687494
24.965517 -1.7241379 -17.60445128462445
24.965517 -1.8965517 -17.42918903940596
24.965517 -2.0689654 -17.26080219037065
24.965517 -2.2413793 -17.09525519454357
24.965517 -2.4137931 -16.929989298195004
24.965517 -2.5862069 -16.763790558339007
24.965517 -2.7586207 -16.596293430474475
24.965517 -2.9310346 -16.427555185348417
24.965517 -3.1034484 -16.25779241142676
24.965517 -3.275862 -16.087246591125368
24.965517 -3.4482758 -15.916128512455101
24.965517 -3.6206896 -15.744604353327297
24.965517 -3.7931035 -15.572797077966097
24.965517 -3.9655173 -15.400795010714544
24.965517 -4.1379309 -15.22865999859451
24.965517 -4.3103447 -15.056434305406016
24.965517 -4.4827585 -14.884147340042558
24.965517 -4.6551723 -14.711818980272078
24.965517 -4.8275862 -14.539462599411927
24.965517 -5.0 -14.36708750531049

25.310345 0.0 -20.348347280980015
25.310345 -0.1724138 -20.097278820094445
25.310345 -0.34482759 -19.842277392108684
25.310345 -0.51724136 -19.586902795839855
25.310345 -0.68965518 -19.35642639740597
25.310345 -0.86206895 -19.14404862125656
25.310345 -1.0344827 -18.927072991238344
25.310345 -1.2068965 -18.7087123375521
25.310345 -1.3793104 -18.504851233945992
25.310345 -1.5517242 -18.318572035777567
25.310345 -1.7241379 -18.143487314976287
25.310345 -1.8965517 -17.973590986283064
25.310345 -2.0689654 -17.805745705225927
25.310345 -2.2413793 -17.63844003672279
25.310345 -2.4137931 -17.470840933591116
25.310345 -2.5862069 -17.30251832183641
25.310345 -2.7586207 -17.133339899792006
25.310345 -2.9310346 -16.963358335880173
25.310345 -3.1034484 -16.792709649959367
25.310345 -3.275862 -16.62154606075468
25.310345 -3.4482758 -16.45000279375239
25.310345 -3.6206896 -16.278188374892682
25.310345 -3.7931035 -16.106183981628405
25.310345 -3.9655173 -15.934048502437339
25.310345 -4.1379309 -15.761823395692884
25.310345 -4.3103447 -15.58953694966626
25.310345 -4.4827585 -15.417209057301411
25.310345 -4.6551723 -15.244853144422427
25.310345 -4.8275862 -15.072478222166405
25.310345 -5.0 -14.90009065460089

25.655172 0.0 -20.916282985754872
25.655172 -0.1724138 -20.635806023684946
25.655172 -0.34482759 -20.36481279750062
25.655172 -0.51724136 -20.119718749878555
25.655172 -0.68965518 -19.877248767399134
25.655172 -0.86206895 -19.63435966115271
25.655172 -1.0344827 -19.412160230100458
25.655172 -1.2068965 -19.21484774237612
25.655172 -1.3793104 -19.02879666460308
25.655172 -1.5517242 -18.844920043993127
25.655172 -1.7241379 -18.66417134645549
25.655172 -1.8965517 -18.48883221192277
25.655172 -2.0689654 -18.3183070908194
25.655172 -2.2413793 -18.150457839428697
25.655172 -2.4137931 -17.983344127453012
25.655172 -2.5862069 -17.81581470517269
25.655172 -2.7586207 -17.647402370714516
25.655172 -2.9310346 -17.47804659394721
25.655172 -3.1034484 -17.3078700536719
25.655172 -3.275862 -17.137047479751566
25.655172 -3.4482758 -16.96574423209255
25.655172 -3.6206896 -16.79409606490128
25.655172 -3.7931035 -16.622205659640144
25.655172 -3.9655173 -16.450147819695367
25.655172 -4.1379309 -16.27797536553197
25.655172 -4.3103447 -16.105724524668236
25.655172 -4.4827585 -15.933420663588542
25.655172 -4.6551723 -15.761080949699318
25.655172 -4.8275862 -15.588716937551
25.655172 -5.0 -15.416336713799517

26.0 0.0 -21.444752853272345
26.0 -0.1724138 -21.184397349154203
26.0 -0.34482759 -20.933474593570725
26.0 -0.51724136 -20.663107659748647
26.0 -0.68965518 -20.39958580253634
26.0 -0.86206895 -20.164202461078105
26.0 -1.0344827 -19.942533609472747
26.0 -1.2068965 -19.72368219558286
26.0 -1.3793104 -19.516232033729057
26.0 -1.5517242 -19.32739800672579
26.0 -1.7241379 -19.154218304303285
26.0 -1.8965517 -18.989654054791977
26.0 -2.0689654 -18.828034566361428
26.0 -2.2413793 -18.66620883460016
26.0 -2.4137931 -18.50283066511093
26.0 -2.5862069 -18.337548472489765
26.0 -2.7586207 -18.170487240384265
26.0 -2.9310346 -18.001955086651268
26.0 -3.1034484 -17.832290179720392
26.0 -3.275862 -17.66179141767491
26.0 -3.4482758 -17.490696418972263
26.0 -3.6206896 -17.319183885786327
26.0 -3.7931035 -17.14738266186199
26.0 -3.9655173 -16.975383863683184
26.0 -4.1379309 -16.803250687606848
26.0 -4.3103447 -16.631026065149417
26.0 -4.4827585 -16.45873974563658
26.0 -4.6551723 -16.286411786614572
26.0 -4.8275862 -16.114055660054586
26.0 -5.0 -15.941680730084443
