# KROME file, XRAY H rate
# Distance = 2 kpc
# Xray rate including primary H ionization in 1/s
# first line indicates the size of the table (30x30)
# then first column is the parameter log10(nH), where nH is the H column density in cm-2
# second column is log10(xHe), where xHe = nHe/nH both in cm-2
# third column is log10(rate), where rate is in units of 1/s
30, 30
16.0 0.0 -13.266001581665908
16.0 -0.1724138 -13.42439584959613
16.0 -0.34482759 -13.576767267327375
16.0 -0.51724136 -13.720988071822491
16.0 -0.68965518 -13.854590938143794
16.0 -0.86206895 -13.975023816131518
16.0 -1.0344827 -14.080077175407556
16.0 -1.2068965 -14.168382806251437
16.0 -1.3793104 -14.239780975590081
16.0 -1.5517242 -14.295366045224405
16.0 -1.7241379 -14.33718522903396
16.0 -1.8965517 -14.367750837187398
16.0 -2.0689654 -14.389581214201412
16.0 -2.2413793 -14.404900775249109
16.0 -2.4137931 -14.415513086989378
16.0 -2.5862069 -14.42279675250392
16.0 -2.7586207 -14.427763409167053
16.0 -2.9310346 -14.431134891831597
16.0 -3.1034484 -14.43341646274337
16.0 -3.275862 -14.434957209314465
16.0 -3.4482758 -14.435996191308718
16.0 -3.6206896 -14.436696136041178
16.0 -3.7931035 -14.437167369126788
16.0 -3.9655173 -14.437484483450396
16.0 -4.1379309 -14.43769782079356
16.0 -4.3103447 -14.437841314255023
16.0 -4.4827585 -14.437937816699014
16.0 -4.6551723 -14.438002710798738
16.0 -4.8275862 -14.438046346894168
16.0 -5.0 -14.438075687445238

16.344828 0.0 -13.266037952995937
16.344828 -0.1724138 -13.424420743296759
16.344828 -0.34482759 -13.5767844433333
16.344828 -0.51724136 -13.72100005810144
16.344828 -0.68965518 -13.854599434270234
16.344828 -0.86206895 -13.975029964719084
16.344828 -1.0344827 -14.080081744660792
16.344828 -1.2068965 -14.168386312737
16.344828 -1.3793104 -14.239783766772286
16.344828 -1.5517242 -14.295368354915073
16.344828 -1.7241379 -14.337187214622457
16.344828 -1.8965517 -14.367752604640721
16.344828 -2.0689654 -14.389582834865859
16.344828 -2.2413793 -14.404902297153956
16.344828 -2.4137931 -14.415514542460317
16.344828 -2.5862069 -14.42279816329221
16.344828 -2.7586207 -14.427764789905613
16.344828 -2.9310346 -14.4311362523629
16.344828 -3.1034484 -14.433417809686887
16.344828 -3.275862 -14.43495854712164
16.344828 -3.4482758 -14.435997522972832
16.344828 -3.6206896 -14.436697463574927
16.344828 -3.7931035 -14.437168693883468
16.344828 -3.9655173 -14.437485806339918
16.344828 -4.1379309 -14.437699142427713
16.344828 -4.3103447 -14.437842635045136
16.344828 -4.4827585 -14.43793913692165
16.344828 -4.6551723 -14.438004030639833
16.344828 -4.8275862 -14.438047666478742
16.344828 -5.0 -14.438077006857343

16.689655 0.0 -13.266118405908564
16.689655 -0.1724138 -13.424475809583166
16.689655 -0.34482759 -13.576822438446717
16.689655 -0.51724136 -13.721026573377637
16.689655 -0.68965518 -13.85461822903601
16.689655 -0.86206895 -13.975043566448191
16.689655 -1.0344827 -14.080091852675721
16.689655 -1.2068965 -14.16839406974022
16.689655 -1.3793104 -14.239789941402558
16.689655 -1.5517242 -14.295373464400486
16.689655 -1.7241379 -14.337191607134672
16.689655 -1.8965517 -14.367756514597376
16.689655 -2.0689654 -14.3895864200979
16.689655 -2.2413793 -14.404905663911034
16.689655 -2.4137931 -14.415517762252922
16.689655 -2.5862069 -14.422801284238242
16.689655 -2.7586207 -14.427767844375884
16.689655 -2.9310346 -14.431139262130836
16.689655 -3.1034484 -14.43342078939603
16.689655 -3.275862 -14.434961506619437
16.689655 -3.4482758 -14.436000468880993
16.689655 -3.6206896 -14.436700400345924
16.689655 -3.7931035 -14.437171624511054
16.689655 -3.9655173 -14.437488732836997
16.689655 -4.1379309 -14.43770206614767
16.689655 -4.3103447 -14.43784555689792
16.689655 -4.4827585 -14.437942057519056
16.689655 -4.6551723 -14.438006950393204
16.689655 -4.8275862 -14.438050585664632
16.689655 -5.0 -14.438079925661697

17.034483 0.0 -13.266296346153192
17.034483 -0.1724138 -13.424597609947622
17.034483 -0.34482759 -13.576906483271484
17.034483 -0.51724136 -13.721085226768519
17.034483 -0.68965518 -13.854659805076325
17.034483 -0.86206895 -13.975073655364046
17.034483 -1.0344827 -14.080114213225125
17.034483 -1.2068965 -14.168411229585807
17.034483 -1.3793104 -14.23980360082228
17.034483 -1.5517242 -14.295384767556596
17.034483 -1.7241379 -14.337201324228452
17.034483 -1.8965517 -14.367765164195566
17.034483 -2.0689654 -14.389594351348006
17.034483 -2.2413793 -14.40491311185529
17.034483 -2.4137931 -14.415524885085047
17.034483 -2.5862069 -14.422808188403632
17.034483 -2.7586207 -14.42777460148464
17.034483 -2.9310346 -14.431145920349758
17.034483 -3.1034484 -14.433427381119326
17.034483 -3.275862 -14.434968053631485
17.034483 -3.4482758 -14.43600698583024
17.034483 -3.6206896 -14.436706897082063
17.034483 -3.7931035 -14.437178107656822
17.034483 -3.9655173 -14.43749520684531
17.034483 -4.1379309 -14.437708534012478
17.034483 -4.3103447 -14.437852020632187
17.034483 -4.4827585 -14.4379485184762
17.034483 -4.6551723 -14.43801340948318
17.034483 -4.8275862 -14.438057043499242
17.034483 -5.0 -14.438086382652278

17.379311 0.0 -13.266689795602806
17.379311 -0.1724138 -13.424866968360451
17.379311 -0.34482759 -13.577092365607621
17.379311 -0.51724136 -13.721214959827407
17.379311 -0.68965518 -13.854751769762217
17.379311 -0.86206895 -13.975140213054972
17.379311 -1.0344827 -14.08016367656256
17.379311 -1.2068965 -14.168449189090275
17.379311 -1.3793104 -14.239833817282515
17.379311 -1.5517242 -14.29540977180885
17.379311 -1.7241379 -14.33722281996985
17.379311 -1.8965517 -14.367784298524596
17.379311 -2.0689654 -14.389611896607823
17.379311 -2.2413793 -14.404929587983018
17.379311 -2.4137931 -14.41554064202309
17.379311 -2.5862069 -14.42282346162212
17.379311 -2.7586207 -14.427789549394195
17.379311 -2.9310346 -14.431160649501638
17.379311 -3.1034484 -14.433441963173832
17.379311 -3.275862 -14.434982536778588
17.379311 -3.4482758 -14.436021402474303
17.379311 -3.6206896 -14.436721269011949
17.379311 -3.7931035 -14.437192449522936
17.379311 -3.9655173 -14.437509528498117
17.379311 -4.1379309 -14.437722842075
17.379311 -4.3103447 -14.437866319557386
17.379311 -4.4827585 -14.437962811258014
17.379311 -4.6551723 -14.438027698134563
17.379311 -4.8275862 -14.43807132937358
17.379311 -5.0 -14.438100666659507

17.724138 0.0 -13.2675592435902
17.724138 -0.1724138 -13.425462402518676
17.724138 -0.34482759 -13.577503365053559
17.724138 -0.51724136 -13.721501853500339
17.724138 -0.68965518 -13.854955163040021
17.724138 -0.86206895 -13.975287425369217
17.724138 -1.0344827 -14.080273084730504
17.724138 -1.2068965 -14.168533154537718
17.724138 -1.3793104 -14.239900656737525
17.724138 -1.5517242 -14.295465082539954
17.724138 -1.7241379 -14.337270370146484
17.724138 -1.8965517 -14.367826625355475
17.724138 -2.0689654 -14.389650708445632
17.724138 -2.2413793 -14.404966034902229
17.724138 -2.4137931 -14.415575498087966
17.724138 -2.5862069 -14.422857247691256
17.724138 -2.7586207 -14.427822615872941
17.724138 -2.9310346 -14.431193232082954
17.724138 -3.1034484 -14.433474220371762
17.724138 -3.275862 -14.435014575190511
17.724138 -3.4482758 -14.436053293779532
17.724138 -3.6206896 -14.436753061408064
17.724138 -3.7931035 -14.437224175417057
17.724138 -3.9655173 -14.437541209679775
17.724138 -4.1379309 -14.437754493194523
17.724138 -4.3103447 -14.437897950464864
17.724138 -4.4827585 -14.437994428576134
17.724138 -4.6551723 -14.438059306316037
17.724138 -4.8275862 -14.438102931412141
17.724138 -5.0 -14.438132264567964

18.068966 0.0 -13.269478046837907
18.068966 -0.1724138 -13.4267774716819
18.068966 -0.34482759 -13.578411555327936
18.068966 -0.51724136 -13.722136022651487
18.068966 -0.68965518 -13.855404860723276
18.068966 -0.86206895 -13.975612958650485
18.068966 -1.0344827 -14.080515046190795
18.068966 -1.2068965 -14.168718861186228
18.068966 -1.3793104 -14.240048492731487
18.068966 -1.5517242 -14.295587423090156
18.068966 -1.7241379 -14.337375547540729
18.068966 -1.8965517 -14.367920250443644
18.068966 -2.0689654 -14.38973655934968
18.068966 -2.2413793 -14.405046655181513
18.068966 -2.4137931 -14.415652599746121
18.068966 -2.5862069 -14.422931982736042
18.068966 -2.7586207 -14.427895759322038
18.068966 -2.9310346 -14.431265305240363
18.068966 -3.1034484 -14.433545573839657
18.068966 -3.275862 -14.435085444742397
18.068966 -3.4482758 -14.436123837957057
18.068966 -3.6206896 -14.43682338681573
18.068966 -3.7931035 -14.437294353733748
18.068966 -3.9655173 -14.43761128910015
18.068966 -4.1379309 -14.437824506122588
18.068966 -4.3103447 -14.437967918687326
18.068966 -4.4827585 -14.43806436674125
18.068966 -4.6551723 -14.438129224272444
18.068966 -4.8275862 -14.438172835781472
18.068966 -5.0 -14.438202159802207

18.413794 0.0 -13.27370044064591
18.413794 -0.1724138 -13.42967614747076
18.413794 -0.34482759 -13.580415634828235
18.413794 -0.51724136 -13.723536484168914
18.413794 -0.68965518 -13.856398451285683
18.413794 -0.86206895 -13.976332458532388
18.413794 -1.0344827 -14.081049957083597
18.413794 -1.2068965 -14.169129471545332
18.413794 -1.3793104 -14.240375402452004
18.413794 -1.5517242 -14.295857973673495
18.413794 -1.7241379 -14.33760815352976
18.413794 -1.8965517 -14.368127314381654
18.413794 -2.0689654 -14.389926433718664
18.413794 -2.2413793 -14.405224963655119
18.413794 -2.4137931 -14.415823127699376
18.413794 -2.5862069 -14.423097277451463
18.413794 -2.7586207 -14.42805753454016
18.413794 -2.9310346 -14.431424713703999
18.413794 -3.1034484 -14.433703390833621
18.413794 -3.275862 -14.43524219163573
18.413794 -3.4482758 -14.436279865336939
18.413794 -3.6206896 -14.436978930420267
18.413794 -3.7931035 -14.437449572069259
18.413794 -3.9655173 -14.437766288741553
18.413794 -4.1379309 -14.437979358726329
18.413794 -4.3103447 -14.438122672431378
18.413794 -4.4827585 -14.438219054018003
18.413794 -4.6551723 -14.438283866860676
18.413794 -4.8275862 -14.438327448323918
18.413794 -5.0 -14.438356752143777

18.758621 0.0 -13.282933042405446
18.758621 -0.1724138 -13.436037503104208
18.758621 -0.34482759 -13.584824592334474
18.758621 -0.51724136 -13.726622617302045
18.758621 -0.68965518 -13.85859043758364
18.758621 -0.86206895 -13.977920964998493
18.758621 -1.0344827 -14.08223152964297
18.758621 -1.2068965 -14.170036785012572
18.758621 -1.3793104 -14.241097931298532
18.758621 -1.5517242 -14.296456031290662
18.758621 -1.7241379 -14.338122387348195
18.758621 -1.8965517 -14.368585113128844
18.758621 -2.0689654 -14.390346247709147
18.758621 -2.2413793 -14.405619217815694
18.758621 -2.4137931 -14.416200186532988
18.758621 -2.5862069 -14.423462770162269
18.758621 -2.7586207 -14.428415248526171
18.758621 -2.9310346 -14.431777196650472
18.758621 -3.1034484 -14.43405235624951
18.758621 -3.275862 -14.435588791854675
18.758621 -3.4482758 -14.43662487523873
18.758621 -3.6206896 -14.437322871045637
18.758621 -3.7931035 -14.43779279375912
18.758621 -3.9655173 -14.438109027055555
18.758621 -4.1379309 -14.43832177204517
18.758621 -4.3103447 -14.438464867241962
18.758621 -4.4827585 -14.438561101916733
18.758621 -4.6551723 -14.438625815984892
18.758621 -4.8275862 -14.438669331038273
18.758621 -5.0 -14.438698590208352

19.103449 0.0 -13.302843922172354
19.103449 -0.1724138 -13.449865207384198
19.103449 -0.34482759 -13.594460063544162
19.103449 -0.51724136 -13.733391781764118
19.103449 -0.68965518 -13.863410230121152
19.103449 -0.86206895 -13.981419622926685
19.103449 -1.0344827 -14.084836840006577
19.103449 -1.2068965 -14.172038877377645
19.103449 -1.3793104 -14.242693084899418
19.103449 -1.5517242 -14.297776836447623
19.103449 -1.7241379 -14.339258329460595
19.103449 -1.8965517 -14.369596546578578
19.103449 -2.0689654 -14.39127385632732
19.103449 -2.2413793 -14.406490411093532
19.103449 -2.4137931 -14.417033422035624
19.103449 -2.5862069 -14.424270472041547
19.103449 -2.7586207 -14.429205777010973
19.103449 -2.9310346 -14.432556175952133
19.103449 -3.1034484 -14.434823569297208
19.103449 -3.275862 -14.436354782768097
19.103449 -3.4482758 -14.437387354842032
19.103449 -3.6206896 -14.43808298974341
19.103449 -3.7931035 -14.438551325077693
19.103449 -3.9655173 -14.438866491097142
19.103449 -4.1379309 -14.439078518507216
19.103449 -4.3103447 -14.439221131243636
19.103449 -4.4827585 -14.439317041540649
19.103449 -4.6551723 -14.439381537516958
19.103449 -4.8275862 -14.43942490593883
19.103449 -5.0 -14.439454066523151

19.448277 0.0 -13.344543393577943
19.448277 -0.1724138 -13.479310359929263
19.448277 -0.34482759 -13.615215877299791
19.448277 -0.51724136 -13.74808879673205
19.448277 -0.68965518 -13.873931172816388
19.448277 -0.86206895 -13.989084555016456
19.448277 -1.0344827 -14.090558664855338
19.448277 -1.2068965 -14.176443208836824
19.448277 -1.3793104 -14.246206133705348
19.448277 -1.5517242 -14.300687872471222
19.448277 -1.7241379 -14.341763199626898
19.448277 -1.8965517 -14.371827623199934
19.448277 -2.0689654 -14.39332049701297
19.448277 -2.2413793 -14.408412875758394
19.448277 -2.4137931 -14.418872315996133
19.448277 -2.5862069 -14.426053139428678
19.448277 -2.7586207 -14.430950623108965
19.448277 -2.9310346 -14.434275585058142
19.448277 -3.1034484 -14.436525872376794
19.448277 -3.275862 -14.438045583113226
19.448277 -3.4482758 -14.43907042067947
19.448277 -3.6206896 -14.43976085503287
19.448277 -3.7931035 -14.440225693687083
19.448277 -3.9655173 -14.440538508690851
19.448277 -4.1379309 -14.440748955396892
19.448277 -4.3103447 -14.440890505352774
19.448277 -4.4827585 -14.440985701097558
19.448277 -4.6551723 -14.441049716651747
19.448277 -4.8275862 -14.441092762067097
19.448277 -5.0 -14.441121705482105

19.793104 0.0 -13.42696299369859
19.793104 -0.1724138 -13.539405259178558
19.793104 -0.34482759 -13.658580881479661
19.793104 -0.51724136 -13.779307555306943
19.793104 -0.68965518 -13.896537023216801
19.793104 -0.86206895 -14.005683738251065
19.793104 -1.0344827 -14.103016294924988
19.793104 -1.2068965 -14.186067194792612
19.793104 -1.3793104 -14.253901391776953
19.793104 -1.5517242 -14.307074984433251
19.793104 -1.7241379 -14.347265268489702
19.793104 -1.8965517 -14.376731969323954
19.793104 -2.0689654 -14.3978216888578
19.793104 -2.2413793 -14.412642402987151
19.793104 -2.4137931 -14.422918907687517
19.793104 -2.5862069 -14.429976604228445
19.793104 -2.7586207 -14.434791244085462
19.793104 -2.9310346 -14.438060479091712
19.793104 -3.1034484 -14.440273286419044
19.793104 -3.275862 -14.441767792216677
19.793104 -3.4482758 -14.442775680933122
19.793104 -3.6206896 -14.443454718769884
19.793104 -3.7931035 -14.443911894591848
19.793104 -3.9655173 -14.444219557357364
19.793104 -4.1379309 -14.444426539921505
19.793104 -4.3103447 -14.444565760757381
19.793104 -4.4827585 -14.444659390528779
19.793104 -4.6551723 -14.444722353212802
19.793104 -4.8275862 -14.44476469074092
19.793104 -5.0 -14.44479315821627

20.137932 0.0 -13.575676336872252
20.137932 -0.1724138 -13.652965991282537
20.137932 -0.34482759 -13.743911414576578
20.137932 -0.51724136 -13.84270859452194
20.137932 -0.68965518 -13.943520679671577
20.137932 -0.86206895 -14.040752256024465
20.137932 -1.0344827 -14.129635400476623
20.137932 -1.2068965 -14.206792041737467
20.137932 -1.3793104 -14.270560807319523
20.137932 -1.5517242 -14.320952139350132
20.137932 -1.7241379 -14.359248557654638
20.137932 -1.8965517 -14.387430949808557
20.137932 -2.0689654 -14.407652020050714
20.137932 -2.2413793 -14.421886302973734
20.137932 -2.4137931 -14.431767415617204
20.137932 -2.5862069 -14.438558763746064
20.137932 -2.7586207 -14.443194093626275
20.137932 -2.9310346 -14.44634266517673
20.137932 -3.1034484 -14.448474297595489
20.137932 -3.275862 -14.449914204587083
20.137932 -3.4482758 -14.450885374520697
20.137932 -3.6206896 -14.451539720477209
20.137932 -3.7931035 -14.451980293007251
20.137932 -3.9655173 -14.452276791866327
20.137932 -4.1379309 -14.45247626812464
20.137932 -4.3103447 -14.452610442005973
20.137932 -4.4827585 -14.452700678443644
20.137932 -4.6551723 -14.452761359629324
20.137932 -4.8275862 -14.452802163206298
20.137932 -5.0 -14.452829599344264

20.482758 0.0 -13.82393272295208
20.482758 -0.1724138 -13.848514524423786
20.482758 -0.34482759 -13.896997974540437
20.482758 -0.51724136 -13.961565063067843
20.482758 -0.68965518 -14.03508717284049
20.482758 -0.86206895 -14.111214506372004
20.482758 -1.0344827 -14.184334762273716
20.482758 -1.2068965 -14.250063109033402
20.482758 -1.3793104 -14.305730873559748
20.482758 -1.5517242 -14.350471971873986
20.482758 -1.7241379 -14.38487203580866
20.482758 -1.8965517 -14.410388706277287
20.482758 -2.0689654 -14.42879598240375
20.482758 -2.2413793 -14.441800801500035
20.482758 -2.4137931 -14.450850704848499
20.482758 -2.5862069 -14.457081095283643
20.482758 -2.7586207 -14.461338312334076
20.482758 -2.9310346 -14.46423222779132
20.482758 -3.1034484 -14.46619244742062
20.482758 -3.275862 -14.467517017565537
20.482758 -3.4482758 -14.468410601533254
20.482758 -3.6206896 -14.46901276521526
20.482758 -3.7931035 -14.469418245369516
20.482758 -3.9655173 -14.469691146609303
20.482758 -4.1379309 -14.4698747556515
20.482758 -4.3103447 -14.469998260648902
20.482758 -4.4827585 -14.47008132366535
20.482758 -4.6551723 -14.470137181745661
20.482758 -4.8275862 -14.470174742503596
20.482758 -5.0 -14.470199998347683

20.827587 0.0 -14.19265052317867
20.827587 -0.1724138 -14.162999828761501
20.827587 -0.34482759 -14.151685798805197
20.827587 -0.51724136 -14.164897613929297
20.827587 -0.68965518 -14.197472233109128
20.827587 -0.86206895 -14.241166432510777
20.827587 -1.0344827 -14.288833049630119
20.827587 -1.2068965 -14.335082804917494
20.827587 -1.3793104 -14.37629138651998
20.827587 -1.5517242 -14.410586615577438
20.827587 -1.7241379 -14.437598277870578
20.827587 -1.8965517 -14.45796953226361
20.827587 -2.0689654 -14.47283267794311
20.827587 -2.2413793 -14.483414977967989
20.827587 -2.4137931 -14.490817756912287
20.827587 -2.5862069 -14.495932276963845
20.827587 -2.7586207 -14.499435390486832
20.827587 -2.9310346 -14.501820534503336
20.827587 -3.1034484 -14.503437889110804
20.827587 -3.275862 -14.504531576113067
20.827587 -3.4482758 -14.505269764406334
20.827587 -3.6206896 -14.505767375554976
20.827587 -3.7931035 -14.506102527571777
20.827587 -3.9655173 -14.506328129479751
20.827587 -4.1379309 -14.506479930626105
20.827587 -4.3103447 -14.506582046890559
20.827587 -4.4827585 -14.506650728087758
20.827587 -4.6551723 -14.50669691611966
20.827587 -4.8275862 -14.506727975067237
20.827587 -5.0 -14.506748859384654

21.172413 0.0 -14.59587938571915
21.172413 -0.1724138 -14.560674686589119
21.172413 -0.34482759 -14.525109140907535
21.172413 -0.51724136 -14.489114135810164
21.172413 -0.68965518 -14.465757245351334
21.172413 -0.86206895 -14.460862004766197
21.172413 -1.0344827 -14.470302028528085
21.172413 -1.2068965 -14.48718327686444
21.172413 -1.3793104 -14.5060631766948
21.172413 -1.5517242 -14.52368235409841
21.172413 -1.7241379 -14.538517017349696
21.172413 -1.8965517 -14.550184568305275
21.172413 -2.0689654 -14.558934268988285
21.172413 -2.2413793 -14.565278653366327
21.172413 -2.4137931 -14.569771419650596
21.172413 -2.5862069 -14.572901032733437
21.172413 -2.7586207 -14.575056484720728
21.172413 -2.9310346 -14.576529515947321
21.172413 -3.1034484 -14.577530870052758
21.172413 -3.275862 -14.578209144235416
21.172413 -3.4482758 -14.578667465697926
21.172413 -3.6206896 -14.57897665409971
21.172413 -3.7931035 -14.57918500571189
21.172413 -3.9655173 -14.579325302272986
21.172413 -4.1379309 -14.57941972567584
21.172413 -4.3103447 -14.579483253938712
21.172413 -4.4827585 -14.5795259861412
21.172413 -4.6551723 -14.579554725519937
21.172413 -4.8275862 -14.57957405210664
21.172413 -5.0 -14.57958704789097

21.517242 0.0 -15.029131507608112
21.517242 -0.1724138 -14.978780022812522
21.517242 -0.34482759 -14.929097726494627
21.517242 -0.51724136 -14.888368889355789
21.517242 -0.68965518 -14.84768614235139
21.517242 -0.86206895 -14.80382590840424
21.517242 -1.0344827 -14.765785848974737
21.517242 -1.2068965 -14.739786236050072
21.517242 -1.3793104 -14.724879462254176
21.517242 -1.5517242 -14.717323539867461
21.517242 -1.7241379 -14.713846805901989
21.517242 -1.8965517 -14.712401364187164
21.517242 -2.0689654 -14.711889081909362
21.517242 -2.2413793 -14.711771345818292
21.517242 -2.4137931 -14.71180101143366
21.517242 -2.5862069 -14.711872245087887
21.517242 -2.7586207 -14.711944001560518
21.517242 -2.9310346 -14.712003249716986
21.517242 -3.1034484 -14.712048126475274
21.517242 -3.275862 -14.712080599101808
21.517242 -3.4482758 -14.712103478052454
21.517242 -3.6206896 -14.712119335416475
21.517242 -3.7931035 -14.712130212239751
21.517242 -3.9655173 -14.712137622643665
21.517242 -4.1379309 -14.712142649063619
21.517242 -4.3103447 -14.712146048482886
21.517242 -4.4827585 -14.712148343067675
21.517242 -4.6551723 -14.712149889884218
21.517242 -4.8275862 -14.712150931711898
21.517242 -5.0 -14.712151633004513

21.862068 0.0 -15.477307772667562
21.862068 -0.1724138 -15.412640498752058
21.862068 -0.34482759 -15.363049898502206
21.862068 -0.51724136 -15.309525496134444
21.862068 -0.68965518 -15.2536547656801
21.862068 -0.86206895 -15.204845204849999
21.862068 -1.0344827 -15.159201731875632
21.862068 -1.2068965 -15.112013154497452
21.862068 -1.3793104 -15.066900592168643
21.862068 -1.5517242 -15.02905568348196
21.862068 -1.7241379 -15.0002267094852
21.862068 -1.8965517 -14.979465630187217
21.862068 -2.0689654 -14.964955547380555
21.862068 -2.2413793 -14.954972986976315
21.862068 -2.4137931 -14.948164473184981
21.862068 -2.5862069 -14.943544276641434
21.862068 -2.7586207 -14.940418909450178
21.862068 -2.9310346 -14.938309025900715
21.862068 -3.1034484 -14.936886592311025
21.862068 -3.275862 -14.935928481226123
21.862068 -3.4482758 -14.93528351141033
21.862068 -3.6206896 -14.934849514529393
21.862068 -3.7931035 -14.93455755957811
21.862068 -3.9655173 -14.934361194135159
21.862068 -4.1379309 -14.93422913736007
21.862068 -4.3103447 -14.934140335643994
21.862068 -4.4827585 -14.934080624248033
21.862068 -4.6551723 -14.934040475055093
21.862068 -4.8275862 -14.934013479909185
21.862068 -5.0 -14.933995329489504

22.206898 0.0 -15.964794698280995
22.206898 -0.1724138 -15.895896640754474
22.206898 -0.34482759 -15.814349206239134
22.206898 -0.51724136 -15.743762392320065
22.206898 -0.68965518 -15.688307693412586
22.206898 -0.86206895 -15.631765277940717
22.206898 -1.0344827 -15.571087010469721
22.206898 -1.2068965 -15.515145658171786
22.206898 -1.3793104 -15.467319520916629
22.206898 -1.5517242 -15.42590783707354
22.206898 -1.7241379 -15.390089379842067
22.206898 -1.8965517 -15.360400131290799
22.206898 -2.0689654 -15.337107853811347
22.206898 -2.2413793 -15.319673688519082
22.206898 -2.4137931 -15.307067486747158
22.206898 -2.5862069 -15.298167436101423
22.206898 -2.7586207 -15.291984521909347
22.206898 -2.9310346 -15.287735402259342
22.206898 -3.1034484 -15.284836296588743
22.206898 -3.275862 -15.282867829784605
22.206898 -3.4482758 -15.281535578530832
22.206898 -3.6206896 -15.280635873158818
22.206898 -3.7931035 -15.280029162223952
22.206898 -3.9655173 -15.279620430888137
22.206898 -4.1379309 -15.279345256150663
22.206898 -4.3103447 -15.279160078543564
22.206898 -4.4827585 -15.279035501244477
22.206898 -4.6551723 -15.27895170920749
22.206898 -4.8275862 -15.278895357305988
22.206898 -5.0 -15.278857462930267

22.551723 0.0 -16.459248344947813
22.551723 -0.1724138 -16.369087643673257
22.551723 -0.34482759 -16.30033670468588
22.551723 -0.51724136 -16.230345860009983
22.551723 -0.68965518 -16.146733231160326
22.551723 -0.86206895 -16.068308360632617
22.551723 -1.0344827 -16.005061914658175
22.551723 -1.2068965 -15.948740782083497
22.551723 -1.3793104 -15.8932576787549
22.551723 -1.5517242 -15.841521507994402
22.551723 -1.7241379 -15.797870887152612
22.551723 -1.8965517 -15.763674555212093
22.551723 -2.0689654 -15.738073735322223
22.551723 -2.2413793 -15.71945607563102
22.551723 -2.4137931 -15.706195548121254
22.551723 -2.5862069 -15.69689898109734
22.551723 -2.7586207 -15.690459341298766
22.551723 -2.9310346 -15.686038243845433
22.551723 -3.1034484 -15.683022431564392
22.551723 -3.275862 -15.680974552287775
22.551723 -3.4482758 -15.679588332515499
22.551723 -3.6206896 -15.678652034341374
22.551723 -3.7931035 -15.67802056683347
22.551723 -3.9655173 -15.67759511663491
22.551723 -4.1379309 -15.67730866629555
22.551723 -4.3103447 -15.677115891469624
22.551723 -4.4827585 -15.676986198825823
22.551723 -4.6551723 -15.676898964146003
22.551723 -4.8275862 -15.676840296076195
22.551723 -5.0 -15.676800843752007

22.896551 0.0 -16.980555938587987
22.896551 -0.1724138 -16.895464930252388
22.896551 -0.34482759 -16.79858340668991
22.896551 -0.51724136 -16.703993887759506
22.896551 -0.68965518 -16.6290194052227
22.896551 -0.86206895 -16.558745915459713
22.896551 -1.0344827 -16.47824203693729
22.896551 -1.2068965 -16.39713545995345
22.896551 -1.3793104 -16.328388172022382
22.896551 -1.5517242 -16.274121253640295
22.896551 -1.7241379 -16.231179810112476
22.896551 -1.8965517 -16.196999698913608
22.896551 -2.0689654 -16.17029362326382
22.896551 -2.2413793 -16.15008522186735
22.896551 -2.4137931 -16.135270527587796
22.896551 -2.5862069 -16.124684322275087
22.896551 -2.7586207 -16.117261204594225
22.896551 -2.9310346 -16.11212506927862
22.896551 -3.1034484 -16.108603967205614
22.896551 -3.275862 -16.106205234275127
22.896551 -3.4482758 -16.104578088384436
22.896551 -3.6206896 -16.10347753178135
22.896551 -3.7931035 -16.102734599420778
22.896551 -3.9655173 -16.102233742996795
22.896551 -4.1379309 -16.101896384525308
22.896551 -4.3103447 -16.101669287448175
22.896551 -4.4827585 -16.101516475862933
22.896551 -4.6551723 -16.101413678118654
22.896551 -4.8275862 -16.101344537682614
22.896551 -5.0 -16.10129804045914

23.241379 0.0 -17.524878106504367
23.241379 -0.1724138 -17.417738250822662
23.241379 -0.34482759 -17.31866297257093
23.241379 -0.51724136 -17.2316435122179
23.241379 -0.68965518 -17.13520857540075
23.241379 -0.86206895 -17.036335769236697
23.241379 -1.0344827 -16.95339007472333
23.241379 -1.2068965 -16.884322240764522
23.241379 -1.3793104 -16.818315123861087
23.241379 -1.5517242 -16.753937014906143
23.241379 -1.7241379 -16.696702992371208
23.241379 -1.8965517 -16.650511493178378
23.241379 -2.0689654 -16.61563380193341
23.241379 -2.2413793 -16.59035636317059
23.241379 -2.4137931 -16.572492608256557
23.241379 -2.5862069 -16.560070126537006
23.241379 -2.7586207 -16.55152373240327
23.241379 -2.9310346 -16.545686775929052
23.241379 -3.1034484 -16.541720201465882
23.241379 -3.275862 -16.539033898400987
23.241379 -3.4482758 -16.53721889265317
23.241379 -3.6206896 -16.535994535507143
23.241379 -3.7931035 -16.535169507014942
23.241379 -3.9655173 -16.534613971706598
23.241379 -4.1379309 -16.534240085158725
23.241379 -4.3103447 -16.533988535092355
23.241379 -4.4827585 -16.533819330942283
23.241379 -4.6551723 -16.53370553363035
23.241379 -4.8275862 -16.53362900762072
23.241379 -5.0 -16.533577549261825

23.586206 0.0 -18.028612384517714
23.586206 -0.1724138 -17.94830563728119
23.586206 -0.34482759 -17.86409856017452
23.586206 -0.51724136 -17.75690060559655
23.586206 -0.68965518 -17.653179865078066
23.586206 -0.86206895 -17.563792253998667
23.586206 -1.0344827 -17.473031593778607
23.586206 -1.2068965 -17.378687262084103
23.586206 -1.3793104 -17.293903223868234
23.586206 -1.5517242 -17.226035961604442
23.586206 -1.7241379 -17.17373079209869
23.586206 -1.8965517 -17.133389969563375
23.586206 -2.0689654 -17.102397733106965
23.586206 -2.2413793 -17.079032647723377
23.586206 -2.4137931 -17.061858518385975
23.586206 -2.5862069 -17.049531891860653
23.586206 -2.7586207 -17.040851892503653
23.586206 -2.9310346 -17.03482572766727
23.586206 -3.1034484 -17.03068402128294
23.586206 -3.275862 -17.027857404172263
23.586206 -3.4482758 -17.025937586287718
23.586206 -3.6206896 -17.02463794328582
23.586206 -3.7931035 -17.02376009509439
23.586206 -3.9655173 -17.02316804418851
23.586206 -4.1379309 -17.022769151226463
23.586206 -4.3103447 -17.02250058174723
23.586206 -4.4827585 -17.022319841199327
23.586206 -4.6551723 -17.022198245163214
23.586206 -4.8275862 -17.022116456608213
23.586206 -5.0 -17.02206145137769

23.931034 0.0 -18.57467812092556
23.931034 -0.1724138 -18.473053327213773
23.931034 -0.34482759 -18.367352447849612
23.931034 -0.51724136 -18.28253558401894
23.931034 -0.68965518 -18.199380961486654
23.931034 -0.86206895 -18.09626884520575
23.931034 -1.0344827 -17.990371060168595
23.931034 -1.2068965 -17.899619581462066
23.931034 -1.3793104 -17.821426431926486
23.931034 -1.5517242 -17.749973482781904
23.931034 -1.7241379 -17.686284992639912
23.931034 -1.8965517 -17.63358635030607
23.931034 -2.0689654 -17.59287787009891
23.931034 -2.2413793 -17.562917205312647
23.931034 -2.4137931 -17.54154806903016
23.931034 -2.5862069 -17.52661015231264
23.931034 -2.7586207 -17.516303166725667
23.931034 -2.9310346 -17.509252201273846
23.931034 -3.1034484 -17.504456105839502
23.931034 -3.275862 -17.501206210683122
23.931034 -3.4482758 -17.499009669614498
23.931034 -3.6206896 -17.497527626226695
23.931034 -3.7931035 -17.496528823159196
23.931034 -3.9655173 -17.495856218115232
23.931034 -4.1379309 -17.495403515687418
23.931034 -4.3103447 -17.495098927123713
23.931034 -4.4827585 -17.494894041778355
23.931034 -4.6551723 -17.494756245008777
23.931034 -4.8275862 -17.49466357891063
23.931034 -5.0 -17.49460126701868

24.275862 0.0 -19.089893829389194
24.275862 -0.1724138 -18.997009224886753
24.275862 -0.34482759 -18.91304157647569
24.275862 -0.51724136 -18.81230114444997
24.275862 -0.68965518 -18.703444621770362
24.275862 -0.86206895 -18.611825664733452
24.275862 -1.0344827 -18.531503496436237
24.275862 -1.2068965 -18.443940703463436
24.275862 -1.3793104 -18.35158796315515
24.275862 -1.5517242 -18.268581199432155
24.275862 -1.7241379 -18.20197412584084
24.275862 -1.8965517 -18.151242861252367
24.275862 -2.0689654 -18.113469036022448
24.275862 -2.2413793 -18.085803465826988
24.275862 -2.4137931 -18.06588367324246
24.275862 -2.5862069 -18.05177552584324
24.275862 -2.7586207 -18.041923353408027
24.275862 -2.9310346 -18.035118781979293
24.275862 -3.1034484 -18.030457339797646
24.275862 -3.275862 -18.027282644889965
24.275862 -3.4482758 -18.025129322998044
24.275862 -3.6206896 -18.023672892487134
24.275862 -3.7931035 -18.022689713763132
24.275862 -3.9655173 -18.022026880116712
24.275862 -4.1379309 -18.021580412188353
24.275862 -4.3103447 -18.021279862698517
24.275862 -4.4827585 -18.021077623645112
24.275862 -4.6551723 -18.020941574633724
24.275862 -4.8275862 -18.02085006937391
24.275862 -5.0 -18.02078853150691

24.620689 0.0 -19.595741280287047
24.620689 -0.1724138 -19.52463335326778
24.620689 -0.34482759 -19.4293606645779
24.620689 -0.51724136 -19.332831015765358
24.620689 -0.68965518 -19.246776412034794
24.620689 -0.86206895 -19.150619584351364
24.620689 -1.0344827 -19.043747415024313
24.620689 -1.2068965 -18.94724116739483
24.620689 -1.3793104 -18.869341979964613
24.620689 -1.5517242 -18.804228560167225
24.620689 -1.7241379 -18.74666304397198
24.620689 -1.8965517 -18.696654170959107
24.620689 -2.0689654 -18.655753707882457
24.620689 -2.2413793 -18.624237826520712
24.620689 -2.4137931 -18.601017538265186
24.620689 -2.5862069 -18.584426734731103
24.620689 -2.7586207 -18.57281241439522
24.620689 -2.9310346 -18.564790934127977
24.620689 -3.1034484 -18.559300193687005
24.620689 -3.275862 -18.55556402207126
24.620689 -3.4482758 -18.5530317886997
24.620689 -3.6206896 -18.551320077229256
24.620689 -3.7931035 -18.55016506129989
24.620689 -3.9655173 -18.54938661457823
24.620689 -4.1379309 -18.54886238265793
24.620689 -4.3103447 -18.54850953555328
24.620689 -4.4827585 -18.548272128909016
24.620689 -4.6551723 -18.54811243283473
24.620689 -4.8275862 -18.548005027639366
24.620689 -5.0 -18.547932799168095

24.965517 0.0 -20.10625248361456
24.965517 -0.1724138 -20.008135811308968
24.965517 -0.34482759 -19.931822184764826
24.965517 -0.51724136 -19.859874292036174
24.965517 -0.68965518 -19.766040459000354
24.965517 -0.86206895 -19.66603041683691
24.965517 -1.0344827 -19.577834693991537
24.965517 -1.2068965 -19.493432556705958
24.965517 -1.3793104 -19.405623256531566
24.965517 -1.5517242 -19.322101297869512
24.965517 -1.7241379 -19.252101774743334
24.965517 -1.8965517 -19.198252189770983
24.965517 -2.0689654 -19.158691313890237
24.965517 -2.2413793 -19.130329390380595
24.965517 -2.4137931 -19.110308460835288
24.965517 -2.5862069 -19.096341697339803
24.965517 -2.7586207 -19.08669136961327
24.965517 -2.9310346 -19.08007395702636
24.965517 -3.1034484 -19.075562415572204
24.965517 -3.275862 -19.072499588697585
24.965517 -3.4482758 -19.07042654313447
24.965517 -3.6206896 -19.06902638794729
24.965517 -3.7931035 -19.06808208978879
24.965517 -3.9655173 -19.067445870167465
24.965517 -4.1379309 -19.067017510001982
24.965517 -4.3103447 -19.066729231945427
24.965517 -4.4827585 -19.066535287251472
24.965517 -4.6551723 -19.06640483465733
24.965517 -4.8275862 -19.066317101033523
24.965517 -5.0 -19.06625810302263

25.310345 0.0 -20.62947942809686
25.310345 -0.1724138 -20.541627621948308
25.310345 -0.34482759 -20.445924635666778
25.310345 -0.51724136 -20.344638380477836
25.310345 -0.68965518 -20.261662978182198
25.310345 -0.86206895 -20.188959683328598
25.310345 -1.0344827 -20.103204876531876
25.310345 -1.2068965 -20.008195099791916
25.310345 -1.3793104 -19.921867280364335
25.310345 -1.5517242 -19.8505996140484
25.310345 -1.7241379 -19.7918984138157
25.310345 -1.8965517 -19.743326350747896
25.310345 -2.0689654 -19.70418275234623
25.310345 -2.2413793 -19.673936532363452
25.310345 -2.4137931 -19.651473039314162
25.310345 -2.5862069 -19.635294908952194
25.310345 -2.7586207 -19.623896962168025
25.310345 -2.9310346 -19.61598777303805
25.310345 -3.1034484 -19.61055581546812
25.310345 -3.275862 -19.606851089390773
25.310345 -3.4482758 -19.604336189658053
25.310345 -3.6206896 -19.60263436304036
25.310345 -3.7931035 -19.60148517890163
25.310345 -3.9655173 -19.600710280704245
25.310345 -4.1379309 -19.600188264921815
25.310345 -4.3103447 -19.59983683071388
25.310345 -4.4827585 -19.59960033903933
25.310345 -4.6551723 -19.599441242286606
25.310345 -4.8275862 -19.599334232862855
25.310345 -5.0 -19.599262267236536

25.655172 0.0 -21.197472972283048
25.655172 -0.1724138 -21.080228190134058
25.655172 -0.34482759 -20.96857765798164
25.655172 -0.51724136 -20.877640391275765
25.655172 -0.68965518 -20.78271839646678
25.655172 -0.86206895 -20.679557910531106
25.655172 -1.0344827 -20.588714052043017
25.655172 -1.2068965 -20.514917020153835
25.655172 -1.3793104 -20.44648298887385
25.655172 -1.5517242 -20.37760427898623
25.655172 -1.7241379 -20.31317923770688
25.655172 -1.8965517 -20.259090434411256
25.655172 -2.0689654 -20.21718534883107
25.655172 -2.2413793 -20.1863103406642
25.655172 -2.4137931 -20.164251067645665
25.655172 -2.5862069 -20.1487956294014
25.655172 -2.7586207 -20.13810696928865
25.655172 -2.9310346 -20.130780275003374
25.655172 -3.1034484 -20.125788743429958
25.655172 -3.275862 -20.12240242110132
25.655172 -3.4482758 -20.120111722873368
25.655172 -3.6206896 -20.118565223913937
25.655172 -3.7931035 -20.117522549021395
25.655172 -3.9655173 -20.116820200118998
25.655172 -4.1379309 -20.11634738653225
25.655172 -4.3103447 -20.116029224802087
25.655172 -4.4827585 -20.115815190218548
25.655172 -4.6551723 -20.115671231416172
25.655172 -4.8275862 -20.115574417523156
25.655172 -5.0 -20.115509314731373

26.0 0.0 -21.725986039631998
26.0 -0.1724138 -21.62890097159709
26.0 -0.34482759 -21.537357958139655
26.0 -0.51724136 -21.4211730385294
26.0 -0.68965518 -21.30526380143013
26.0 -0.86206895 -21.20971497813297
26.0 -1.0344827 -21.119473398863835
26.0 -1.2068965 -21.024160261585774
26.0 -1.3793104 -20.934363998663024
26.0 -1.5517242 -20.860589625499788
26.0 -1.7241379 -20.803769069899893
26.0 -1.8965517 -20.76043348662905
26.0 -2.0689654 -20.727366028366465
26.0 -2.2413793 -20.70242660375215
26.0 -2.4137931 -20.684016280458625
26.0 -2.5862069 -20.670733897713486
26.0 -2.7586207 -20.661337867029467
26.0 -2.9310346 -20.654791078056142
26.0 -3.1034484 -20.65027961441232
26.0 -3.275862 -20.647194838004083
26.0 -3.4482758 -20.645096926730456
26.0 -3.6206896 -20.643675437370995
26.0 -3.7931035 -20.64271469521111
26.0 -3.9655173 -20.64206646629034
26.0 -4.1379309 -20.64162959967705
26.0 -4.3103447 -20.641335406707014
26.0 -4.4827585 -20.641137396626682
26.0 -4.6551723 -20.641004170654778
26.0 -4.8275862 -20.640914554264743
26.0 -5.0 -20.640854282207894
