# KROME file, XRAY H rate
# Distance = 5 kpc
# Xray rate including primary H ionization in 1/s
# first line indicates the size of the table (30x30)
# then first column is the parameter log10(nH), where nH is the H column density in cm-2
# second column is log10(xHe), where xHe = nHe/nH both in cm-2
# third column is log10(rate), where rate is in units of 1/s
30, 30
16.0 0.0 -16.963221718843194
16.0 -0.1724138 -17.122620945362506
16.0 -0.34482759 -17.276371554671734
16.0 -0.51724136 -17.422430727845725
16.0 -0.68965518 -17.55838575310237
16.0 -0.86206895 -17.68167266808831
16.0 -1.0344827 -17.789972897454653
16.0 -1.2068965 -17.8817116456177
16.0 -1.3793104 -17.956469836017714
16.0 -1.5517242 -18.015103479221033
16.0 -1.7241379 -18.059504276077778
16.0 -1.8965517 -18.092131356349906
16.0 -2.0689654 -18.115531992288236
16.0 -2.2413793 -18.132005185324957
16.0 -2.4137931 -18.14344272289347
16.0 -2.5862069 -18.151305491721615
16.0 -2.7586207 -18.156673090669436
16.0 -2.9310346 -18.160319580423298
16.0 -3.1034484 -18.16278857038085
16.0 -3.275862 -18.164456485262814
16.0 -3.4482758 -18.16558149764733
16.0 -3.6206896 -18.16633952537141
16.0 -3.7931035 -18.166849919578034
16.0 -3.9655173 -18.16719341312971
16.0 -4.1379309 -18.167424508730925
16.0 -4.3103447 -18.16757995194288
16.0 -4.4827585 -18.16768449325703
16.0 -4.6551723 -18.16775479426904
16.0 -4.8275862 -18.16780206657295
16.0 -5.0 -18.167833852303165

16.344828 0.0 -16.9632221729913
16.344828 -0.1724138 -17.122621255624132
16.344828 -0.34482759 -17.276371768190558
16.344828 -0.51724136 -17.422430876317346
16.344828 -0.68965518 -17.558385857836054
16.344828 -0.86206895 -17.681672743410417
16.344828 -1.0344827 -17.78997295299703
16.344828 -1.2068965 -17.881711687856438
16.344828 -1.3793104 -17.956469869307668
16.344828 -1.5517242 -18.015103506491165
16.344828 -1.7241379 -18.059504299298364
16.344828 -1.8965517 -18.092131376846474
16.344828 -2.0689654 -18.115532010952574
16.344828 -2.2413793 -18.132005202757004
16.344828 -2.4137931 -18.143442739496795
16.344828 -2.5862069 -18.151305507767656
16.344828 -2.7586207 -18.156673106340744
16.344828 -2.9310346 -18.160319595842637
16.344828 -3.1034484 -18.162788585630775
16.344828 -3.275862 -18.164456500398824
16.344828 -3.4482758 -18.165581512706755
16.344828 -3.6206896 -18.16633954037934
16.344828 -3.7931035 -18.16684993455134
16.344828 -3.9655173 -18.167193428079738
16.344828 -4.1379309 -18.167424523665304
16.344828 -4.3103447 -18.16757996686674
16.344828 -4.4827585 -18.167684508173814
16.344828 -4.6551723 -18.167754809181066
16.344828 -4.8275862 -18.167802081481778
16.344828 -5.0 -18.167833867209843

16.689655 0.0 -16.96322317766011
16.689655 -0.1724138 -17.122621941986903
16.689655 -0.34482759 -17.27637224053845
16.689655 -0.51724136 -17.422431204767424
16.689655 -0.68965518 -17.558386089528764
16.689655 -0.86206895 -17.68167291003861
16.689655 -1.0344827 -17.789973075868353
16.689655 -1.2068965 -17.881711781297344
16.689655 -1.3793104 -17.956469942952
16.689655 -1.5517242 -18.015103566818393
16.689655 -1.7241379 -18.05950435066715
16.689655 -1.8965517 -18.092131422189166
16.689655 -2.0689654 -18.11553205224199
16.689655 -2.2413793 -18.132005241320336
16.689655 -2.4137931 -18.14344277622682
16.689655 -2.5862069 -18.151305543264854
16.689655 -2.7586207 -18.15667314100896
16.689655 -2.9310346 -18.160319629953445
16.689655 -3.1034484 -18.16278861936679
16.689655 -3.275862 -18.16445653388285
16.689655 -3.4482758 -18.165581546021347
16.689655 -3.6206896 -18.166339573580018
16.689655 -3.7931035 -18.166849967675425
16.689655 -3.9655173 -18.16719346115233
16.689655 -4.1379309 -18.167424556703274
16.689655 -4.3103447 -18.16757999988143
16.689655 -4.4827585 -18.167684541172854
16.689655 -4.6551723 -18.167754842169582
16.689655 -4.8275862 -18.167802114463218
16.689655 -5.0 -18.16783390018653

17.034483 0.0 -16.963225400202536
17.034483 -0.1724138 -17.12262346037011
17.034483 -0.34482759 -17.276373285475223
17.034483 -0.51724136 -17.42243193137119
17.034483 -0.68965518 -17.55838660208415
17.034483 -0.86206895 -17.681673278657026
17.034483 -1.0344827 -17.789973347686942
17.034483 -1.2068965 -17.881711988009354
17.034483 -1.3793104 -17.956470105869606
17.034483 -1.5517242 -18.015103700275617
17.034483 -1.7241379 -18.059504464306322
17.034483 -1.8965517 -18.092131522497272
17.034483 -2.0689654 -18.115532143583348
17.034483 -2.2413793 -18.132005326630996
17.034483 -2.4137931 -18.143442857481794
17.034483 -2.5862069 -18.15130562179254
17.034483 -2.7586207 -18.15667321770275
17.034483 -2.9310346 -18.16031970541413
17.034483 -3.1034484 -18.16278869399836
17.034483 -3.275862 -18.16445660795695
17.034483 -3.4482758 -18.165581619720633
17.034483 -3.6206896 -18.166339647027293
17.034483 -3.7931035 -18.166850040953268
17.034483 -3.9655173 -18.16719353431625
17.034483 -4.1379309 -18.167424629790602
17.034483 -4.3103447 -18.16758007291726
17.034483 -4.4827585 -18.167684614174064
17.034483 -4.6551723 -18.167754915147516
17.034483 -4.8275862 -18.1678021874255
17.034483 -5.0 -18.167833973138286

17.379311 0.0 -16.96323031690956
17.379311 -0.1724138 -17.122626819345665
17.379311 -0.34482759 -17.276375597094237
17.379311 -0.51724136 -17.42243353877289
17.379311 -0.68965518 -17.558387735966356
17.379311 -0.86206895 -17.681674094120307
17.379311 -1.0344827 -17.789973949008395
17.379311 -1.2068965 -17.881712445301094
17.379311 -1.3793104 -17.956470466278706
17.379311 -1.5517242 -18.01510399551199
17.379311 -1.7241379 -18.05950471570087
17.379311 -1.8965517 -18.092131744400618
17.379311 -2.0689654 -18.115532345650312
17.379311 -2.2413793 -18.13200551535674
17.379311 -2.4137931 -18.14344303723549
17.379311 -2.5862069 -18.151305795512883
17.379311 -2.7586207 -18.156673387366116
17.379311 -2.9310346 -18.160319872349593
17.379311 -3.1034484 -18.162788859099642
17.379311 -3.275862 -18.164456771824995
17.379311 -3.4482758 -18.1655817827595
17.379311 -3.6206896 -18.166339809508663
17.379311 -3.7931035 -18.166850203059806
17.379311 -3.9655173 -18.167193696170777
17.379311 -4.1379309 -18.16742479147569
17.379311 -4.3103447 -18.16758023448843
17.379311 -4.4827585 -18.167684775668636
17.379311 -4.6551723 -18.167755076590595
17.379311 -4.8275862 -18.167802348833956
17.379311 -5.0 -18.167834134523464

17.724138 0.0 -16.963241193486997
17.724138 -0.1724138 -17.12263425000549
17.724138 -0.34482759 -17.276380710833145
17.724138 -0.51724136 -17.422437094659433
17.724138 -0.68965518 -17.558390244339872
17.724138 -0.86206895 -17.681675898089882
17.724138 -1.0344827 -17.78997527925407
17.724138 -1.2068965 -17.881713456924246
17.724138 -1.3793104 -17.95647126357787
17.724138 -1.5517242 -18.015104648635823
17.724138 -1.7241379 -18.059505271837633
17.724138 -1.8965517 -18.0921322352968
17.724138 -2.0689654 -18.115532792664332
17.724138 -2.2413793 -18.13200593285725
17.724138 -2.4137931 -18.143443434887967
17.724138 -2.5862069 -18.15130617981834
17.724138 -2.7586207 -18.15667376269671
17.724138 -2.9310346 -18.1603202416455
17.724138 -3.1034484 -18.16278922433796
17.724138 -3.275862 -18.164457134335134
17.724138 -3.4482758 -18.16558214343533
17.724138 -3.6206896 -18.166340168951198
17.724138 -3.7931035 -18.16685056167314
17.724138 -3.9655173 -18.167194054226606
17.724138 -4.1379309 -18.16742514915668
17.724138 -4.3103447 -18.167580591917407
17.724138 -4.4827585 -18.167685132928177
17.724138 -4.6551723 -18.16775543373621
17.724138 -4.8275862 -18.167802705902982
17.724138 -5.0 -18.167834491540994

18.068966 0.0 -16.963265253886423
18.068966 -0.1724138 -17.122650687807013
18.068966 -0.34482759 -17.2763920233382
18.068966 -0.51724136 -17.422444960963738
18.068966 -0.68965518 -17.55839579336651
18.068966 -0.86206895 -17.681679888844204
18.068966 -1.0344827 -17.789978222038386
18.068966 -1.2068965 -17.881715694851014
18.068966 -1.3793104 -17.9564730273756
18.068966 -1.5517242 -18.01510609348743
18.068966 -1.7241379 -18.059506502133253
18.068966 -1.8965517 -18.092133321266314
18.068966 -2.0689654 -18.115533781557104
18.068966 -2.2413793 -18.132006856459782
18.068966 -2.4137931 -18.14344431458238
18.068966 -2.5862069 -18.151307029986263
18.068966 -2.7586207 -18.156674593010287
18.068966 -2.9310346 -18.160321058609057
18.068966 -3.1034484 -18.16279003232525
18.068966 -3.275862 -18.1644579362871
18.068966 -3.4482758 -18.165582941329408
18.068966 -3.6206896 -18.16634096411696
18.068966 -3.7931035 -18.16685135500453
18.068966 -3.9655173 -18.16719484632467
18.068966 -4.1379309 -18.167425940425534
18.068966 -4.3103447 -18.167581382628747
18.068966 -4.4827585 -18.167685923264678
18.068966 -4.6551723 -18.1677562238207
18.068966 -4.8275862 -18.167803495818028
18.068966 -5.0 -18.167835281342118

18.413794 0.0 -16.963318475797937
18.413794 -0.1724138 -17.122687049503938
18.413794 -0.34482759 -17.27641704797522
18.413794 -0.51724136 -17.422462362417
18.413794 -0.68965518 -17.558408068761356
18.413794 -0.86206895 -17.681688717127578
18.413794 -1.0344827 -17.789984732045475
18.413794 -1.2068965 -17.881720645590583
18.413794 -1.3793104 -17.956476929254475
18.413794 -1.5517242 -18.015109289796616
18.413794 -1.7241379 -18.05950922380269
18.413794 -1.8965517 -18.092135723657766
18.413794 -2.0689654 -18.11553596919533
18.413794 -2.2413793 -18.13200889966282
18.413794 -2.4137931 -18.14344626065175
18.413794 -2.5862069 -18.151308910737033
18.413794 -2.7586207 -18.15667642983921
18.413794 -2.9310346 -18.160322865904995
18.413794 -3.1034484 -18.162791819763857
18.413794 -3.275862 -18.16445971037434
18.413794 -3.4482758 -18.16558470643977
18.413794 -3.6206896 -18.16634272319172
18.413794 -3.7931035 -18.166853110021282
18.413794 -3.9655173 -18.167196598613057
18.413794 -4.1379309 -18.167427690879535
18.413794 -4.3103447 -18.167583131849415
18.413794 -4.4827585 -18.167687671656132
18.413794 -4.6551723 -18.16775797165464
18.413794 -4.8275862 -18.167805243277133
18.413794 -5.0 -18.16783702854921

18.758621 0.0 -16.963436189596468
18.758621 -0.1724138 -17.122767477879126
18.758621 -0.34482759 -17.276472402348258
18.758621 -0.51724136 -17.422500855477637
18.758621 -0.68965518 -17.558435223209777
18.758621 -0.86206895 -17.681708246467164
18.758621 -1.0344827 -17.789999133177737
18.758621 -1.2068965 -17.881731597450276
18.758621 -1.3793104 -17.95648556089472
18.758621 -1.5517242 -18.01511636061224
18.758621 -1.7241379 -18.05951524464012
18.758621 -1.8965517 -18.092141038199646
18.758621 -2.0689654 -18.115540808666683
18.758621 -2.2413793 -18.132013419618605
18.758621 -2.4137931 -18.14345056573091
18.758621 -2.5862069 -18.151313071319947
18.758621 -2.7586207 -18.156680493259216
18.758621 -2.9310346 -18.16032686399281
18.758621 -3.1034484 -18.16279577392372
18.758621 -3.275862 -18.1644636349986
18.758621 -3.4482758 -18.165588611205564
18.758621 -3.6206896 -18.16634661460569
18.758621 -3.7931035 -18.166856992458218
18.758621 -3.9655173 -18.16720047501436
18.758621 -4.1379309 -18.167431563222845
18.758621 -4.3103447 -18.167587001464376
18.758621 -4.4827585 -18.16769153943672
18.758621 -4.6551723 -18.167761838201912
18.758621 -4.8275862 -18.167809108995204
18.758621 -5.0 -18.167840893709776

19.103449 0.0 -16.963696480407663
19.103449 -0.1724138 -17.12294534807428
19.103449 -0.34482759 -17.276594832339377
19.103449 -0.51724136 -17.422585998011957
19.103449 -0.68965518 -17.558495288573745
19.103449 -0.86206895 -17.68175144643881
19.103449 -1.0344827 -17.790030989903485
19.103449 -1.2068965 -17.881755824367115
19.103449 -1.3793104 -17.956504655359772
19.103449 -1.5517242 -18.01513200239652
19.103449 -1.7241379 -18.05952856375727
19.103449 -1.8965517 -18.092152794902837
19.103449 -2.0689654 -18.115551514449756
19.103449 -2.2413793 -18.132023418587966
19.103449 -2.4137931 -18.143460089361728
19.103449 -2.5862069 -18.151322275303492
19.103449 -2.7586207 -18.156689482303705
19.103449 -2.9310346 -18.160335708512502
19.103449 -3.1034484 -18.162804521268022
19.103449 -3.275862 -18.164472317005593
19.103449 -3.4482758 -18.165597249282566
19.103449 -3.6206896 -18.166355223146386
19.103449 -3.7931035 -18.166865581140318
19.103449 -3.9655173 -18.167209050344702
19.103449 -4.1379309 -18.167440129576274
19.103449 -4.3103447 -18.16759556178227
19.103449 -4.4827585 -18.167700095696702
19.103449 -4.6551723 -18.167770391733605
19.103449 -4.8275862 -18.167817660692567
19.103449 -5.0 -18.167849444173854

19.448277 0.0 -16.964271722714326
19.448277 -0.1724138 -17.1233385656708
19.448277 -0.34482759 -17.27686554610421
19.448277 -0.51724136 -17.422774289858996
19.448277 -0.68965518 -17.558628135359786
19.448277 -0.86206895 -17.68184699819008
19.448277 -1.0344827 -17.790101455207285
19.448277 -1.2068965 -17.88180941453558
19.448277 -1.3793104 -17.956546893332664
19.448277 -1.5517242 -18.015166603316533
19.448277 -1.7241379 -18.05955802700944
19.448277 -1.8965517 -18.092178802091876
19.448277 -2.0689654 -18.11557519697773
19.448277 -2.2413793 -18.132045537616072
19.448277 -2.4137931 -18.14348115691741
19.448277 -2.5862069 -18.151342635781386
19.448277 -2.7586207 -18.156709367323298
19.448277 -2.9310346 -18.160355273833996
19.448277 -3.1034484 -18.162823871631133
19.448277 -3.275862 -18.164491522838166
19.448277 -3.4482758 -18.16561635793899
19.448277 -3.6206896 -18.16637426646647
19.448277 -3.7931035 -18.166884580531807
19.448277 -3.9655173 -18.16722802020117
19.448277 -4.1379309 -18.16745907957518
19.448277 -4.3103447 -18.167614498430158
19.448277 -4.4827585 -18.167719023368193
19.448277 -4.6551723 -18.167789313369934
19.448277 -4.8275862 -18.167836578271235
19.448277 -5.0 -18.16786835902441

19.793104 0.0 -16.96554146418907
19.793104 -0.1724138 -17.124207127427233
19.793104 -0.34482759 -17.277463795943316
19.793104 -0.51724136 -17.423190527669206
19.793104 -0.68965518 -17.558921869085466
19.793104 -0.86206895 -17.682058300300362
19.793104 -1.0344827 -17.790257296489546
19.793104 -1.2068965 -17.881927942428558
19.793104 -1.3793104 -17.956640317130702
19.793104 -1.5517242 -18.015243137400155
19.793104 -1.7241379 -18.059623198330588
19.793104 -1.8965517 -18.092236329531133
19.793104 -2.0689654 -18.115627582777464
19.793104 -2.2413793 -18.132094465245764
19.793104 -2.4137931 -18.143527758862785
19.793104 -2.5862069 -18.15138767377621
19.793104 -2.7586207 -18.156753353670524
19.793104 -2.9310346 -18.16039855305134
19.793104 -3.1034484 -18.162866675388013
19.793104 -3.275862 -18.16453400691152
19.793104 -3.4482758 -18.165658627070634
19.793104 -3.6206896 -18.16641639108204
19.793104 -3.7931035 -18.166926607982614
19.793104 -3.9655173 -18.167269982324047
19.793104 -4.1379309 -18.167500997775512
19.793104 -4.3103447 -18.16765638709962
19.793104 -4.4827585 -18.167760892182933
19.793104 -4.6551723 -18.167831168835612
19.793104 -4.8275862 -18.16787842476184
19.793104 -5.0 -18.167910199480755

20.137932 0.0 -16.96833677792869
20.137932 -0.1724138 -17.12612217472678
20.137932 -0.34482759 -17.278784210652972
20.137932 -0.51724136 -17.42410985981632
20.137932 -0.68965518 -17.559570935529557
20.137932 -0.86206895 -17.68252536484827
20.137932 -1.0344827 -17.79060184336783
20.137932 -1.2068965 -17.882190031427935
20.137932 -1.3793104 -17.956846915911886
20.137932 -1.5517242 -18.01541239703024
20.137932 -1.7241379 -18.059767334853557
20.137932 -1.8965517 -18.09236356416664
20.137932 -2.0689654 -18.115743447837012
20.137932 -2.2413793 -18.13220268308885
20.137932 -2.4137931 -18.143630833694473
20.137932 -2.5862069 -18.151487290040443
20.137932 -2.7586207 -18.156850644266058
20.137932 -2.9310346 -18.16049427985214
20.137932 -3.1034484 -18.162961350718657
20.137932 -3.275862 -18.164627975267052
20.137932 -3.4482758 -18.16575212008496
20.137932 -3.6206896 -18.166509564500235
20.137932 -3.7931035 -18.167019566521518
20.137932 -3.9655173 -18.16736279639053
20.137932 -4.1379309 -18.16759371470744
20.137932 -4.3103447 -18.167749038724114
20.137932 -4.4827585 -18.167853499898772
20.137932 -4.6551723 -18.167923747030027
20.137932 -4.8275862 -18.16797098310791
20.137932 -5.0 -18.16800274448207

20.482758 0.0 -16.974455284917042
20.482758 -0.1724138 -17.1303277702721
20.482758 -0.34482759 -17.281690475549233
20.482758 -0.51724136 -17.426136423361452
20.482758 -0.68965518 -17.561003207540892
20.482758 -0.86206895 -17.683556738817853
20.482758 -1.0344827 -17.791363031253464
20.482758 -1.2068965 -17.88276923334881
20.482758 -1.3793104 -17.957303585043157
20.482758 -1.5517242 -18.015786584889266
20.482758 -1.7241379 -18.06008601304395
20.482758 -1.8965517 -18.09264489148544
20.482758 -2.0689654 -18.115999647205033
20.482758 -2.2413793 -18.13244198007187
20.482758 -2.4137931 -18.143858762692723
20.482758 -2.5862069 -18.151707574053763
20.482758 -2.7586207 -18.157065787394195
20.482758 -2.9310346 -18.160705966163913
20.482758 -3.1034484 -18.163170712699905
20.482758 -3.275862 -18.16483577443175
20.482758 -3.4482758 -18.165958868470803
20.482758 -3.6206896 -18.16671560639173
20.482758 -3.7931035 -18.16722513340313
20.482758 -3.9655173 -18.167568043902506
20.482758 -4.1379309 -18.167798747494302
20.482758 -4.3103447 -18.167953927142637
20.482758 -4.4827585 -18.168058291252954
20.482758 -4.6551723 -18.168128473124224
20.482758 -4.8275862 -18.168175665325396
20.482758 -5.0 -18.168207397199666

20.827587 0.0 -16.987686114819727
20.827587 -0.1724138 -17.139485336000085
20.827587 -0.34482759 -17.28804923648843
20.827587 -0.51724136 -17.43058506769907
20.827587 -0.68965518 -17.564154348516084
20.827587 -0.86206895 -17.685829323808083
20.827587 -1.0344827 -17.793042003721126
20.827587 -1.2068965 -17.884047684373243
20.827587 -1.3793104 -17.958312047470304
20.827587 -1.5517242 -18.0166131654859
20.827587 -1.7241379 -18.060790122897703
20.827587 -1.8965517 -18.09326656490242
20.827587 -2.0689654 -18.116565847867957
20.827587 -2.2413793 -18.132970860810143
20.827587 -2.4137931 -18.144362540558337
20.827587 -2.5862069 -18.152194468970585
20.827587 -2.7586207 -18.15754132878095
20.827587 -2.9310346 -18.1611738729967
20.827587 -3.1034484 -18.163633486016966
20.827587 -3.275862 -18.165295096061055
20.827587 -3.4482758 -18.166415869292255
20.827587 -3.6206896 -18.16717104680043
20.827587 -3.7931035 -18.16767952466708
20.827587 -3.9655173 -18.16802172977902
20.827587 -4.1379309 -18.168251959109366
20.827587 -4.3103447 -18.16840681989219
20.827587 -4.4827585 -18.168510969616865
20.827587 -4.6551723 -18.168581007348568
20.827587 -4.8275862 -18.168628102639314
20.827587 -5.0 -18.168659769357195

21.172413 0.0 -17.015604943592074
21.172413 -0.1724138 -17.159076410391748
21.172413 -0.34482759 -17.30178719294699
21.172413 -0.51724136 -17.44026282743511
21.172413 -0.68965518 -17.571042305160045
21.172413 -0.86206895 -17.69081319123624
21.172413 -1.0344827 -17.79673229379402
21.172413 -1.2068965 -17.88686191593088
21.172413 -1.3793104 -17.960534238170723
21.172413 -1.5517242 -18.018435835160503
21.172413 -1.7241379 -18.062343462148238
21.172413 -1.8965517 -18.09463847316844
21.172413 -2.0689654 -18.117815604136563
21.172413 -2.2413793 -18.134138408799224
21.172413 -2.4137931 -18.145474778777025
21.172413 -2.5862069 -18.153269502604044
21.172413 -2.7586207 -18.158591340185836
21.172413 -2.9310346 -18.162207057262183
21.172413 -3.1034484 -18.16465535506935
21.172413 -3.275862 -18.166309356708652
21.172413 -3.4482758 -18.167425014171297
21.172413 -3.6206896 -18.168176752002616
21.172413 -3.7931035 -18.16868291717671
21.172413 -3.9655173 -18.16902356735047
21.172413 -4.1379309 -18.16925275122618
21.172413 -4.3103447 -18.169406909104655
21.172413 -4.4827585 -18.16951058623852
21.172413 -4.6551723 -18.169580306229133
21.172413 -4.8275862 -18.169627187890452
21.172413 -5.0 -18.169658710977448

21.517242 0.0 -17.07197311898185
21.517242 -0.1724138 -17.199590801659188
21.517242 -0.34482759 -17.33072697111775
21.517242 -0.51724136 -17.460928964451934
21.517242 -0.68965518 -17.585895001037734
21.517242 -0.86206895 -17.70163375308609
21.517242 -1.0344827 -17.804782352260645
21.517242 -1.2068965 -17.893020888524976
21.517242 -1.3793104 -17.965408298899586
21.517242 -1.5517242 -18.02243961329732
21.517242 -1.7241379 -18.065759084878778
21.517242 -1.8965517 -18.097657221182626
21.517242 -2.0689654 -18.120566842594833
21.517242 -2.2413793 -18.136709474395687
21.517242 -2.4137931 -18.147924560942084
21.517242 -2.5862069 -18.155637673874942
21.517242 -2.7586207 -18.16090461049016
21.517242 -2.9310346 -18.16448340149145
21.517242 -3.1034484 -18.166906866143187
21.517242 -3.275862 -18.16854416864933
21.517242 -3.4482758 -18.16964859734285
21.517242 -3.6206896 -18.17039278506913
21.517242 -3.7931035 -18.170893873762715
21.517242 -3.9655173 -18.171231110716214
21.517242 -4.1379309 -18.171457999708302
21.517242 -4.3103447 -18.171610614627095
21.517242 -4.4827585 -18.1717132543626
21.517242 -4.6551723 -18.171782276868058
21.517242 -4.8275862 -18.171828689582625
21.517242 -5.0 -18.17185989737912

21.862068 0.0 -17.178826612887903
21.862068 -0.1724138 -17.27886233643499
21.862068 -0.34482759 -17.388989139416815
21.862068 -0.51724136 -17.503522884489513
21.862068 -0.68965518 -17.617065899008153
21.862068 -0.86206895 -17.72464724470836
21.862068 -1.0344827 -17.822067522182202
21.862068 -1.2068965 -17.90633427931603
21.862068 -1.3793104 -17.975993102634874
21.862068 -1.5517242 -18.0311621249505
21.862068 -1.7241379 -18.07321638876042
21.862068 -1.8965517 -18.104257723789114
21.862068 -2.0689654 -18.126588419037464
21.862068 -2.2413793 -18.14234048984357
21.862068 -2.4137931 -18.153292377342645
21.862068 -2.5862069 -18.16082825222853
21.862068 -2.7586207 -18.165975897634507
21.862068 -2.9310346 -18.16947442672886
21.862068 -3.1034484 -18.17184390207402
21.862068 -3.275862 -18.173444893704474
21.862068 -3.4482758 -18.174524903841842
21.862068 -3.6206896 -18.175252671645396
21.862068 -3.7931035 -18.17574271952214
21.862068 -3.9655173 -18.176072532842667
21.862068 -4.1379309 -18.176294430438478
21.862068 -4.3103447 -18.176443689355693
21.862068 -4.4827585 -18.176544072684933
21.862068 -4.6551723 -18.176611578106808
21.862068 -4.8275862 -18.17665697082188
21.862068 -5.0 -18.176687492832453

22.206898 0.0 -17.367375556938082
22.206898 -0.1724138 -17.42395255502233
22.206898 -0.34482759 -17.499057868800268
22.206898 -0.51724136 -17.586467291585375
22.206898 -0.68965518 -17.679440416242812
22.206898 -0.86206895 -17.771742019196346
22.206898 -1.0344827 -17.85805611202635
22.206898 -1.2068965 -17.934408493853983
22.206898 -1.3793104 -17.99851764828657
22.206898 -1.5517242 -18.049842595546362
22.206898 -1.7241379 -18.08925795413523
22.206898 -1.8965517 -18.118499275452397
22.206898 -2.0689654 -18.139607690859297
22.206898 -2.2413793 -18.15453238404034
22.206898 -2.4137931 -18.164925421416
22.206898 -2.5862069 -18.172084382457765
22.206898 -2.7586207 -18.17697807753435
22.206898 -2.9310346 -18.180305622118652
22.206898 -3.1034484 -18.182560027538585
22.206898 -3.275862 -18.184083603295246
22.206898 -3.4482758 -18.185111541108412
22.206898 -3.6206896 -18.18580428851087
22.206898 -3.7931035 -18.186270786241632
22.206898 -3.9655173 -18.18658476385727
22.206898 -4.1379309 -18.186796013598048
22.206898 -4.3103447 -18.18693811314001
22.206898 -4.4827585 -18.187033682770206
22.206898 -4.6551723 -18.187097951681928
22.206898 -4.8275862 -18.187141168334627
22.206898 -5.0 -18.187170227283683

22.551723 0.0 -17.65278744597347
22.551723 -0.1724138 -17.66481146651057
22.551723 -0.34482759 -17.69240364139427
22.551723 -0.51724136 -17.737506298212185
22.551723 -0.68965518 -17.796441460693917
22.551723 -0.86206895 -17.86255229745875
22.551723 -1.0344827 -17.929176506339957
22.551723 -1.2068965 -17.991021201302203
22.551723 -1.3793104 -18.04465283612777
22.551723 -1.5517242 -18.088546574563704
22.551723 -1.7241379 -18.12276877802888
22.551723 -1.8965517 -18.148421823809034
22.551723 -2.0689654 -18.167071373660402
22.551723 -2.2413793 -18.18032107191607
22.551723 -2.4137931 -18.18957781413564
22.551723 -2.5862069 -18.195968132742564
22.551723 -2.7586207 -18.20034290308278
22.551723 -2.9310346 -18.20332058037266
22.551723 -3.1034484 -18.205339314066173
22.551723 -3.275862 -18.20670423810825
22.551723 -3.4482758 -18.207625417291325
22.551723 -3.6206896 -18.208246345721186
22.551723 -3.7931035 -18.208664538261125
22.551723 -3.9655173 -18.208946030130516
22.551723 -4.1379309 -18.209135434736005
22.551723 -4.3103447 -18.2092628452612
22.551723 -4.4827585 -18.209348538157784
22.551723 -4.6551723 -18.209406166234643
22.551723 -4.8275862 -18.209444917854633
22.551723 -5.0 -18.209470974732398

22.896551 0.0 -18.0116350706827
22.896551 -0.1724138 -17.988172585233546
22.896551 -0.34482759 -17.981825863761756
22.896551 -0.51724136 -17.985430970678337
22.896551 -0.68965518 -17.99992249587504
22.896551 -0.86206895 -18.02618123697046
22.896551 -1.0344827 -18.060757666361862
22.896551 -1.2068965 -18.098180140696652
22.896551 -1.3793104 -18.133719357837794
22.896551 -1.5517242 -18.16447903310499
22.896551 -1.7241379 -18.189333151974342
22.896551 -1.8965517 -18.20840480413366
22.896551 -2.0689654 -18.222486952688605
22.896551 -2.2413793 -18.232596363019994
22.896551 -2.4137931 -18.239708711429333
22.896551 -2.5862069 -18.244641791524348
22.896551 -2.7586207 -18.248029637933676
22.896551 -2.9310346 -18.25034047625626
22.896551 -3.1034484 -18.251909364949622
22.896551 -3.275862 -18.252971156741143
22.896551 -3.4482758 -18.25368821749498
22.896551 -3.6206896 -18.254171768527716
22.896551 -3.7931035 -18.25449753328082
22.896551 -3.9655173 -18.25471685371085
22.896551 -4.1379309 -18.254864445162355
22.896551 -4.3103447 -18.254963737238633
22.896551 -4.4827585 -18.255030522414504
22.896551 -4.6551723 -18.25507543694196
22.896551 -4.8275862 -18.25510564023582
22.896551 -5.0 -18.255125949524487

23.241379 0.0 -18.45231518424644
23.241379 -0.1724138 -18.396107791081572
23.241379 -0.34482759 -18.344841107777096
23.241379 -0.51724136 -18.313546512557696
23.241379 -0.68965518 -18.297307048984973
23.241379 -0.86206895 -18.28800995957359
23.241379 -1.0344827 -18.284423944052808
23.241379 -1.2068965 -18.287093066142965
23.241379 -1.3793104 -18.29447216632766
23.241379 -1.5517242 -18.303893733557146
23.241379 -1.7241379 -18.313177797020206
23.241379 -1.8965517 -18.321150977738434
23.241379 -2.0689654 -18.327449827574842
23.241379 -2.2413793 -18.332165930656277
23.241379 -2.4137931 -18.335574112519037
23.241379 -2.5862069 -18.337979520618585
23.241379 -2.7586207 -18.3396504474196
23.241379 -2.9310346 -18.340798830445674
23.241379 -3.1034484 -18.341582428097468
23.241379 -3.275862 -18.342114533813135
23.241379 -3.4482758 -18.34247468901737
23.241379 -3.6206896 -18.34271792596688
23.241379 -3.7931035 -18.3428819583971
23.241379 -3.9655173 -18.34299246774688
23.241379 -4.1379309 -18.343066868754047
23.241379 -4.3103447 -18.34311693730449
23.241379 -4.4827585 -18.343150621001787
23.241379 -4.6551723 -18.3431732771725
23.241379 -4.8275862 -18.343188513991482
23.241379 -5.0 -18.34319876016772

23.586206 0.0 -18.89917527599706
23.586206 -0.1724138 -18.837164361349355
23.586206 -0.34482759 -18.78696679544344
23.586206 -0.51724136 -18.727922082850434
23.586206 -0.68965518 -18.66938772936353
23.586206 -0.86206895 -18.625973991820178
23.586206 -1.0344827 -18.596103340158653
23.586206 -1.2068965 -18.572744150172095
23.586206 -1.3793104 -18.5531791809415
23.586206 -1.5517242 -18.53763498039544
23.586206 -1.7241379 -18.52620464765984
23.586206 -1.8965517 -18.51825038726909
23.586206 -2.0689654 -18.51287712878546
23.586206 -2.2413793 -18.50929279159975
23.586206 -2.4137931 -18.506909951273485
23.586206 -2.5862069 -18.5053248417917
23.586206 -2.7586207 -18.504268296126263
23.586206 -2.9310346 -18.503562565350528
23.586206 -3.1034484 -18.50309031357377
23.586206 -3.275862 -18.502773857682598
23.586206 -3.4482758 -18.502561583635245
23.586206 -3.6206896 -18.502419090272415
23.586206 -3.7931035 -18.502323390309837
23.586206 -3.9655173 -18.502259095006412
23.586206 -4.1379309 -18.502215888451083
23.586206 -4.3103447 -18.50218684882376
23.586206 -4.4827585 -18.502167328851293
23.586206 -4.6551723 -18.50215420687151
23.586206 -4.8275862 -18.502145385394318
23.586206 -5.0 -18.50213945481256

23.931034 0.0 -19.411367534184016
23.931034 -0.1724138 -19.32562169571646
23.931034 -0.34482759 -19.23638163558135
23.931034 -0.51724136 -19.168133316188072
23.931034 -0.68965518 -19.11331090447758
23.931034 -0.86206895 -19.052094992578507
23.931034 -1.0344827 -18.9871217828144
23.931034 -1.2068965 -18.931283394138543
23.931034 -1.3793104 -18.888426014883866
23.931034 -1.5517242 -18.855696009821553
23.931034 -1.7241379 -18.830142149097703
23.931034 -1.8965517 -18.810266959830006
23.931034 -2.0689654 -18.79520269151838
23.931034 -2.2413793 -18.784126794863628
23.931034 -2.4137931 -18.776192150474863
23.931034 -2.5862069 -18.770617988217868
23.931034 -2.7586207 -18.766756234232005
23.931034 -2.9310346 -18.7641065085653
23.931034 -3.1034484 -18.76230035798501
23.931034 -3.275862 -18.761074714606433
23.931034 -3.4482758 -18.760245509649273
23.931034 -3.6206896 -18.759685657951263
23.931034 -3.7931035 -18.75930818370206
23.931034 -3.9655173 -18.7590539112971
23.931034 -4.1379309 -18.758882736207795
23.931034 -4.3103447 -18.75876754987028
23.931034 -4.4827585 -18.758690061167634
23.931034 -4.6551723 -18.758637942475236
23.931034 -4.8275862 -18.758602892033476
23.931034 -5.0 -18.758579322241047

24.275862 0.0 -19.913164900406386
24.275862 -0.1724138 -19.824561019617995
24.275862 -0.34482759 -19.748528704938977
24.275862 -0.51724136 -19.662376441668993
24.275862 -0.68965518 -19.56923297038819
24.275862 -0.86206895 -19.49170335080645
24.275862 -1.0344827 -19.430622780120594
24.275862 -1.2068965 -19.372019075146326
24.275862 -1.3793104 -19.311663565989157
24.275862 -1.5517242 -19.255853255687878
24.275862 -1.7241379 -19.21000904823797
24.275862 -1.8965517 -19.17509925814321
24.275862 -2.0689654 -19.149612208543196
24.275862 -2.2413793 -19.13145290628812
24.275862 -2.4137931 -19.118720897591512
24.275862 -2.5862069 -19.109897665661162
24.275862 -2.7586207 -19.10383619453898
24.275862 -2.9310346 -19.099698684804974
24.275862 -3.1034484 -19.096887532048818
24.275862 -3.275862 -19.09498381302262
24.275862 -3.4482758 -19.0936975569101
24.275862 -3.6206896 -19.092829864778
24.275862 -3.7931035 -19.09224516212289
24.275862 -3.9655173 -19.09185144440166
24.275862 -4.1379309 -19.091586461046386
24.275862 -4.3103447 -19.09140817919029
24.275862 -4.4827585 -19.0912882578401
24.275862 -4.6551723 -19.091207605042772
24.275862 -4.8275862 -19.091153367772318
24.275862 -5.0 -19.091116896946964

24.620689 0.0 -20.410863924495057
24.620689 -0.1724138 -20.343321423963285
24.620689 -0.34482759 -20.252232012641613
24.620689 -0.51724136 -20.159687627168335
24.620689 -0.68965518 -20.080018854879338
24.620689 -0.86206895 -19.995739889267817
24.620689 -1.0344827 -19.902856253179742
24.620689 -1.2068965 -19.818154606317048
24.620689 -1.3793104 -19.750787354432322
24.620689 -1.5517242 -19.69768544454687
24.620689 -1.7241379 -19.653913186398555
24.620689 -1.8965517 -19.617542341422403
24.620689 -2.0689654 -19.588336739813712
24.620689 -2.2413793 -19.565928770804707
24.620689 -2.4137931 -19.549399690898174
24.620689 -2.5862069 -19.53755888711401
24.620689 -2.7586207 -19.52924873715748
24.620689 -2.9310346 -19.5234975950123
24.620689 -3.1034484 -19.51955496103172
24.620689 -3.275862 -19.516869309331845
24.620689 -3.4482758 -19.51504771271099
24.620689 -3.6206896 -19.513815734662916
24.620689 -3.7931035 -19.512984137216478
24.620689 -3.9655173 -19.512423531191434
24.620689 -4.1379309 -19.512045939451216
24.620689 -4.3103447 -19.511791764382934
24.620689 -4.4827585 -19.511620734816308
24.620689 -4.6551723 -19.51150568284154
24.620689 -4.8275862 -19.51142830090265
24.620689 -5.0 -19.511376261478166

24.965517 0.0 -20.91439415294563
24.965517 -0.1724138 -20.8199854655746
24.965517 -0.34482759 -20.74665316322878
24.965517 -0.51724136 -20.677993455541152
24.965517 -0.68965518 -20.58806089387292
24.965517 -0.86206895 -20.491624451933873
24.965517 -1.0344827 -20.407653483314707
24.965517 -1.2068965 -20.330405216488533
24.965517 -1.3793104 -20.252223207863114
24.965517 -1.5517242 -20.178007166990305
24.965517 -1.7241379 -20.115351562371657
24.965517 -1.8965517 -20.066882851623827
24.965517 -2.0689654 -20.031254714332807
24.965517 -2.2413793 -20.005802180447624
24.965517 -2.4137931 -19.98793240683866
24.965517 -2.5862069 -19.97553545356991
24.965517 -2.7586207 -19.967010610499973
24.965517 -2.9310346 -19.96118674926158
24.965517 -3.1034484 -19.95722717262114
24.965517 -3.275862 -19.954544367138826
24.965517 -3.4482758 -19.952731041322387
24.965517 -3.6206896 -19.95150747028793
24.965517 -3.7931035 -19.950682802710126
24.965517 -3.9655173 -19.950127430453502
24.965517 -4.1379309 -19.949753616368273
24.965517 -4.3103447 -19.94950209786115
24.965517 -4.4827585 -19.949332907062203
24.965517 -4.6551723 -19.949219115136774
24.965517 -4.8275862 -19.94914259111565
24.965517 -5.0 -19.94909113335239

25.310345 0.0 -21.431851403991935
25.310345 -0.1724138 -21.34599065837959
25.310345 -0.34482759 -21.25368708758936
25.310345 -0.51724136 -21.156016737333108
25.310345 -0.68965518 -21.075897761667708
25.310345 -0.86206895 -21.005986723119154
25.310345 -1.0344827 -20.923506438196927
25.310345 -1.2068965 -20.8315923499475
25.310345 -1.3793104 -20.747853668287487
25.310345 -1.5517242 -20.67923138897115
25.310345 -1.7241379 -20.623671551372787
25.310345 -1.8965517 -20.578518819387426
25.310345 -2.0689654 -20.542580844681652
25.310345 -2.2413793 -20.515001784410615
25.310345 -2.4137931 -20.49458827214025
25.310345 -2.5862069 -20.479909499154054
25.310345 -2.7586207 -20.469575090057607
25.310345 -2.9310346 -20.46240605699648
25.310345 -3.1034484 -20.457483044438668
25.310345 -3.275862 -20.454125593540127
25.310345 -3.4482758 -20.45184647416634
25.310345 -3.6206896 -20.450304205492632
25.310345 -3.7931035 -20.449262764550618
25.310345 -3.9655173 -20.44856051653836
25.310345 -4.1379309 -20.44808744114433
25.310345 -4.3103447 -20.447768954322264
25.310345 -4.4827585 -20.447554633766416
25.310345 -4.6551723 -20.44741045222205
25.310345 -4.8275862 -20.447313474795486
25.310345 -5.0 -20.447248255826654

25.655172 0.0 -21.996789212182353
25.655172 -0.1724138 -21.88108211858486
25.655172 -0.34482759 -21.770811950868836
25.655172 -0.51724136 -21.68163726765991
25.655172 -0.68965518 -21.589698624835435
25.655172 -0.86206895 -21.489918882885764
25.655172 -1.0344827 -21.40177506810692
25.655172 -1.2068965 -21.330144470749044
25.655172 -1.3793104 -21.263864670314554
25.655172 -1.5517242 -21.197145749093924
25.655172 -1.7241379 -21.134588042276675
25.655172 -1.8965517 -21.081930050186912
25.655172 -2.0689654 -21.041064018556842
25.655172 -2.2413793 -21.010933615241953
25.655172 -2.4137931 -20.98940641244751
25.655172 -2.5862069 -20.974329018093666
25.655172 -2.7586207 -20.963906461935974
25.655172 -2.9310346 -20.956765149710787
25.655172 -3.1034484 -20.95190156889608
25.655172 -3.275862 -20.948602900722168
25.655172 -3.4482758 -20.94637191462236
25.655172 -3.6206896 -20.944865928114943
25.655172 -3.7931035 -20.9438506608887
25.655172 -3.9655173 -20.943166817167526
25.655172 -4.1379309 -20.942706480953298
25.655172 -4.3103447 -20.942396724478
25.655172 -4.4827585 -20.94218834843638
25.655172 -4.6551723 -20.942048197425745
25.655172 -4.8275862 -20.941953945167143
25.655172 -5.0 -20.941890565340135

26.0 0.0 -22.52372291653674
26.0 -0.1724138 -22.427105284727578
26.0 -0.34482759 -22.336540748907446
26.0 -0.51724136 -22.221814731267614
26.0 -0.68965518 -22.107220543399986
26.0 -0.86206895 -22.013067359659612
26.0 -1.0344827 -21.92501271192748
26.0 -1.2068965 -21.832442084363844
26.0 -1.3793104 -21.74508699002035
26.0 -1.5517242 -21.673120123231
26.0 -1.7241379 -21.61760713590712
26.0 -1.8965517 -21.57526576047429
26.0 -2.0689654 -21.542977831464743
26.0 -2.2413793 -21.518643020746886
26.0 -2.4137931 -21.500687616107548
26.0 -2.5862069 -21.48773707328936
26.0 -2.7586207 -21.478577178159124
26.0 -2.9310346 -21.472195426540146
26.0 -3.1034484 -21.467797874159956
26.0 -3.275862 -21.464791051985312
26.0 -3.4482758 -21.462746180483222
26.0 -3.6206896 -21.4613606386558
26.0 -3.7931035 -21.460424195948097
26.0 -3.9655173 -21.45979236372529
26.0 -4.1379309 -21.459366548083448
26.0 -4.3103447 -21.459079797269432
26.0 -4.4827585 -21.458886796330972
26.0 -4.6551723 -21.458756940679145
26.0 -4.8275862 -21.458669591405325
26.0 -5.0 -21.458610844120997
