# KROME file, XRAY He rate
# Distance = 4 kpc
# Xray rate including primary He ionization in 1/s
# first line indicates the size of the table (30x30)
# then first column is the parameter log10(nH), where nH is the H column density in cm-2
# second column is log10(xHe), where xHe = nHe/nH both in cm-2
# third column is log10(rate), where rate is in units of 1/s
30, 30
16.0 0.0 -16.068814867042736
16.0 -0.1724138 -16.068488095747814
16.0 -0.34482759 -16.068002568246293
16.0 -0.51724136 -16.067281448841243
16.0 -0.68965518 -16.06621111902969
16.0 -0.86206895 -16.064624038468832
16.0 -1.0344827 -16.062274176520308
16.0 -1.2068965 -16.058802461048003
16.0 -1.3793104 -16.053689596738344
16.0 -1.5517242 -16.046194609299462
16.0 -1.7241379 -16.035280861024184
16.0 -1.8965517 -16.019539296084815
16.0 -2.0689654 -15.99713335229486
16.0 -2.2413793 -15.96581009056425
16.0 -2.4137931 -15.923038840329449
16.0 -2.5862069 -15.866324866038083
16.0 -2.7586207 -15.79367662779923
16.0 -2.9310346 -15.70408718937651
16.0 -3.1034484 -15.597813535668523
16.0 -3.275862 -15.476302958611596
16.0 -3.4482758 -15.341807715800234
16.0 -3.6206896 -15.196886070905585
16.0 -3.7931035 -15.043985616933952
16.0 -3.9655173 -14.88520227736026
16.0 -4.1379309 -14.722199471448462
16.0 -4.3103447 -14.556229513886166
16.0 -4.4827585 -14.388202521364061
16.0 -4.6551723 -14.218763238222715
16.0 -4.8275862 -14.04836072807153
16.0 -5.0 -13.87730451249776

16.344828 0.0 -16.06881506499335
16.344828 -0.1724138 -16.06848823086969
16.344828 -0.34482759 -16.06800266112235
16.344828 -0.51724136 -16.06728151330829
16.344828 -0.68965518 -16.066211164388008
16.344828 -0.86206895 -16.06462407096738
16.344828 -1.0344827 -16.0622742003547
16.344828 -1.2068965 -16.05880247903075
16.344828 -1.3793104 -16.053689610748492
16.344828 -1.5517242 -16.046194620583766
16.344828 -1.7241379 -16.03528087039841
16.344828 -1.8965517 -16.019539304068424
16.344828 -2.0689654 -15.997133359202152
16.344828 -2.2413793 -15.965810096568733
16.344828 -2.4137931 -15.92303884551355
16.344828 -2.5862069 -15.866324870435776
16.344828 -2.7586207 -15.7936766314332
16.344828 -2.9310346 -15.704087192285886
16.344828 -3.1034484 -15.597813537921525
16.344828 -3.275862 -15.476302960302105
16.344828 -3.4482758 -15.341807717034289
16.344828 -3.6206896 -15.196886071786505
16.344828 -3.7931035 -15.043985617552027
16.344828 -3.9655173 -14.8852022777884
16.344828 -4.1379309 -14.722199471742316
16.344828 -4.3103447 -14.556229514086548
16.344828 -4.4827585 -14.388202521500087
16.344828 -4.6551723 -14.21876323831477
16.344828 -4.8275862 -14.048360728133698
16.344828 -5.0 -13.877304512539682

16.689655 0.0 -16.068815502901032
16.689655 -0.1724138 -16.068488529787324
16.689655 -0.34482759 -16.06800286658351
16.689655 -0.51724136 -16.067281655922834
16.689655 -0.68965518 -16.066211264730068
16.689655 -0.86206895 -16.06462414286095
16.689655 -1.0344827 -16.062274253081352
16.689655 -1.2068965 -16.05880251881234
16.689655 -1.3793104 -16.053689641741865
16.689655 -1.5517242 -16.046194645546997
16.689655 -1.7241379 -16.035280891136157
16.689655 -1.8965517 -16.019539321729837
16.689655 -2.0689654 -15.99713337448253
16.689655 -2.2413793 -15.965810109851901
16.689655 -2.4137931 -15.923038856981869
16.689655 -2.5862069 -15.86632488016439
16.689655 -2.7586207 -15.793676639472299
16.689655 -2.9310346 -15.704087198722034
16.689655 -3.1034484 -15.597813542905632
16.689655 -3.275862 -15.476302964041864
16.689655 -3.4482758 -15.341807719764278
16.689655 -3.6206896 -15.196886073735282
16.689655 -3.7931035 -15.043985618919333
16.689655 -3.9655173 -14.885202278735536
16.689655 -4.1379309 -14.722199472392381
16.689655 -4.3103447 -14.556229514529834
16.689655 -4.4827585 -14.388202521801007
16.689655 -4.6551723 -14.218763238518417
16.689655 -4.8275862 -14.048360728271222
16.689655 -5.0 -13.87730451263242

17.034483 0.0 -16.06881647164806
17.034483 -0.1724138 -16.068489191058614
17.034483 -0.34482759 -16.068003321108833
17.034483 -0.51724136 -16.06728197141771
17.034483 -0.68965518 -16.066211486708927
17.034483 -0.86206895 -16.064624301905468
17.034483 -1.0344827 -16.06227436972441
17.034483 -1.2068965 -16.05880260681805
17.034483 -1.3793104 -16.053689710306095
17.034483 -1.5517242 -16.046194700771213
17.034483 -1.7241379 -16.03528093701266
17.034483 -1.8965517 -16.019539360800806
17.034483 -2.0689654 -15.997133408286121
17.034483 -2.2413793 -15.965810139237224
17.034483 -2.4137931 -15.92303888235234
17.034483 -2.5862069 -15.86632490168625
17.034483 -2.7586207 -15.79367665725657
17.034483 -2.9310346 -15.704087212960227
17.034483 -3.1034484 -15.597813553931587
17.034483 -3.275862 -15.476302972315041
17.034483 -3.4482758 -15.341807725803621
17.034483 -3.6206896 -15.196886078046411
17.034483 -3.7931035 -15.04398562194412
17.034483 -3.9655173 -14.885202280830809
17.034483 -4.1379309 -14.722199473830472
17.034483 -4.3103447 -14.556229515510479
17.034483 -4.4827585 -14.388202522466711
17.034483 -4.6551723 -14.218763238968926
17.034483 -4.8275862 -14.048360728575457
17.034483 -5.0 -13.87730451283758

17.379311 0.0 -16.068818614717056
17.379311 -0.1724138 -16.06849065392999
17.379311 -0.34482759 -16.068004326615682
17.379311 -0.51724136 -16.0672826693601
17.379311 -0.68965518 -16.06621197777405
17.379311 -0.86206895 -16.064624653746375
17.379311 -1.0344827 -16.062274627764165
17.379311 -1.2068965 -16.0588028015058
17.379311 -1.3793104 -16.053689861985085
17.379311 -1.5517242 -16.046194822939203
17.379311 -1.7241379 -16.035281038501484
17.379311 -1.8965517 -16.019539447234305
17.379311 -2.0689654 -15.99713348306703
17.379311 -2.2413793 -15.96581020424396
17.379311 -2.4137931 -15.923038938477351
17.379311 -2.5862069 -15.86632494929729
17.379311 -2.7586207 -15.793676696599256
17.379311 -2.9310346 -15.704087244458206
17.379311 -3.1034484 -15.597813578323402
17.379311 -3.275862 -15.476302990617112
17.379311 -3.4482758 -15.341807739163961
17.379311 -3.6206896 -15.19688608758357
17.379311 -3.7931035 -15.043985628635607
17.379311 -3.9655173 -14.88520228546601
17.379311 -4.1379309 -14.722199477011841
17.379311 -4.3103447 -14.556229517679883
17.379311 -4.4827585 -14.388202523939393
17.379311 -4.6551723 -14.21876323996555
17.379311 -4.8275862 -14.048360729248492
17.379311 -5.0 -13.877304513291437

17.724138 0.0 -16.06882335557994
17.724138 -0.1724138 -16.068493890082227
17.724138 -0.34482759 -16.068006550995175
17.724138 -0.51724136 -16.06728421334884
17.724138 -0.68965518 -16.06621306410991
17.724138 -0.86206895 -16.064625432090544
17.724138 -1.0344827 -16.06227519860125
17.724138 -1.2068965 -16.058803232195345
17.724138 -1.3793104 -16.053690197530432
17.724138 -1.5517242 -16.046195093200144
17.724138 -1.7241379 -16.035281263015836
17.724138 -1.8965517 -16.019539638443163
17.724138 -2.0689654 -15.997133648497947
17.724138 -2.2413793 -15.965810348052376
17.724138 -2.4137931 -15.923039062637546
17.724138 -2.5862069 -15.866325054622813
17.724138 -2.7586207 -15.793676783633455
17.724138 -2.9310346 -15.704087314138288
17.724138 -3.1034484 -15.597813632283163
17.724138 -3.275862 -15.476303031105097
17.724138 -3.4482758 -15.341807768719809
17.724138 -3.6206896 -15.196886108681742
17.724138 -3.7931035 -15.043985643438567
17.724138 -3.9655173 -14.885202295720035
17.724138 -4.1379309 -14.72219948404969
17.724138 -4.3103447 -14.556229522479052
17.724138 -4.4827585 -14.38820252719727
17.724138 -4.6551723 -14.218763242170294
17.724138 -4.8275862 -14.048360730737382
17.724138 -5.0 -13.877304514295462

18.068966 0.0 -16.068833843160434
18.068966 -0.1724138 -16.06850104904829
18.068966 -0.34482759 -16.068011471759444
18.068966 -0.51724136 -16.067287628967417
18.068966 -0.68965518 -16.066215467312595
18.068966 -0.86206895 -16.064627153953825
18.068966 -1.0344827 -16.062276461415976
18.068966 -1.2068965 -16.0588041849742
18.068966 -1.3793104 -16.053690939830005
18.068966 -1.5517242 -16.046195691076544
18.068966 -1.7241379 -16.035281759690875
18.068966 -1.8965517 -16.01954006143919
18.068966 -2.0689654 -15.997134014467528
18.068966 -2.2413793 -15.965810666188242
18.068966 -2.4137931 -15.92303933730722
18.068966 -2.5862069 -15.866325287626042
18.068966 -2.7586207 -15.793676976172245
18.068966 -2.9310346 -15.704087468285946
18.068966 -3.1034484 -15.597813751654018
18.068966 -3.275862 -15.476303120673412
18.068966 -3.4482758 -15.341807834103838
18.068966 -3.6206896 -15.196886155355532
18.068966 -3.7931035 -15.043985676185963
18.068966 -3.9655173 -14.88520231840419
18.068966 -4.1379309 -14.72219949961896
18.068966 -4.3103447 -14.55622953309587
18.068966 -4.4827585 -14.38820253440441
18.068966 -4.6551723 -14.218763247047669
18.068966 -4.8275862 -14.048360734031137
18.068966 -5.0 -13.877304516516585

18.413794 0.0 -16.06885704268953
18.413794 -0.1724138 -16.06851688564263
18.413794 -0.34482759 -16.068022357279364
18.413794 -0.51724136 -16.067295184923587
18.413794 -0.68965518 -16.066220783653005
18.413794 -0.86206895 -16.064630963055823
18.413794 -1.0344827 -16.06227925501855
18.413794 -1.2068965 -16.058806292717865
18.413794 -1.3793104 -16.05369258195179
18.413794 -1.5517242 -16.046197013705036
18.413794 -1.7241379 -16.035282858441143
18.413794 -1.8965517 -16.019540997196177
18.413794 -2.0689654 -15.997134824070047
18.413794 -2.2413793 -15.965811369972467
18.413794 -2.4137931 -15.923039944934988
18.413794 -2.5862069 -15.86632580307875
18.413794 -2.7586207 -15.793677402108974
18.413794 -2.9310346 -15.704087809293302
18.413794 -3.1034484 -15.597814015727671
18.413794 -3.275862 -15.47630331881751
18.413794 -3.4482758 -15.341807978747154
18.413794 -3.6206896 -15.196886258607837
18.413794 -3.7931035 -15.043985748630131
18.413794 -3.9655173 -14.885202368586338
18.413794 -4.1379309 -14.722199534061472
18.413794 -4.3103447 -14.556229556582515
18.413794 -4.4827585 -14.388202550348126
18.413794 -4.6551723 -14.218763257837452
18.413794 -4.8275862 -14.048360741317616
18.413794 -5.0 -13.87730452143018

18.758621 0.0 -16.06890835859138
18.758621 -0.1724138 -16.068551916555023
18.758621 -0.34482759 -16.06804643692948
18.758621 -0.51724136 -16.067311899602934
18.758621 -0.68965518 -16.066232544173047
18.758621 -0.86206895 -16.064639389411578
18.758621 -1.0344827 -16.062285434956614
18.758621 -1.2068965 -16.058810955432566
18.758621 -1.3793104 -16.053696214634336
18.758621 -1.5517242 -16.046199939612883
18.758621 -1.7241379 -16.03528528908993
18.758621 -1.8965517 -16.019543067273528
18.758621 -2.0689654 -15.997136615069728
18.758621 -2.2413793 -15.965812926881581
18.758621 -2.4137931 -15.92304128912714
18.758621 -2.5862069 -15.866326943361438
18.758621 -2.7586207 -15.793678344364576
18.758621 -2.9310346 -15.704088563668318
18.758621 -3.1034484 -15.597814599910157
18.758621 -3.275862 -15.476303757150864
18.758621 -3.4482758 -15.341808298726303
18.758621 -3.6206896 -15.196886487021983
18.758621 -3.7931035 -15.043985908890686
18.758621 -3.9655173 -14.885202479598979
18.758621 -4.1379309 -14.722199610254984
18.758621 -4.3103447 -14.556229608539521
18.758621 -4.4827585 -14.38820258561871
18.758621 -4.6551723 -14.218763281706543
18.758621 -4.8275862 -14.048360757436718
18.758621 -5.0 -13.877304532300004

19.103449 0.0 -16.069021849949845
19.103449 -0.1724138 -16.068629398324237
19.103449 -0.34482759 -16.068099699646208
19.103449 -0.51724136 -16.067348872888722
19.103449 -0.68965518 -16.066258559414287
19.103449 -0.86206895 -16.064658029533046
19.103449 -1.0344827 -16.062299105890514
19.103449 -1.2068965 -16.058821270126163
19.103449 -1.3793104 -16.053704250769336
19.103449 -1.5517242 -16.046206412260084
19.103449 -1.7241379 -16.03529066614507
19.103449 -1.8965517 -16.019547646682938
19.103449 -2.0689654 -15.997140577108889
19.103449 -2.2413793 -15.965816371068252
19.103449 -2.4137931 -15.923044262742547
19.103449 -2.5862069 -15.86632946588883
19.103449 -2.7586207 -15.79368042881675
19.103449 -2.9310346 -15.704090232491454
19.103449 -3.1034484 -15.597815892233976
19.103449 -3.275862 -15.47630472682799
19.103449 -3.4482758 -15.341809006581057
19.103449 -3.6206896 -15.19688699231739
19.103449 -3.7931035 -15.043986263417347
19.103449 -3.9655173 -14.885202725179896
19.103449 -4.1379309 -14.722199778809397
19.103449 -4.3103447 -14.556229723478204
19.103449 -4.4827585 -14.388202663643886
19.103449 -4.6551723 -14.218763334509463
19.103449 -4.8275862 -14.048360793095208
19.103449 -5.0 -13.877304556346095

19.448277 0.0 -16.06927276701359
19.448277 -0.1724138 -16.06880073451516
19.448277 -0.34482759 -16.068217495018438
19.448277 -0.51724136 -16.067430649705535
19.448277 -0.68965518 -16.06631610275335
19.448277 -0.86206895 -16.064699261378838
19.448277 -1.0344827 -16.062329346708168
19.448277 -1.2068965 -16.058844087163685
19.448277 -1.3793104 -16.053722027635793
19.448277 -1.5517242 -16.04622073061997
19.448277 -1.7241379 -16.035302560968795
19.448277 -1.8965517 -16.019557777030872
19.448277 -2.0689654 -15.997149341756176
19.448277 -2.2413793 -15.965823990151659
19.448277 -2.4137931 -15.923050840848951
19.448277 -2.5862069 -15.866335046115028
19.448277 -2.7586207 -15.793685039948254
19.448277 -2.9310346 -15.704093924183473
19.448277 -3.1034484 -15.597818751049028
19.448277 -3.275862 -15.476306871897913
19.448277 -3.4482758 -15.341810572459735
19.448277 -3.6206896 -15.19688811010433
19.448277 -3.7931035 -15.043987047681512
19.448277 -3.9655173 -14.88520326844016
19.448277 -4.1379309 -14.722200151675874
19.448277 -4.3103447 -14.556229977738973
19.448277 -4.4827585 -14.388202836246684
19.448277 -4.6551723 -14.218763451317031
19.448277 -4.8275862 -14.048360871976852
19.448277 -5.0 -13.877304609539468

19.793104 0.0 -16.069827114382367
19.793104 -0.1724138 -16.069179422539978
19.793104 -0.34482759 -16.06847791996684
19.793104 -0.51724136 -16.067611478129546
19.793104 -0.68965518 -16.066443361268252
19.793104 -0.86206895 -16.06479045443298
19.793104 -1.0344827 -16.062396234598744
19.793104 -1.2068965 -16.05889455677734
19.793104 -1.3793104 -16.053761349773726
19.793104 -1.5517242 -16.04625240313844
19.793104 -1.7241379 -16.035328872865772
19.793104 -1.8965517 -16.019580185982488
19.793104 -2.0689654 -15.997168729772115
19.793104 -2.2413793 -15.965840844131183
19.793104 -2.4137931 -15.923065392113536
19.793104 -2.5862069 -15.866347389982264
19.793104 -2.7586207 -15.79369524008972
19.793104 -2.9310346 -15.704102090443689
19.793104 -3.1034484 -15.597825074917633
19.793104 -3.275862 -15.476311616910076
19.793104 -3.4482758 -15.341814036263035
19.793104 -3.6206896 -15.196890582702446
19.793104 -3.7931035 -15.043988782509468
19.793104 -3.9655173 -14.885204470155603
19.793104 -4.1379309 -14.722200976472363
19.793104 -4.3103447 -14.556230540174377
19.793104 -4.4827585 -14.388203218051157
19.793104 -4.6551723 -14.218763709700116
19.793104 -4.8275862 -14.048361046466232
19.793104 -5.0 -13.877304727205344

20.137932 0.0 -16.071049900002965
20.137932 -0.1724138 -16.070015495595143
20.137932 -0.34482759 -16.06905324383549
20.137932 -0.51724136 -16.068011125566628
20.137932 -0.68965518 -16.066724693151787
20.137932 -0.86206895 -16.06499209405391
20.137932 -1.0344827 -16.062544151143925
20.137932 -1.2068965 -16.059006175289554
20.137932 -1.3793104 -16.05384831949699
20.137932 -1.5517242 -16.046322456655016
20.137932 -1.7241379 -16.035387071148186
20.137932 -1.8965517 -16.019629752252445
20.137932 -2.0689654 -15.997211614427934
20.137932 -2.2413793 -15.965878123865744
20.137932 -2.4137931 -15.923097578433753
20.137932 -2.5862069 -15.866374693646542
20.137932 -2.7586207 -15.7937178019147
20.137932 -2.9310346 -15.704120153414324
20.137932 -3.1034484 -15.597839062628458
20.137932 -3.275862 -15.47632211231365
20.137932 -3.4482758 -15.341821697754828
20.137932 -3.6206896 -15.196896051757628
20.137932 -3.7931035 -15.043992619707064
20.137932 -3.9655173 -14.885207128178076
20.137932 -4.1379309 -14.722202800801853
20.137932 -4.3103447 -14.556231784198363
20.137932 -4.4827585 -14.388204062545723
20.137932 -4.6551723 -14.218764281204747
20.137932 -4.8275862 -14.048361432410461
20.137932 -5.0 -13.877304987464493

20.482758 0.0 -16.073737929115026
20.482758 -0.1724138 -16.07185701075386
20.482758 -0.34482759 -16.070322129885636
20.482758 -0.51724136 -16.06889335392314
20.482758 -0.68965518 -16.067346119445688
20.482758 -0.86206895 -16.065437675052983
20.482758 -1.0344827 -16.062871106827625
20.482758 -1.2068965 -16.05925294387974
20.482758 -1.3793104 -16.05404061815188
20.482758 -1.5517242 -16.04647736479387
20.482758 -1.7241379 -16.035515770986898
20.482758 -1.8965517 -16.019739366963883
20.482758 -2.0689654 -15.997306454758832
20.482758 -2.2413793 -15.965960569542814
20.482758 -2.4137931 -15.923168759900161
20.482758 -2.5862069 -15.866435076627617
20.482758 -2.7586207 -15.793767697734344
20.482758 -2.9310346 -15.704160099527904
20.482758 -3.1034484 -15.597869995998485
20.482758 -3.275862 -15.476345322323372
20.482758 -3.4482758 -15.341838640577821
20.482758 -3.6206896 -15.196908146086074
20.482758 -3.7931035 -15.044001105283696
20.482758 -3.9655173 -14.885213006105184
20.482758 -4.1379309 -14.722206835096845
20.482758 -4.3103447 -14.556234535209233
20.482758 -4.4827585 -14.388205930042425
20.482758 -4.6551723 -14.21876554501638
20.482758 -4.8275862 -14.048362285877756
20.482758 -5.0 -13.877305562994746

20.827587 0.0 -16.079604937660136
20.827587 -0.1724138 -16.07589275604124
20.827587 -0.34482759 -16.073110810276834
20.827587 -0.51724136 -16.07083603789051
20.827587 -0.68965518 -16.06871633250646
20.827587 -0.86206895 -16.066421046094355
20.827587 -1.0344827 -16.0635931198132
20.827587 -1.2068965 -16.059798104847317
20.827587 -1.3793104 -16.054465561345776
20.827587 -1.5517242 -16.046819744772264
20.827587 -1.7241379 -16.03580025898414
20.827587 -1.8965517 -16.01998168588152
20.827587 -2.0689654 -15.997516121866997
20.827587 -2.2413793 -15.966142838961348
20.827587 -2.4137931 -15.923326127013851
20.827587 -2.5862069 -15.866568569224436
20.827587 -2.7586207 -15.793878003608905
20.827587 -2.9310346 -15.704248407290297
20.827587 -3.1034484 -15.597938377879402
20.827587 -3.275862 -15.476396629648013
20.827587 -3.4482758 -15.341876093140115
20.827587 -3.6206896 -15.196934880516142
20.827587 -3.7931035 -15.044019862377095
20.827587 -3.9655173 -14.885225998964334
20.827587 -4.1379309 -14.722215752647582
20.827587 -4.3103447 -14.556240616117162
20.827587 -4.4827585 -14.388210057995114
20.827587 -4.6551723 -14.218768338565791
20.827587 -4.8275862 -14.04836417239295
20.827587 -5.0 -13.877306835153131

21.172413 0.0 -16.092228439434088
21.172413 -0.1724138 -16.084645994408465
21.172413 -0.34482759 -16.079194080824745
21.172413 -0.51724136 -16.07509100800986
21.172413 -0.68965518 -16.07172589041845
21.172413 -0.86206895 -16.06858511599658
21.172413 -1.0344827 -16.065184124655076
21.172413 -1.2068965 -16.061000477975153
21.172413 -1.3793104 -16.05540335302944
21.172413 -1.5517242 -16.04757563295832
21.172413 -1.7241379 -16.03642850039775
21.172413 -1.8965517 -16.020516892137255
21.172413 -2.0689654 -15.997979254364111
21.172413 -2.2413793 -15.966545470402373
21.172413 -2.4137931 -15.923673751368858
21.172413 -2.5862069 -15.866863448012605
21.172413 -2.7586207 -15.794121653889157
21.172413 -2.9310346 -15.704443456734415
21.172413 -3.1034484 -15.598089407995191
21.172413 -3.275862 -15.47650994279526
21.172413 -3.4482758 -15.341958804307284
21.172413 -3.6206896 -15.196993919514153
21.172413 -3.7931035 -15.044061283565874
21.172413 -3.9655173 -14.885254690493136
21.172413 -4.1379309 -14.72223544460146
21.172413 -4.3103447 -14.556254044002852
21.172413 -4.4827585 -14.388219173298904
21.172413 -4.6551723 -14.218774507226671
21.172413 -4.8275862 -14.04836833814632
21.172413 -5.0 -13.877309644294243

21.517242 0.0 -16.118677812966315
21.517242 -0.1724138 -16.10325627187056
21.517242 -0.34482759 -16.0922693089545
21.517242 -0.51724136 -16.084309423512074
21.517242 -0.68965518 -16.078283234314483
21.517242 -0.86206895 -16.073319139320763
21.517242 -1.0344827 -16.068674187296196
21.517242 -1.2068965 -16.06364304206065
21.517242 -1.3793104 -16.05746707795413
21.517242 -1.5517242 -16.049240490859905
21.517242 -1.7241379 -16.037812995169425
21.517242 -1.8965517 -16.021696778447385
21.517242 -2.0689654 -15.999000459735571
21.517242 -2.2413793 -15.967433354219624
21.517242 -2.4137931 -15.924440341225374
21.517242 -2.5862069 -15.867513688700146
21.517242 -2.7586207 -15.794658880230228
21.517242 -2.9310346 -15.704873473485737
21.517242 -3.1034484 -15.598422337748568
21.517242 -3.275862 -15.476759702087234
21.517242 -3.4482758 -15.342141095226276
21.517242 -3.6206896 -15.197124028621339
21.517242 -3.7931035 -15.044152561736205
21.517242 -3.9655173 -14.885317914245656
21.517242 -4.1379309 -14.722278835907638
21.517242 -4.3103447 -14.55628363180409
21.517242 -4.4827585 -14.38823925821805
21.517242 -4.6551723 -14.218788099298116
21.517242 -4.8275862 -14.048377516936803
21.517242 -5.0 -13.87731583390767

21.862068 0.0 -16.171636459346576
21.862068 -0.1724138 -16.14144328999911
21.862068 -0.34482759 -16.119612827547368
21.862068 -0.51724136 -16.103866943695692
21.862068 -0.68965518 -16.092344562930148
21.862068 -0.86206895 -16.083549743845456
21.862068 -1.0344827 -16.07625834029177
21.862068 -1.2068965 -16.069407804665232
21.862068 -1.3793104 -16.06198112191299
21.862068 -1.5517242 -16.052888654029147
21.862068 -1.7241379 -16.04085041489703
21.862068 -1.8965517 -16.024287253482832
21.862068 -2.0689654 -16.00124351276037
21.862068 -2.2413793 -15.969383947434991
21.862068 -2.4137931 -15.92612448794838
21.862068 -2.5862069 -15.868942055423533
21.862068 -2.7586207 -15.795838746678461
21.862068 -2.9310346 -15.705817644188494
21.862068 -3.1034484 -15.599153146257645
21.862068 -3.275862 -15.477307811579527
21.862068 -3.4482758 -15.342541059745832
21.862068 -3.6206896 -15.197409454440177
21.862068 -3.7931035 -15.044352777772605
21.862068 -3.9655173 -14.885456581221653
21.862068 -4.1379309 -14.722373998798304
21.862068 -4.3103447 -14.556348518865455
21.862068 -4.4827585 -14.38828330376875
21.862068 -4.6551723 -14.218817905620357
21.862068 -4.8275862 -14.04839764499734
21.862068 -5.0 -13.877329406904519

22.206898 0.0 -16.270165911159054
22.206898 -0.1724138 -16.215356709667642
22.206898 -0.34482759 -16.174191069614874
22.206898 -0.51724136 -16.143852930777637
22.206898 -0.68965518 -16.12162975596559
22.206898 -0.86206895 -16.105155582619517
22.206898 -1.0344827 -16.092440327466008
22.206898 -1.2068965 -16.081799056431386
22.206898 -1.3793104 -16.071734613976954
22.206898 -1.5517242 -16.060799505013854
22.206898 -1.7241379 -16.047452634082457
22.206898 -1.8965517 -16.02992649504653
22.206898 -2.0689654 -16.006130658161762
22.206898 -2.2413793 -15.973635465153311
22.206898 -2.4137931 -15.929795249807126
22.206898 -2.5862069 -15.872054445347779
22.206898 -2.7586207 -15.798408453870694
22.206898 -2.9310346 -15.707872851209828
22.206898 -3.1034484 -15.600742997010094
22.206898 -3.275862 -15.478499570089038
22.206898 -3.4482758 -15.343410313293528
22.206898 -3.6206896 -15.198029556110454
22.206898 -3.7931035 -15.044787639400333
22.206898 -3.9655173 -14.885757701219253
22.206898 -4.1379309 -14.722580619211403
22.206898 -4.3103447 -14.556489389705321
22.206898 -4.4827585 -14.388378920882905
22.206898 -4.6551723 -14.21888260823765
22.206898 -4.8275862 -14.0484413369733
22.206898 -5.0 -13.877358869175346

22.551723 0.0 -16.432914698846183
22.551723 -0.1724138 -16.345373134195153
22.551723 -0.34482759 -16.27520379048909
22.551723 -0.51724136 -16.220789022492497
22.551723 -0.68965518 -16.17968377339611
22.551723 -0.86206895 -16.148982780004395
22.551723 -1.0344827 -16.125843653982685
22.551723 -1.2068965 -16.1077110421229
22.551723 -1.3793104 -16.09232252592699
22.551723 -1.5517242 -16.07760795790621
22.551723 -1.7241379 -16.061542898595356
22.551723 -1.8965517 -16.041995474166544
22.551723 -2.0689654 -16.016606478007713
22.551723 -2.2413793 -15.982754381607213
22.551723 -2.4137931 -15.937667483678478
22.551723 -2.5862069 -15.878724581819355
22.551723 -2.7586207 -15.803909681793199
22.551723 -2.9310346 -15.712267099082629
22.551723 -3.1034484 -15.604137925589697
22.551723 -3.275862 -15.48104145888605
22.551723 -3.4482758 -15.345262518441823
22.551723 -3.6206896 -15.19934984526826
22.551723 -3.7931035 -15.045712984013962
22.551723 -3.9655173 -14.886398183537992
22.551723 -4.1379309 -14.723019967946474
22.551723 -4.3103447 -14.55678886809532
22.551723 -4.4827585 -14.388582164397208
22.551723 -4.6551723 -14.219020126248607
22.551723 -4.8275862 -14.048534192966072
22.551723 -5.0 -13.877421480729948

22.896551 0.0 -16.675854967867885
22.896551 -0.1724138 -16.546141478004397
22.896551 -0.34482759 -16.440742062375712
22.896551 -0.51724136 -16.354777270818097
22.896551 -0.68965518 -16.285913778322133
22.896551 -0.86206895 -16.232234756411344
22.896551 -1.0344827 -16.191100922569483
22.896551 -1.2068965 -16.159408306375145
22.896551 -1.3793104 -16.134037737986308
22.896551 -1.5517242 -16.1120426116131
22.896551 -1.7241379 -16.09062599113755
22.896551 -1.8965517 -16.067024063552044
22.896551 -2.0689654 -16.03838562328209
22.896551 -2.2413793 -16.001726587148696
22.896551 -2.4137931 -15.954035085715727
22.896551 -2.5862069 -15.892568891670065
22.896551 -2.7586207 -15.81530005363168
22.896551 -2.9310346 -15.721340279840486
22.896551 -3.1034484 -15.611128418816772
22.896551 -3.275862 -15.486262457103496
22.896551 -3.4482758 -15.349059027485573
22.896551 -3.6206896 -15.202051660142565
22.896551 -3.7931035 -15.047604271321358
22.896551 -3.9655173 -14.887706082525536
22.896551 -4.1379309 -14.723916574538602
22.896551 -4.3103447 -14.557399763067556
22.896551 -4.4827585 -14.388996627374803
22.896551 -4.6551723 -14.219300500642127
22.896551 -4.8275862 -14.048723482804062
22.896551 -5.0 -13.877549104110198

23.241379 0.0 -17.025047640731326
23.241379 -0.1724138 -16.84344281523472
23.241379 -0.34482759 -16.686885669831888
23.241379 -0.51724136 -16.559645981171585
23.241379 -0.68965518 -16.457106512964025
23.241379 -0.86206895 -16.37411945187064
23.241379 -1.0344827 -16.307588972437532
23.241379 -1.2068965 -16.254935783976904
23.241379 -1.3793104 -16.21305945652143
23.241379 -1.5517242 -16.17841829912084
23.241379 -1.7241379 -16.147342491805148
23.241379 -1.8965517 -16.116178921737195
23.241379 -2.0689654 -16.081300841549066
23.241379 -2.2413793 -16.03912003240701
23.241379 -2.4137931 -15.986222538330642
23.241379 -2.5862069 -15.919681559419812
23.241379 -2.7586207 -15.837487502066613
23.241379 -2.9310346 -15.738910684504386
23.241379 -3.1034484 -15.624588720237199
23.241379 -3.275862 -15.496264880142787
23.241379 -3.4482758 -15.356302144841711
23.241379 -3.6206896 -15.207189560270258
23.241379 -3.7931035 -15.051192120219326
23.241379 -3.9655173 -14.890182870258318
23.241379 -4.1379309 -14.725612386035516
23.241379 -4.3103447 -14.558554191653048
23.241379 -4.4827585 -14.389779386298159
23.241379 -4.6551723 -14.219829803460597
23.241379 -4.8275862 -14.049080733636837
23.241379 -5.0 -13.877789925457938

23.586206 0.0 -17.425672778325396
23.586206 -0.1724138 -17.224183686604878
23.586206 -0.34482759 -17.0360994275725
23.586206 -0.51724136 -16.860888534682367
23.586206 -0.68965518 -16.709646253335627
23.586206 -0.86206895 -16.586989892464235
23.586206 -1.0344827 -16.489147564885
23.586206 -1.2068965 -16.41057972112593
23.586206 -1.3793104 -16.346841246525678
23.586206 -1.5517242 -16.29401334119921
23.586206 -1.7241379 -16.247974209651876
23.586206 -1.8965517 -16.20432078373327
23.586206 -2.0689654 -16.15855979133839
23.586206 -2.2413793 -16.106340395132758
23.586206 -2.4137931 -16.04374926887934
23.586206 -2.5862069 -15.967703706566901
23.586206 -2.7586207 -15.876359797559042
23.586206 -2.9310346 -15.769343871138819
23.586206 -3.1034484 -15.647652741289948
23.586206 -3.275862 -15.513244334127966
23.586206 -3.4482758 -15.3685047437276
23.586206 -3.6206896 -15.21579515509255
23.586206 -3.7931035 -15.057175651979975
23.586206 -3.9655173 -14.894300692451987
23.586206 -4.1379309 -14.728425647275483
23.586206 -4.3103447 -14.560466434813193
23.586206 -4.4827585 -14.391074635200185
23.586206 -4.6551723 -14.22070503285515
23.586206 -4.8275862 -14.049671182319447
23.586206 -5.0 -13.878187815063429

23.931034 0.0 -17.875343424782685
23.931034 -0.1724138 -17.645603137645868
23.931034 -0.34482759 -17.427198077273307
23.931034 -0.51724136 -17.233544847892503
23.931034 -0.68965518 -17.056596226465842
23.931034 -0.86206895 -16.893738645972775
23.931034 -1.0344827 -16.75244291446102
23.931034 -1.2068965 -16.636744816813646
23.931034 -1.3793104 -16.543691407392302
23.931034 -1.5517242 -16.467311655143575
23.931034 -1.7241379 -16.401395378642686
23.931034 -1.8965517 -16.340069183493068
23.931034 -2.0689654 -16.277779958825437
23.931034 -2.2413793 -16.209458022895795
23.931034 -2.4137931 -16.130902391145536
23.931034 -2.5862069 -16.03922516079712
23.931034 -2.7586207 -15.933144249854871
23.931034 -2.9310346 -15.812948863301735
23.931034 -3.1034484 -15.68012417327566
23.931034 -3.275862 -15.536799517813789
23.931034 -3.4482758 -15.385236898089186
23.931034 -3.6206896 -15.22749172490232
23.931034 -3.7931035 -15.065256333753343
23.931034 -3.9655173 -14.899836428169994
23.931034 -4.1379309 -14.732195567473385
23.931034 -4.3103447 -14.56302330460009
23.931034 -4.4827585 -14.392803909604465
23.931034 -4.6551723 -14.221872344807316
23.931034 -4.8275862 -14.050458128625277
23.931034 -5.0 -13.878717870507337

24.275862 0.0 -18.26672451942936
24.275862 -0.1724138 -18.05205084491676
24.275862 -0.34482759 -17.84430898625476
24.275862 -0.51724136 -17.630168932099725
24.275862 -0.68965518 -17.425664031253554
24.275862 -0.86206895 -17.245166807970037
24.275862 -1.0344827 -17.085327229010876
24.275862 -1.2068965 -16.941396120747967
24.275862 -1.3793104 -16.814344315947736
24.275862 -1.5517242 -16.704616229730814
24.275862 -1.7241379 -16.608630360145533
24.275862 -1.8965517 -16.520160292623476
24.275862 -2.0689654 -16.4324753283106
24.275862 -2.2413793 -16.33971697243793
24.275862 -2.4137931 -16.237654195720165
24.275862 -2.5862069 -16.12400201663054
24.275862 -2.7586207 -15.998320354775121
24.275862 -2.9310346 -15.861557850769774
24.275862 -3.1034484 -15.715439577571965
24.275862 -3.275862 -15.56191878632378
24.275862 -3.4482758 -15.402815146980554
24.275862 -3.6206896 -15.239645598792716
24.275862 -3.7931035 -15.073587323380103
24.275862 -3.9655173 -14.905512317949164
24.275862 -4.1379309 -14.736046240760125
24.275862 -4.3103447 -14.565628131482432
24.275862 -4.4827585 -14.394562486205004
24.275862 -4.6551723 -14.223058004216238
24.275862 -4.8275862 -14.051256791351022
24.275862 -5.0 -13.87925552112549

24.620689 0.0 -18.59544729307022
24.620689 -0.1724138 -18.382599528216744
24.620689 -0.34482759 -18.168072955152425
24.620689 -0.51724136 -17.967946048377716
24.620689 -0.68965518 -17.777670876446493
24.620689 -0.86206895 -17.587256050336972
24.620689 -1.0344827 -17.404190847016466
24.620689 -1.2068965 -17.239515377784127
24.620689 -1.3793104 -17.093853860582154
24.620689 -1.5517242 -16.962045626642688
24.620689 -1.7241379 -16.838911166199505
24.620689 -1.8965517 -16.719797237561245
24.620689 -2.0689654 -16.60013971142873
24.620689 -2.2413793 -16.47600069936683
24.620689 -2.4137931 -16.34480966268142
24.620689 -2.5862069 -16.205592532333853
24.620689 -2.7586207 -16.058668068215134
24.620689 -2.9310346 -15.905110904329787
24.620689 -3.1034484 -15.746261643356139
24.620689 -3.275862 -15.583407828688824
24.620689 -3.4482758 -15.417633623470168
24.620689 -3.6206896 -15.249784186813972
24.620689 -3.7931035 -15.080485839518147
24.620689 -3.9655173 -14.910188322614738
24.620689 -4.1379309 -14.739207471589676
24.620689 -4.3103447 -14.567761478467393
24.620689 -4.4827585 -14.396000424813819
24.620689 -4.6551723 -14.22402642259624
24.620689 -4.8275862 -14.051908637533202
24.620689 -5.0 -13.879694117651928

24.965517 0.0 -18.769962525804626
24.965517 -0.1724138 -18.57914188091026
24.965517 -0.34482759 -18.390269668455726
24.965517 -0.51724136 -18.197737309480754
24.965517 -0.68965518 -18.00434453775744
24.965517 -0.86206895 -17.820019716693263
24.965517 -1.0344827 -17.645960860191988
24.965517 -1.2068965 -17.477278060931933
24.965517 -1.3793104 -17.313553526642636
24.965517 -1.5517242 -17.157124535910647
24.965517 -1.7241379 -17.00756523321264
24.965517 -1.8965517 -16.861604884228584
24.965517 -2.0689654 -16.715508676199022
24.965517 -2.2413793 -16.566595128496502
24.965517 -2.4137931 -16.41357072335225
24.965517 -2.5862069 -16.25624501308075
24.965517 -2.7586207 -16.095077092430827
24.965517 -2.9310346 -15.930787508138037
24.965517 -3.1034484 -15.764113697297354
24.965517 -3.275862 -15.595692637846081
24.965517 -3.4482758 -15.426025998175685
24.965517 -3.6206896 -15.25548842904867
24.965517 -3.7931035 -15.084349450418967
24.965517 -3.9655173 -14.912798990938011
24.965517 -4.1379309 -14.740968656941458
24.965517 -4.3103447 -14.568948286711557
24.965517 -4.4827585 -14.396799583916618
24.965517 -4.6551723 -14.22456428127089
24.965517 -4.8275862 -14.052270510592816
24.965517 -5.0 -13.879937531682396

25.310345 0.0 -18.842401725105045
25.310345 -0.1724138 -18.66491318667193
25.310345 -0.34482759 -18.484824615223072
25.310345 -0.51724136 -18.304456467892937
25.310345 -0.68965518 -18.125944403186374
25.310345 -0.86206895 -17.947545783150893
25.310345 -1.0344827 -17.769642756121318
25.310345 -1.2068965 -17.595822889324516
25.310345 -1.3793104 -17.427599104312186
25.310345 -1.5517242 -17.263392519487002
25.310345 -1.7241379 -17.101082069461064
25.310345 -1.8965517 -16.939190859980556
25.310345 -2.0689654 -16.776703363086494
25.310345 -2.2413793 -16.612930779017642
25.310345 -2.4137931 -16.447548157258055
25.310345 -2.5862069 -16.280555533380237
25.310345 -2.7586207 -16.1121550333787
25.310345 -2.9310346 -15.942625669888784
25.310345 -3.1034484 -15.772242160824916
25.310345 -3.275862 -15.601236906592575
25.310345 -3.4482758 -15.429790276943498
25.310345 -3.6206896 -15.258036134929702
25.310345 -3.7931035 -15.086070063355624
25.310345 -3.9655173 -14.913959327017896
25.310345 -4.1379309 -14.741750385770972
25.310345 -4.3103447 -14.569474593505335
25.310345 -4.4827585 -14.397153766155105
25.310345 -4.6551723 -14.224802558859402
25.310345 -4.8275862 -14.052430780160943
25.310345 -5.0 -13.880045316978613

25.655172 0.0 -18.867940699130916
25.655172 -0.1724138 -18.693023805352716
25.655172 -0.34482759 -18.518656558097685
25.655172 -0.51724136 -18.344458422395984
25.655172 -0.68965518 -18.169520227718362
25.655172 -0.86206895 -17.99465627447171
25.655172 -1.0344827 -17.82106216174826
25.655172 -1.2068965 -17.648601785928406
25.655172 -1.3793104 -17.47694913332623
25.655172 -1.5517242 -17.30633139302433
25.655172 -1.7241379 -17.136792335104197
25.655172 -1.8965517 -16.967873590800185
25.655172 -2.0689654 -16.79897123823784
25.655172 -2.2413793 -16.62965971321328
25.655172 -2.4137931 -16.4597593813873
25.655172 -2.5862069 -16.289265195015204
25.655172 -2.7586207 -16.118259309272783
25.655172 -2.9310346 -15.946849732557402
25.655172 -3.1034484 -15.775138856804778
25.655172 -3.275862 -15.603210888221131
25.655172 -3.4482758 -15.4311296516035
25.655172 -3.6206896 -15.258942235110256
25.655172 -3.7931035 -15.086681817897658
25.655172 -3.9655173 -14.914371792019113
25.655172 -4.1379309 -14.742028227723374
25.655172 -4.3103447 -14.56966163542802
25.655172 -4.4827585 -14.397279629301908
25.655172 -4.6551723 -14.224887230115199
25.655172 -4.8275862 -14.052487729812146
25.655172 -5.0 -13.880083616284338

26.0 0.0 -18.87639520546889
26.0 -0.1724138 -18.703298706815605
26.0 -0.34482759 -18.53004459551371
26.0 -0.51724136 -18.356679370447047
26.0 -0.68965518 -18.18360216195813
26.0 -0.86206895 -18.01081287766357
26.0 -1.0344827 -17.838023402439337
26.0 -1.2068965 -17.66536153807974
26.0 -1.3793104 -17.49316385317583
26.0 -1.5517242 -17.321472434526953
26.0 -1.7241379 -17.150086013870336
26.0 -1.8965517 -16.97879359316113
26.0 -2.0689654 -16.807449496243095
26.0 -2.2413793 -16.63596661005096
26.0 -2.4137931 -16.46430821216261
26.0 -2.5862069 -16.29247509482972
26.0 -2.7586207 -16.120490084714906
26.0 -2.9310346 -15.948383769630148
26.0 -3.1034484 -15.776186150160136
26.0 -3.275862 -15.603922351503492
26.0 -3.4482758 -15.431611351277041
26.0 -3.6206896 -15.259267630355177
26.0 -3.7931035 -15.086901289122682
26.0 -3.9655173 -14.914519666464749
26.0 -4.1379309 -14.74212779232558
26.0 -4.3103447 -14.569728641157443
26.0 -4.4827585 -14.397324709017433
26.0 -4.6551723 -14.224917552106072
26.0 -4.8275862 -14.052508122375238
26.0 -5.0 -13.880097329650946
