# KROME file, XRAY H rate
# Distance = 8 kpc
# Xray rate including primary H ionization in 1/s
# first line indicates the size of the table (30x30)
# then first column is the parameter log10(nH), where nH is the H column density in cm-2
# second column is log10(xHe), where xHe = nHe/nH both in cm-2
# third column is log10(rate), where rate is in units of 1/s
30, 30
16.0 0.0 -18.31901731001069
16.0 -0.1724138 -18.460175872018585
16.0 -0.34482759 -18.58990371623696
16.0 -0.51724136 -18.705704444229045
16.0 -0.68965518 -18.80558148471841
16.0 -0.86206895 -18.888520028675327
16.0 -1.0344827 -18.954768336977377
16.0 -1.2068965 -19.005766666989526
16.0 -1.3793104 -19.04376382295425
16.0 -1.5517242 -19.071317402524517
16.0 -1.7241379 -19.090876853938102
16.0 -1.8965517 -19.104540720932313
16.0 -2.0689654 -19.11397520529333
16.0 -2.2413793 -19.12043556705279
16.0 -2.4137931 -19.124833758783268
16.0 -2.5862069 -19.12781606069594
16.0 -2.7586207 -19.12983274427903
16.0 -2.9310346 -19.1311939172254
16.0 -3.1034484 -19.132111486096456
16.0 -3.275862 -19.132729491528515
16.0 -3.4482758 -19.133145494206993
16.0 -3.6206896 -19.133425411865172
16.0 -3.7931035 -19.133613712079516
16.0 -3.9655173 -19.13374035886892
16.0 -4.1379309 -19.133825528719107
16.0 -4.3103447 -19.133882800925587
16.0 -4.4827585 -19.13392131132355
16.0 -4.6551723 -19.13394720516049
16.0 -4.8275862 -19.133964615388788
16.0 -5.0 -19.133976321291733

16.344828 0.0 -18.31901731643969
16.344828 -0.1724138 -18.460175878095058
16.344828 -0.34482759 -18.58990372187118
16.344828 -0.51724136 -18.705704449339922
16.344828 -0.68965518 -18.80558148925112
16.344828 -0.86206895 -18.888520032615865
16.344828 -1.0344827 -18.954768340356576
16.344828 -1.2068965 -19.00576666987435
16.344828 -1.3793104 -19.043763825431096
16.344828 -1.5517242 -19.07131740468237
16.344828 -1.7241379 -19.090876855856916
16.344828 -1.8965517 -19.10454072267763
16.344828 -2.0689654 -19.11397520691563
16.344828 -2.2413793 -19.1204355685893
16.344828 -2.4137931 -19.124833760260636
16.344828 -2.5862069 -19.127816062132865
16.344828 -2.7586207 -19.129832745688446
16.344828 -2.9310346 -19.131193918616173
16.344828 -3.1034484 -19.132111487474635
16.344828 -3.275862 -19.132729492898196
16.344828 -3.4482758 -19.133145495570943
16.344828 -3.6206896 -19.133425413225265
16.344828 -3.7931035 -19.133613713437015
16.344828 -3.9655173 -19.13374036022467
16.344828 -4.1379309 -19.133825530073683
16.344828 -4.3103447 -19.13388280227937
16.344828 -4.4827585 -19.1339213126768
16.344828 -4.6551723 -19.133947206513383
16.344828 -4.8275862 -19.133964616741444
16.344828 -5.0 -19.133976322644227

16.689655 0.0 -18.319017330661985
16.689655 -0.1724138 -18.460175891537478
16.689655 -0.34482759 -18.58990373433525
16.689655 -0.51724136 -18.70570446064625
16.689655 -0.68965518 -18.805581499278436
16.689655 -0.86206895 -18.88852004133316
16.689655 -1.0344827 -18.954768347832076
16.689655 -1.2068965 -19.005766676256183
16.689655 -1.3793104 -19.043763830910393
16.689655 -1.5517242 -19.071317409456
16.689655 -1.7241379 -19.09087686010173
16.689655 -1.8965517 -19.10454072653864
16.689655 -2.0689654 -19.1139752105045
16.689655 -2.2413793 -19.120435571988377
16.689655 -2.4137931 -19.124833763528876
16.689655 -2.5862069 -19.127816065311634
16.689655 -2.7586207 -19.129832748806365
16.689655 -2.9310346 -19.13119392169286
16.689655 -3.1034484 -19.132111490523453
16.689655 -3.275862 -19.13272949592821
16.689655 -3.4482758 -19.133145498588284
16.689655 -3.6206896 -19.133425416234076
16.689655 -3.7931035 -19.13361371644008
16.689655 -3.9655173 -19.133740363223872
16.689655 -4.1379309 -19.133825533070286
16.689655 -4.3103447 -19.133882805274226
16.689655 -4.4827585 -19.13392131567048
16.689655 -4.6551723 -19.13394720950627
16.689655 -4.8275862 -19.1339646197338
16.689655 -5.0 -19.133976325636226

17.034483 0.0 -18.319017362124846
17.034483 -0.1724138 -18.4601759212751
17.034483 -0.34482759 -18.589903761908534
17.034483 -0.51724136 -18.705704485658355
17.034483 -0.68965518 -18.80558152146108
17.034483 -0.86206895 -18.888520060617754
17.034483 -1.0344827 -18.95476836436954
17.034483 -1.2068965 -19.005766690374223
17.034483 -1.3793104 -19.04376384303182
17.034483 -1.5517242 -19.071317420016324
17.034483 -1.7241379 -19.090876869492206
17.034483 -1.8965517 -19.104540735080054
17.034483 -2.0689654 -19.113975218443873
17.034483 -2.2413793 -19.12043557950789
17.034483 -2.4137931 -19.124833770758958
17.034483 -2.5862069 -19.12781607234378
17.034483 -2.7586207 -19.129832755703895
17.034483 -2.9310346 -19.131193928499176
17.034483 -3.1034484 -19.132111497268117
17.034483 -3.275862 -19.13272950263128
17.034483 -3.4482758 -19.13314550526332
17.034483 -3.6206896 -19.133425422890234
17.034483 -3.7931035 -19.13361372308353
17.034483 -3.9655173 -19.133740369858774
17.034483 -4.1379309 -19.13382553969944
17.034483 -4.3103447 -19.13388281189951
17.034483 -4.4827585 -19.133921322293165
17.034483 -4.6551723 -19.133947216127208
17.034483 -4.8275862 -19.13396462635356
17.034483 -5.0 -19.133976332255195

17.379311 0.0 -18.319017431727485
17.379311 -0.1724138 -18.460175987061152
17.379311 -0.34482759 -18.58990382290663
17.379311 -0.51724136 -18.705704540990585
17.379311 -0.68965518 -18.80558157053392
17.379311 -0.86206895 -18.88852010327948
17.379311 -1.0344827 -18.954768400954016
17.379311 -1.2068965 -19.005766721606406
17.379311 -1.3793104 -19.043763869847055
17.379311 -1.5517242 -19.071317443378067
17.379311 -1.7241379 -19.09087689026599
17.379311 -1.8965517 -19.104540753975524
17.379311 -2.0689654 -19.1139752360075
17.379311 -2.2413793 -19.120435596142695
17.379311 -2.4137931 -19.12483378675347
17.379311 -2.5862069 -19.127816087900428
17.379311 -2.7586207 -19.129832770962736
17.379311 -2.9310346 -19.131193943556227
17.379311 -3.1034484 -19.13211151218879
17.379311 -3.275862 -19.132729517459932
17.379311 -3.4482758 -19.133145520029956
17.379311 -3.6206896 -19.133425437615106
17.379311 -3.7931035 -19.133613737780298
17.379311 -3.9655173 -19.13374038453663
17.379311 -4.1379309 -19.13382555436457
17.379311 -4.3103447 -19.133882826556086
17.379311 -4.4827585 -19.133921336943988
17.379311 -4.6551723 -19.13394723077416
17.379311 -4.8275862 -19.13396464099791
17.379311 -5.0 -19.133976346897796

17.724138 0.0 -18.319017585702657
17.724138 -0.1724138 -18.460176132593407
17.724138 -0.34482759 -18.589903957847024
17.724138 -0.51724136 -18.705704663396947
17.724138 -0.68965518 -18.805581679093258
17.724138 -0.86206895 -18.888520197656106
17.724138 -1.0344827 -18.954768481886514
17.724138 -1.2068965 -19.005766790698512
17.724138 -1.3793104 -19.04376392916796
17.724138 -1.5517242 -19.07131749505912
17.724138 -1.7241379 -19.09087693622193
17.724138 -1.8965517 -19.104540795776252
17.724138 -2.0689654 -19.113975274861925
17.724138 -2.2413793 -19.120435632942364
17.724138 -2.4137931 -19.12483382213668
17.724138 -2.5862069 -19.127816122314975
17.724138 -2.7586207 -19.129832804718482
17.724138 -2.9310346 -19.13119397686558
17.724138 -3.1034484 -19.13211154519643
17.724138 -3.275862 -19.132729550264006
17.724138 -3.4482758 -19.133145552696842
17.724138 -3.6206896 -19.133425470189604
17.724138 -3.7931035 -19.133613770292612
17.724138 -3.9655173 -19.133740417007107
17.724138 -4.1379309 -19.133825586806907
17.724138 -4.3103447 -19.133882858979497
17.724138 -4.4827585 -19.133921369354667
17.724138 -4.6551723 -19.13394726317628
17.724138 -4.8275862 -19.133964673394278
17.724138 -5.0 -19.133976379290292

18.068966 0.0 -18.31901792632799
18.068966 -0.1724138 -18.46017645454189
18.068966 -0.34482759 -18.58990425636444
18.068966 -0.51724136 -18.705704934186617
18.068966 -0.68965518 -18.805581919250407
18.068966 -0.86206895 -18.888520406438065
18.068966 -1.0344827 -18.954768660927122
18.068966 -1.2068965 -19.00576694354558
18.068966 -1.3793104 -19.04376406039897
18.068966 -1.5517242 -19.071317609389098
18.068966 -1.7241379 -19.0908770378867
18.068966 -1.8965517 -19.104540888248753
18.068966 -2.0689654 -19.11397536081654
18.068966 -2.2413793 -19.12043571435141
18.068966 -2.4137931 -19.124833900412206
18.068966 -2.5862069 -19.12781619844761
18.068966 -2.7586207 -19.1298328793937
18.068966 -2.9310346 -19.13119405055327
18.068966 -3.1034484 -19.13211161821668
18.068966 -3.275862 -19.13272962283392
18.068966 -3.4482758 -19.13314562496326
18.068966 -3.6206896 -19.13342554225164
18.068966 -3.7931035 -19.133613842217088
18.068966 -3.9655173 -19.133740488839027
18.068966 -4.1379309 -19.133825658576573
18.068966 -4.3103447 -19.133882930707287
18.068966 -4.4827585 -19.1339214410543
18.068966 -4.6551723 -19.133947334856984
18.068966 -4.8275862 -19.133964745062247
18.068966 -5.0 -19.1339764509497

18.413794 0.0 -18.31901867985571
18.413794 -0.1724138 -18.460177166756083
18.413794 -0.34482759 -18.58990491674642
18.413794 -0.51724136 -18.705705533230283
18.413794 -0.68965518 -18.805582450529187
18.413794 -0.86206895 -18.888520868308603
18.413794 -1.0344827 -18.95476905700362
18.413794 -1.2068965 -19.005767281676416
18.413794 -1.3793104 -19.043764350710465
18.413794 -1.5517242 -19.07131786231186
18.413794 -1.7241379 -19.09087726279128
18.413794 -1.8965517 -19.104541092818064
18.413794 -2.0689654 -19.113975550966874
18.413794 -2.2413793 -19.120435894445958
18.413794 -2.4137931 -19.12483407357472
18.413794 -2.5862069 -19.127816366869595
18.413794 -2.7586207 -19.12983304459155
18.413794 -2.9310346 -19.131194213566495
18.413794 -3.1034484 -19.13211177975338
18.413794 -3.275862 -19.132729783374383
18.413794 -3.4482758 -19.13314578483232
18.413794 -3.6206896 -19.133425701668568
18.413794 -3.7931035 -19.133614001329704
18.413794 -3.9655173 -19.133740647746897
18.413794 -4.1379309 -19.13382581734671
18.413794 -4.3103447 -19.1338830893848
18.413794 -4.4827585 -19.13392159966952
18.413794 -4.6551723 -19.133947493430313
18.413794 -4.8275862 -19.133964903607414
18.413794 -5.0 -19.13397660947593

18.758621 0.0 -18.31902034676806
18.758621 -0.1724138 -18.46017874229263
18.758621 -0.34482759 -18.589906377631124
18.758621 -0.51724136 -18.705706858429277
18.758621 -0.68965518 -18.805583625822617
18.758621 -0.86206895 -18.88852189005917
18.758621 -1.0344827 -18.954769933205537
18.758621 -1.2068965 -19.00576802969126
18.758621 -1.3793104 -19.04376499293939
18.758621 -1.5517242 -19.071318421829368
18.758621 -1.7241379 -19.09087776032685
18.758621 -1.8965517 -19.10454154536785
18.758621 -2.0689654 -19.113975971618924
18.758621 -2.2413793 -19.12043629285254
18.758621 -2.4137931 -19.124834456646216
18.758621 -2.5862069 -19.12781673945405
18.758621 -2.7586207 -19.12983341004357
18.758621 -2.9310346 -19.131194574185674
18.758621 -3.1034484 -19.132112137106176
18.758621 -3.275862 -19.1327301385233
18.758621 -3.4482758 -19.13314613849595
18.758621 -3.6206896 -19.133426054331988
18.758621 -3.7931035 -19.13361435331992
18.758621 -3.9655173 -19.133740999284164
18.758621 -4.1379309 -19.1338261685793
18.758621 -4.3103447 -19.133883440412472
18.758621 -4.4827585 -19.133921950559394
18.758621 -4.6551723 -19.133947844227524
18.758621 -4.8275862 -19.133965254342318
18.758621 -5.0 -19.13397696016894

19.103449 0.0 -18.319024034111806
19.103449 -0.1724138 -18.460182227582546
19.103449 -0.34482759 -18.58990960934361
19.103449 -0.51724136 -18.705709790011266
19.103449 -0.68965518 -18.805586225802386
19.103449 -0.86206895 -18.88852415038103
19.103449 -1.0344827 -18.954771871548832
19.103449 -1.2068965 -19.00576968446037
19.103449 -1.3793104 -19.043766413688807
19.103449 -1.5517242 -19.07131965960399
19.103449 -1.7241379 -19.090878860984375
19.103449 -1.8965517 -19.104542546507233
19.103449 -2.0689654 -19.11397690219367
19.103449 -2.2413793 -19.12043717421551
19.103449 -2.4137931 -19.124835304084677
19.103449 -2.5862069 -19.12781756369291
19.103449 -2.7586207 -19.129834218503927
19.103449 -2.9310346 -19.131195371954743
19.103449 -3.1034484 -19.1321129276493
19.103449 -3.275862 -19.132730924190955
19.103449 -3.4482758 -19.133146920877834
19.103449 -3.6206896 -19.133426834501194
19.103449 -3.7931035 -19.133615131999854
19.103449 -3.9655173 -19.133741776962083
19.103449 -4.1379309 -19.133826945583202
19.103449 -4.3103447 -19.133884216963057
19.103449 -4.4827585 -19.133922726805128
19.103449 -4.6551723 -19.133948620268267
19.103449 -4.8275862 -19.133966030245222
19.103449 -5.0 -19.13397773597917

19.448277 0.0 -18.31903219015965
19.448277 -0.1724138 -18.460189937082532
19.448277 -0.34482759 -18.58991675815862
19.448277 -0.51724136 -18.70571627505067
19.448277 -0.68965518 -18.80559197737413
19.448277 -0.86206895 -18.88852915061935
19.448277 -1.0344827 -18.95477615953672
19.448277 -1.2068965 -19.005773345140554
19.448277 -1.3793104 -19.043769556677567
19.448277 -1.5517242 -19.07132239781883
19.448277 -1.7241379 -19.090881295869824
19.448277 -1.8965517 -19.10454476123892
19.448277 -2.0689654 -19.113978960822237
19.448277 -2.2413793 -19.120439123977683
19.448277 -2.4137931 -19.124837178798906
19.448277 -2.5862069 -19.127819387084884
19.448277 -2.7586207 -19.129836006990615
19.448277 -2.9310346 -19.131197136790103
19.448277 -3.1034484 -19.132114676499377
19.448277 -3.275862 -19.1327326622555
19.448277 -3.4482758 -19.133148651673583
19.448277 -3.6206896 -19.13342856040203
19.448277 -3.7931035 -19.133616854606117
19.448277 -3.9655173 -19.13374349735168
19.448277 -4.1379309 -19.13382866448173
19.448277 -4.3103447 -19.133885934858753
19.448277 -4.4827585 -19.13392444402644
19.448277 -4.6551723 -19.133950337036097
19.448277 -4.8275862 -19.13396774670813
19.448277 -5.0 -19.13397945223705

19.793104 0.0 -18.31905022735897
19.793104 -0.1724138 -18.460206988573564
19.793104 -0.34482759 -18.589932570685047
19.793104 -0.51724136 -18.705730620040555
19.793104 -0.68965518 -18.805604700312923
19.793104 -0.86206895 -18.888540211764912
19.793104 -1.0344827 -18.95478564521391
19.793104 -1.2068965 -19.005781443181398
19.793104 -1.3793104 -19.04377650953178
19.793104 -1.5517242 -19.07132845525923
19.793104 -1.7241379 -19.090886682299725
19.793104 -1.8965517 -19.104549660652943
19.793104 -2.0689654 -19.11398351490972
19.793104 -2.2413793 -19.12044343723377
19.793104 -2.4137931 -19.1248413260357
19.793104 -2.5862069 -19.127823420787674
19.793104 -2.7586207 -19.129839963476652
19.793104 -2.9310346 -19.131201040955126
19.793104 -3.1034484 -19.132118545302063
19.793104 -3.275862 -19.132736507198626
19.793104 -3.4482758 -19.133152480536808
19.793104 -3.6206896 -19.133432378436826
19.793104 -3.7931035 -19.133620665352712
19.793104 -3.9655173 -19.133747303194607
19.793104 -4.1379309 -19.13383246702614
19.793104 -4.3103447 -19.133889735184724
19.793104 -4.4827585 -19.13392824286054
19.793104 -4.6551723 -19.133954134867015
19.793104 -4.8275862 -19.133971543864504
19.793104 -5.0 -19.133983248939877

20.137932 0.0 -18.319090101862173
20.137932 -0.1724138 -18.46024469297549
20.137932 -0.34482759 -18.589967541008384
20.137932 -0.51724136 -18.70576234812111
20.137932 -0.68965518 -18.80563284266184
20.137932 -0.86206895 -18.888564679390793
20.137932 -1.0344827 -18.954806628426553
20.137932 -1.2068965 -19.00579935712031
20.137932 -1.3793104 -19.043791890332347
20.137932 -1.5517242 -19.071341855355563
20.137932 -1.7241379 -19.090898598057255
20.137932 -1.8965517 -19.104560499073248
20.137932 -2.0689654 -19.113993589421217
20.137932 -2.2413793 -19.120452978991434
20.137932 -2.4137931 -19.124850500533636
20.137932 -2.5862069 -19.127832344130816
20.137932 -2.7586207 -19.129848716004144
20.137932 -2.9310346 -19.131209677740202
20.137932 -3.1034484 -19.13212710385997
20.137932 -3.275862 -19.132745012975324
20.137932 -3.4482758 -19.133160950742162
20.137932 -3.6206896 -19.13344082468793
20.137932 -3.7931035 -19.133629095481137
20.137932 -3.9655173 -19.13375572247532
20.137932 -4.1379309 -19.133840879009995
20.137932 -4.3103447 -19.133898142261025
20.137932 -4.4827585 -19.133936646636595
20.137932 -4.6551723 -19.133962536423862
20.137932 -4.8275862 -19.13397994392915
20.137932 -5.0 -19.133991648001192

20.482758 0.0 -18.319178176414677
20.482758 -0.1724138 -18.460328018110904
20.482758 -0.34482759 -18.5900448509762
20.482758 -0.51724136 -18.7058325064984
20.482758 -0.68965518 -18.805695081431416
20.482758 -0.86206895 -18.888618796440355
20.482758 -1.0344827 -18.9548530415314
20.482758 -1.2068965 -19.005838982760018
20.482758 -1.3793104 -19.04382591348213
20.482758 -1.5517242 -19.071371497527963
20.482758 -1.7241379 -19.090924956995487
20.482758 -1.8965517 -19.104584474972462
20.482758 -2.0689654 -19.1140158755501
20.482758 -2.2413793 -19.120474086654465
20.482758 -2.4137931 -19.124870795803112
20.482758 -2.5862069 -19.12785208383328
20.482758 -2.7586207 -19.129868077852798
20.482758 -2.9310346 -19.131228783559653
20.482758 -3.1034484 -19.132146036635994
20.482758 -3.275862 -19.13276382899592
20.482758 -3.4482758 -19.133179688076595
20.482758 -3.6206896 -19.133459509033973
20.482758 -3.7931035 -19.133647744162726
20.482758 -3.9655173 -19.133774347161037
20.482758 -4.1379309 -19.133859487554567
20.482758 -4.3103447 -19.133916739949758
20.482758 -4.4827585 -19.133955237024942
20.482758 -4.6551723 -19.133981121903172
20.482758 -4.8275862 -19.13399852610761
20.482758 -5.0 -19.134010227960225

20.827587 0.0 -18.319372355784985
20.827587 -0.1724138 -18.460511940227917
20.827587 -0.34482759 -18.5902156278315
20.827587 -0.51724136 -18.705987564389897
20.827587 -0.68965518 -18.80583268157402
20.827587 -0.86206895 -18.88873846609868
20.827587 -1.0344827 -18.95495568914693
20.827587 -1.2068965 -19.005926626550764
20.827587 -1.3793104 -19.043901169691814
20.827587 -1.5517242 -19.07143706558315
20.827587 -1.7241379 -19.090983263815847
20.827587 -1.8965517 -19.10463751115247
20.827587 -2.0689654 -19.114065174286264
20.827587 -2.2413793 -19.12052077879654
20.827587 -2.4137931 -19.12491569102426
20.827587 -2.5862069 -19.127895750192955
20.827587 -2.7586207 -19.129910908430677
20.827587 -2.9310346 -19.13127104781955
20.827587 -3.1034484 -19.132187918135397
20.827587 -3.275862 -19.132805452239634
20.827587 -3.4482758 -19.133221137271264
20.827587 -3.6206896 -19.133500841021405
20.827587 -3.7931035 -19.13368899726243
20.827587 -3.9655173 -19.13381554718322
20.827587 -4.1379309 -19.133900651873454
20.827587 -4.3103447 -19.13395788025612
20.827587 -4.4827585 -19.133996361183264
20.827587 -4.6551723 -19.134022235202977
20.827587 -4.8275862 -19.134039632106116
20.827587 -5.0 -19.13405132904948

21.172413 0.0 -18.319798702317875
21.172413 -0.1724138 -18.46091680226574
21.172413 -0.34482759 -18.590592195154695
21.172413 -0.51724136 -18.706329855164306
21.172413 -0.68965518 -18.806136656266055
21.172413 -0.86206895 -18.889002954175606
21.172413 -1.0344827 -18.95518262328553
21.172413 -1.2068965 -19.00612042625688
21.172413 -1.3793104 -19.044067597186537
21.172413 -1.5517242 -19.071582078602745
21.172413 -1.7241379 -19.091112223613
21.172413 -1.8965517 -19.104754817155246
21.172413 -2.0689654 -19.11417421588932
21.172413 -2.2413793 -19.120624056308092
21.172413 -2.4137931 -19.125014994791737
21.172413 -2.5862069 -19.127992336378366
21.172413 -2.7586207 -19.13000564629057
21.172413 -2.9310346 -19.13136453326011
21.172413 -3.1034484 -19.132280557091306
21.172413 -3.275862 -19.132897520054215
21.172413 -3.4482758 -19.133312820169365
21.172413 -3.6206896 -19.133592264710536
21.172413 -3.7931035 -19.13378024648765
21.172413 -3.9655173 -19.13390667902494
21.172413 -4.1379309 -19.133991704755537
21.172413 -4.3103447 -19.134048880033298
21.172413 -4.4827585 -19.134087325248224
21.172413 -4.6551723 -19.13411317525377
21.172413 -4.8275862 -19.1341305560097
21.172413 -5.0 -19.134142242096004

21.517242 0.0 -18.320726408259763
21.517242 -0.1724138 -18.46180272747764
21.517242 -0.34482759 -18.591419302324688
21.517242 -0.51724136 -18.707083539341397
21.517242 -0.68965518 -18.806807052835673
21.517242 -0.86206895 -18.889586869641178
21.517242 -1.0344827 -18.95568395897971
21.517242 -1.2068965 -19.006548738959587
21.517242 -1.3793104 -19.044435510225348
21.517242 -1.5517242 -19.07190270388899
21.517242 -1.7241379 -19.09139738451713
21.517242 -1.8965517 -19.105014225932702
21.517242 -2.0689654 -19.114415359259905
21.517242 -2.2413793 -19.12085245892934
21.517242 -2.4137931 -19.125234613383242
21.517242 -2.5862069 -19.128205947438236
21.517242 -2.7586207 -19.130215171290622
21.517242 -2.9310346 -19.131571289505
21.517242 -3.1034484 -19.132485441966608
21.517242 -3.275862 -19.13310114226532
21.517242 -3.4482758 -19.13351559141228
21.517242 -3.6206896 -19.133794462895477
21.517242 -3.7931035 -19.13398205896759
21.517242 -3.9655173 -19.134108231992833
21.517242 -4.1379309 -19.13419308315888
21.517242 -4.3103447 -19.134250141031814
21.517242 -4.4827585 -19.134288507293792
21.517242 -4.6551723 -19.13431430420854
21.517242 -4.8275862 -19.134331649266038
21.517242 -5.0 -19.134343311349408

21.862068 0.0 -18.322705718798872
21.862068 -0.1724138 -18.463716130611328
21.862068 -0.34482759 -18.593220379746228
21.862068 -0.51724136 -18.708733675601916
21.862068 -0.68965518 -18.808280054730986
21.862068 -0.86206895 -18.89087278588177
21.862068 -1.0344827 -18.956789615504
21.862068 -1.2068965 -19.007494209576805
21.862068 -1.3793104 -19.04524811678073
21.862068 -1.5517242 -19.072611121099577
21.862068 -1.7241379 -19.092027587556448
21.862068 -1.8965517 -19.10558760101981
21.862068 -2.0689654 -19.114948412701118
21.862068 -2.2413793 -19.121357380032997
21.862068 -2.4137931 -19.12572013587806
21.862068 -2.5862069 -19.128678201611418
21.862068 -2.7586207 -19.13067840034146
21.862068 -2.9310346 -19.132028402776413
21.862068 -3.1034484 -19.132938421533716
21.862068 -3.275862 -19.13355133265519
21.862068 -3.4482758 -19.133963902021378
21.862068 -3.6206896 -19.134241507613872
21.862068 -3.7931035 -19.134428251654867
21.862068 -3.9655173 -19.134553851409873
21.862068 -4.1379309 -19.134638316956323
21.862068 -4.3103447 -19.13469511547717
21.862068 -4.4827585 -19.134733307328634
21.862068 -4.6551723 -19.134758986963398
21.862068 -4.8275862 -19.13477625316139
21.862068 -5.0 -19.134787862221145

22.206898 0.0 -18.326754789912385
22.206898 -0.1724138 -18.46773356664634
22.206898 -0.34482759 -18.597069455779696
22.206898 -0.51724136 -18.71230211634423
22.206898 -0.68965518 -18.811490273550422
22.206898 -0.86206895 -18.893689360436827
22.206898 -1.0344827 -18.959219096242663
22.206898 -1.2068965 -19.009575885896666
22.206898 -1.3793104 -19.04703951797956
22.206898 -1.5517242 -19.074174076077778
22.206898 -1.7241379 -19.093418682839054
22.206898 -1.8965517 -19.10685366535559
22.206898 -2.0689654 -19.11612569029921
22.206898 -2.2413793 -19.122472679085494
22.206898 -2.4137931 -19.12679268335647
22.206898 -2.5862069 -19.129721501304342
22.206898 -2.7586207 -19.13170180278381
22.206898 -2.9310346 -19.133038320758462
22.206898 -3.1034484 -19.133939224676716
22.206898 -3.275862 -19.13454598538472
22.206898 -3.4482758 -19.13495440952828
22.206898 -3.6206896 -19.135229223572008
22.206898 -3.7931035 -19.135414088685312
22.206898 -3.9655173 -19.135538424234525
22.206898 -4.1379309 -19.135622039387354
22.206898 -4.3103447 -19.135678265965733
22.206898 -4.4827585 -19.135716073193166
22.206898 -4.6551723 -19.135741494192263
22.206898 -4.8275862 -19.135758586482453
22.206898 -5.0 -19.13577007860985

22.551723 0.0 -18.334347464994917
22.551723 -0.1724138 -18.475679005161634
22.551723 -0.34482759 -18.60497001522748
22.551723 -0.51724136 -18.719814092566363
22.551723 -0.68965518 -18.818362610499353
22.551723 -0.86206895 -18.899785236825245
22.551723 -1.0344827 -18.964514031886647
22.551723 -1.2068965 -19.014132849191732
22.551723 -1.3793104 -19.050971934666485
22.551723 -1.5517242 -19.077611021380378
22.551723 -1.7241379 -19.096481109735596
22.551723 -1.8965517 -19.109642832604713
22.551723 -2.0689654 -19.11872045946587
22.551723 -2.2413793 -19.124931590154194
22.551723 -2.4137931 -19.129157812394514
22.551723 -2.5862069 -19.132022439663228
22.551723 -2.7586207 -19.133959058238737
22.551723 -2.9310346 -19.135265965796634
22.551723 -3.1034484 -19.13614685167292
22.551723 -3.275862 -19.136740103539847
22.551723 -3.4482758 -19.137139422489163
22.551723 -3.6206896 -19.137408104491723
22.551723 -3.7931035 -19.137588842150308
22.551723 -3.9655173 -19.137710400555793
22.551723 -4.1379309 -19.137792147582594
22.551723 -4.3103447 -19.137847117719442
22.551723 -4.4827585 -19.137884080001026
22.551723 -4.6551723 -19.137908932824523
22.551723 -4.8275862 -19.137925643069845
22.551723 -5.0 -19.13793687831695

22.896551 0.0 -18.346400855283644
22.896551 -0.1724138 -18.489610264555356
22.896551 -0.34482759 -18.619881700310895
22.896551 -0.51724136 -18.73475031747476
22.896551 -0.68965518 -18.832520508524926
22.896551 -0.86206895 -18.912641438953987
22.896551 -1.0344827 -18.975851294170287
22.896551 -1.2068965 -19.02398424350003
22.896551 -1.3793104 -19.059524891186843
22.896551 -1.5517242 -19.08511504586038
22.896551 -1.7241379 -19.103183764253778
22.896551 -1.8965517 -19.115756987883703
22.896551 -2.0689654 -19.124414263684486
22.896551 -2.2413793 -19.130330872401967
22.896551 -2.4137931 -19.134353451470584
22.896551 -2.5862069 -19.137078541080342
22.896551 -2.7586207 -19.138920134129638
22.896551 -2.9310346 -19.140162598284903
22.896551 -3.1034484 -19.140999903661726
22.896551 -3.275862 -19.141563739773144
22.896551 -3.4482758 -19.141943229199892
22.896551 -3.6206896 -19.142198555427743
22.896551 -3.7931035 -19.142370302793477
22.896551 -3.9655173 -19.142485811854122
22.896551 -4.1379309 -19.142563489497984
22.896551 -4.3103447 -19.14261572264612
22.896551 -4.4827585 -19.142650844303198
22.896551 -4.6551723 -19.142674459405953
22.896551 -4.8275862 -19.142690337395166
22.896551 -5.0 -19.142701013045624

23.241379 0.0 -18.361181085555657
23.241379 -0.1724138 -18.509334751274917
23.241379 -0.34482759 -18.643814101418076
23.241379 -0.51724136 -18.76119339278704
23.241379 -0.68965518 -18.859431969043754
23.241379 -0.86206895 -18.938298625018376
23.241379 -1.0344827 -18.99921565866149
23.241379 -1.2068965 -19.044710253475262
23.241379 -1.3793104 -19.077756974965432
23.241379 -1.5517242 -19.101244962250433
23.241379 -1.7241379 -19.11766789413475
23.241379 -1.8965517 -19.129014653333865
23.241379 -2.0689654 -19.136787915450356
23.241379 -2.2413793 -19.142081569082112
23.241379 -2.4137931 -19.14567181944636
23.241379 -2.5862069 -19.148099959332686
23.241379 -2.7586207 -19.149739007437752
23.241379 -2.9310346 -19.15084396716466
23.241379 -3.1034484 -19.151588218599755
23.241379 -3.275862 -19.152089216204274
23.241379 -3.4482758 -19.152426332147343
23.241379 -3.6206896 -19.15265311257632
23.241379 -3.7931035 -19.15280564194373
23.241379 -3.9655173 -19.15290821846701
23.241379 -4.1379309 -19.152977195864338
23.241379 -4.3103447 -19.15302357714409
23.241379 -4.4827585 -19.1530547633076
23.241379 -4.6551723 -19.153075731952082
23.241379 -4.8275862 -19.15308983041256
23.241379 -5.0 -19.153099309523895

23.586206 0.0 -18.37502740079244
23.586206 -0.1724138 -18.53059401746607
23.586206 -0.34482759 -18.673666147122795
23.586206 -0.51724136 -18.799238002173222
23.586206 -0.68965518 -18.903167015339402
23.586206 -0.86206895 -18.984039840633752
23.586206 -1.0344827 -19.04365755975787
23.586206 -1.2068965 -19.085868341443373
23.586206 -1.3793104 -19.114984729854616
23.586206 -1.5517242 -19.134772614330195
23.586206 -1.7241379 -19.148120491939384
23.586206 -1.8965517 -19.15709482716667
23.586206 -2.0689654 -19.16312170230749
23.586206 -2.2413793 -19.16716836346771
23.586206 -2.4137931 -19.169885874345884
23.586206 -2.5862069 -19.17171126918527
23.586206 -2.7586207 -19.172937711567368
23.586206 -2.9310346 -19.173761892210504
23.586206 -3.1034484 -19.17431582967949
23.586206 -3.275862 -19.174688174025572
23.586206 -3.4482758 -19.17493847468193
23.586206 -3.6206896 -19.17510674242727
23.586206 -3.7931035 -19.17521986655181
23.586206 -3.9655173 -19.17529592009811
23.586206 -4.1379309 -19.17534705184728
23.586206 -4.3103447 -19.175381428818888
23.586206 -4.4827585 -19.17540454133285
23.586206 -4.6551723 -19.175420080542466
23.586206 -4.8275862 -19.175430528041232
23.586206 -5.0 -19.175437552230488

23.931034 0.0 -18.38408950546224
23.931034 -0.1724138 -18.54782019982135
23.931034 -0.34482759 -18.702241413699642
23.931034 -0.51724136 -18.84134244048166
23.931034 -0.68965518 -18.959031246049722
23.931034 -0.86206895 -19.050837201094954
23.931034 -1.0344827 -19.11610162581226
23.931034 -1.2068965 -19.158612825567417
23.931034 -1.3793104 -19.184532867577275
23.931034 -1.5517242 -19.199743619793317
23.931034 -1.7241379 -19.20855646786646
23.931034 -1.8965517 -19.21369378459069
23.931034 -2.0689654 -19.21674157610874
23.931034 -2.2413793 -19.218590922781228
23.931034 -2.4137931 -19.219738885899396
23.931034 -2.5862069 -19.220465982366886
23.931034 -2.7586207 -19.2209341303241
23.931034 -2.9310346 -19.221239373346986
23.931034 -3.1034484 -19.221440254284147
23.931034 -3.275862 -19.221573335596652
23.931034 -3.4482758 -19.221661912644112
23.931034 -3.6206896 -19.221721058747324
23.931034 -3.7931035 -19.22176064024443
23.931034 -3.9655173 -19.22178716873245
23.931034 -4.1379309 -19.221804966962818
23.931034 -4.3103447 -19.221816916266395
23.931034 -4.4827585 -19.221824942477237
23.931034 -4.6551723 -19.221830335289027
23.931034 -4.8275862 -19.221833959489942
23.931034 -5.0 -19.221836395453316

24.275862 0.0 -18.38838207670732
24.275862 -0.1724138 -18.556917957868237
24.275862 -0.34482759 -18.721071789371223
24.275862 -0.51724136 -18.87612662346734
24.275862 -0.68965518 -19.014324132610927
24.275862 -0.86206895 -19.12743495562438
24.275862 -1.0344827 -19.21066066515194
24.275862 -1.2068965 -19.264724144034655
24.275862 -1.3793104 -19.29525511288041
24.275862 -1.5517242 -19.30997592896745
24.275862 -1.7241379 -19.315712724450577
24.275862 -1.8965517 -19.317075403036224
24.275862 -2.0689654 -19.316646568107473
24.275862 -2.2413793 -19.315678390471394
24.275862 -2.4137931 -19.314697281584344
24.275862 -2.5862069 -19.313881281620503
24.275862 -2.7586207 -19.313259780105884
24.275862 -2.9310346 -19.312808308179417
24.275862 -3.1034484 -19.31248936787068
24.275862 -3.275862 -19.312267909354837
24.275862 -3.4482758 -19.31211582065334
24.275862 -3.6206896 -19.312012116383904
24.275862 -3.7931035 -19.311941735232462
24.275862 -3.9655173 -19.311894117965316
24.275862 -4.1379309 -19.311861968545255
24.275862 -4.3103447 -19.311840292390176
24.275862 -4.4827585 -19.311825691183074
24.275862 -4.6551723 -19.311815861810025
24.275862 -4.8275862 -19.311809247534484
24.275862 -5.0 -19.31180479797675

24.620689 0.0 -18.39026815783025
24.620689 -0.1724138 -18.561257250815327
24.620689 -0.34482759 -18.730128161344496
24.620689 -0.51724136 -18.894664036360812
24.620689 -0.68965518 -19.05100737028436
24.620689 -0.86206895 -19.191985155509375
24.620689 -1.0344827 -19.30756495635386
24.620689 -1.2068965 -19.390373206294527
24.620689 -1.3793104 -19.44102190359598
24.620689 -1.5517242 -19.466938095669914
24.620689 -1.7241379 -19.477321728340677
24.620689 -1.8965517 -19.479550572134563
24.620689 -2.0689654 -19.478264934814277
24.620689 -2.2413793 -19.475908793481167
24.620689 -2.4137931 -19.473570372973818
24.620689 -2.5862069 -19.47163094375568
24.620689 -2.7586207 -19.470152614619565
24.620689 -2.9310346 -19.46907722392299
24.620689 -3.1034484 -19.46831656349925
24.620689 -3.275862 -19.46778788001436
24.620689 -3.4482758 -19.467424545315335
24.620689 -3.6206896 -19.46717667616715
24.620689 -3.7931035 -19.467008396498493
24.620689 -3.9655173 -19.466894517900748
24.620689 -4.1379309 -19.466817618943665
24.620689 -4.3103447 -19.466765765599717
24.620689 -4.4827585 -19.46673083426409
24.620689 -4.6551723 -19.466707317704845
24.620689 -4.8275862 -19.466691492667092
24.620689 -5.0 -19.46668084660269

24.965517 0.0 -18.390893544598057
24.965517 -0.1724138 -18.562826020818207
24.965517 -0.34482759 -18.734079157963233
24.965517 -0.51724136 -18.90363901681591
24.965517 -0.68965518 -19.069210004849996
24.965517 -0.86206895 -19.226988913331997
24.965517 -1.0344827 -19.37154081764005
24.965517 -1.2068965 -19.495199053152202
24.965517 -1.3793104 -19.58984065261307
24.965517 -1.5517242 -19.652356674946613
24.965517 -1.7241379 -19.687462609016073
24.965517 -1.8965517 -19.70409017485385
24.965517 -2.0689654 -19.71042113364252
24.965517 -2.2413793 -19.711860276440227
24.965517 -2.4137931 -19.71134400288552
24.965517 -2.5862069 -19.710258645807446
24.965517 -2.7586207 -19.709174031106286
24.965517 -2.9310346 -19.708277816467998
24.965517 -3.1034484 -19.707597752946363
24.965517 -3.275862 -19.707104866682773
24.965517 -3.4482758 -19.706757173982613
24.965517 -3.6206896 -19.70651597848959
24.965517 -3.7931035 -19.706350438145382
24.965517 -3.9655173 -19.70623760813435
24.965517 -4.1379309 -19.706161054678535
24.965517 -4.3103447 -19.706109270826982
24.965517 -4.4827585 -19.706074312532518
24.965517 -4.6551723 -19.7060507445143
24.965517 -4.8275862 -19.7060348698026
24.965517 -5.0 -19.706024183523162

25.310345 0.0 -18.391096687566186
25.310345 -0.1724138 -18.56336636280484
25.310345 -0.34482759 -18.73539509636246
25.310345 -0.51724136 -18.90683634758102
25.310345 -0.68965518 -19.076994716991447
25.310345 -0.86206895 -19.244240308939162
25.310345 -1.0344827 -19.40513883552179
25.310345 -1.2068965 -19.554468765837008
25.310345 -1.3793104 -19.686394282755703
25.310345 -1.5517242 -19.79581518268415
25.310345 -1.7241379 -19.879886946997058
25.310345 -1.8965517 -19.9394869462254
25.310345 -2.0689654 -19.978919699754368
25.310345 -2.2413793 -20.00382154172016
25.310345 -2.4137931 -20.01919859036828
25.310345 -2.5862069 -20.02866322585943
25.310345 -2.7586207 -20.034538995073188
25.310345 -2.9310346 -20.038237797327877
25.310345 -3.1034484 -20.04060072338838
25.310345 -3.275862 -20.042130181249192
25.310345 -3.4482758 -20.04313072115304
25.310345 -3.6206896 -20.043790557131988
25.310345 -3.7931035 -20.044228279154748
25.310345 -3.9655173 -20.04451987470312
25.310345 -4.1379309 -20.044714695062293
25.310345 -4.3103447 -20.044845121419584
25.310345 -4.4827585 -20.044932558426055
25.310345 -4.6551723 -20.044991230701093
25.310345 -4.8275862 -20.04503062624
25.310345 -5.0 -20.045057089745036

25.655172 0.0 -18.391162080005905
25.655172 -0.1724138 -18.56352535424045
25.655172 -0.34482759 -18.735818020358934
25.655172 -0.51724136 -18.907941983137093
25.655172 -0.68965518 -19.079619814379495
25.655172 -0.86206895 -19.250252205816466
25.655172 -1.0344827 -19.418782609741356
25.655172 -1.2068965 -19.583248066967172
25.655172 -1.3793104 -19.740110902282893
25.655172 -1.5517242 -19.884437618474546
25.655172 -1.7241379 -20.011306766562065
25.655172 -1.8965517 -20.11743996598159
25.655172 -2.0689654 -20.202043168243716
25.655172 -2.2413793 -20.266639721077272
25.655172 -2.4137931 -20.314237630570343
25.655172 -2.5862069 -20.348361931292903
25.655172 -2.7586207 -20.372341303007666
25.655172 -2.9310346 -20.38895543255846
25.655172 -3.1034484 -20.400355006190804
25.655172 -3.275862 -20.408125023695657
25.655172 -3.4482758 -20.413397457500274
25.655172 -3.6206896 -20.416964340600554
25.655172 -3.7931035 -20.419372497981417
25.655172 -3.9655173 -20.42099612882087
25.655172 -4.1379309 -20.42208981043862
25.655172 -4.3103447 -20.422826064208895
25.655172 -4.4827585 -20.423321495420435
25.655172 -4.6551723 -20.42365478218489
25.655172 -4.8275862 -20.42387894911524
25.655172 -5.0 -20.42402970343509

26.0 0.0 -18.391183329440917
26.0 -0.1724138 -18.563582022322905
26.0 -0.34482759 -18.73595626310966
26.0 -0.51724136 -18.908268059727146
26.0 -0.68965518 -19.080444108350594
26.0 -0.86206895 -19.25232657009438
26.0 -1.0344827 -19.423519763602815
26.0 -1.2068965 -19.59321746508285
26.0 -1.3793104 -19.760160905786975
26.0 -1.5517242 -19.922603982029344
26.0 -1.7241379 -20.078186405403258
26.0 -1.8965517 -20.22397994217843
26.0 -2.0689654 -20.35687285283253
26.0 -2.2413793 -20.474123511956865
26.0 -2.4137931 -20.573883424339922
26.0 -2.5862069 -20.655568857063688
26.0 -2.7586207 -20.719957116879655
26.0 -2.9310346 -20.768950648345776
26.0 -3.1034484 -20.80510561617392
26.0 -3.275862 -20.831126978345004
26.0 -3.4482758 -20.849494648385978
26.0 -3.6206896 -20.86227321261233
26.0 -3.7931035 -20.87107062035746
26.0 -3.9655173 -20.87708240016836
26.0 -4.1379309 -20.881169412474108
26.0 -4.3103447 -20.883938032314724
26.0 -4.4827585 -20.885808986290588
26.0 -4.6551723 -20.88707123307371
26.0 -4.8275862 -20.887921859462054
26.0 -5.0 -20.88849466072208
