# KROME file, XRAY He rate
# Distance = 7 kpc
# Xray rate including primary He ionization in 1/s
# first line indicates the size of the table (30x30)
# then first column is the parameter log10(nH), where nH is the H column density in cm-2
# second column is log10(xHe), where xHe = nHe/nH both in cm-2
# third column is log10(rate), where rate is in units of 1/s
30, 30
16.0 0.0 -17.411395830583206
16.0 -0.1724138 -17.41029561184349
16.0 -0.34482759 -17.408664348120936
16.0 -0.51724136 -17.40624936978503
16.0 -0.68965518 -17.40268210933121
16.0 -0.86206895 -17.397429959559478
16.0 -1.0344827 -17.38973380979446
16.0 -1.2068965 -17.378533430155166
16.0 -1.3793104 -17.362391235703228
16.0 -1.5517242 -17.339440111540736
16.0 -1.7241379 -17.30740143189816
16.0 -1.8965517 -17.263734626259737
16.0 -2.0689654 -17.205963763510116
16.0 -2.2413793 -17.132151399187528
16.0 -2.4137931 -17.041373554445208
16.0 -2.5862069 -16.933976907399305
16.0 -2.7586207 -16.811480010784244
16.0 -2.9310346 -16.67617285052985
16.0 -3.1034484 -16.530617706516058
16.0 -3.275862 -16.377243518469616
16.0 -3.4482758 -16.21811654612178
16.0 -3.6206896 -16.05487008870458
16.0 -3.7931035 -15.88873033872523
16.0 -3.9655173 -15.720586410488636
16.0 -4.1379309 -15.551067378691585
16.0 -4.3103447 -15.38061060575483
16.0 -4.4827585 -15.209517560325676
16.0 -4.6551723 -15.037994014293435
16.0 -4.8275862 -14.866179691729142
16.0 -5.0 -14.694169474645452

16.344828 0.0 -17.411395879228174
16.344828 -0.1724138 -17.410295644979236
16.344828 -0.34482759 -17.40866437082658
16.344828 -0.51724136 -17.40624938547418
16.344828 -0.68965518 -17.402682120297126
16.344828 -0.86206895 -17.397429967341406
16.344828 -1.0344827 -17.38973381542366
16.344828 -1.2068965 -17.3785334343201
16.344828 -1.3793104 -17.362391238860482
16.344828 -1.5517242 -17.33944011398976
16.344828 -1.7241379 -17.307401433832208
16.344828 -1.8965517 -17.26373462780156
16.344828 -2.0689654 -17.20596376473793
16.344828 -2.2413793 -17.132151400154246
16.344828 -2.4137931 -17.04137355519184
16.344828 -2.5862069 -16.933976907962546
16.344828 -2.7586207 -16.811480011199006
16.344828 -2.9310346 -16.676172850828635
16.344828 -3.1034484 -16.530617706727377
16.344828 -3.275862 -16.37724351861694
16.344828 -3.4482758 -16.218116546223385
16.344828 -3.6206896 -16.054870088774106
16.344828 -3.7931035 -15.888730338772545
16.344828 -3.9655173 -15.72058641052071
16.344828 -4.1379309 -15.55106737871327
16.344828 -4.3103447 -15.380610605769467
16.344828 -4.4827585 -15.209517560335541
16.344828 -4.6551723 -15.03799401430008
16.344828 -4.8275862 -14.866179691733615
16.344828 -5.0 -14.694169474648461

16.689655 0.0 -17.411395986840997
16.689655 -0.1724138 -17.41029571828242
16.689655 -0.34482759 -17.4086644210562
16.689655 -0.51724136 -17.406249420181858
16.689655 -0.68965518 -17.40268214455603
16.689655 -0.86206895 -17.39742998455666
16.689655 -1.0344827 -17.389733827876626
16.689655 -1.2068965 -17.3785334435338
16.689655 -1.3793104 -17.36239124584499
16.689655 -1.5517242 -17.33944011940751
16.689655 -1.7241379 -17.307401438110727
16.689655 -1.8965517 -17.263734631212397
16.689655 -2.0689654 -17.20596376745411
16.689655 -2.2413793 -17.13215140229283
16.689655 -2.4137931 -17.041373556843542
16.689655 -2.5862069 -16.933976909208546
16.689655 -2.7586207 -16.811480012116544
16.689655 -2.9310346 -16.67617285148961
16.689655 -3.1034484 -16.530617707194864
16.689655 -3.275862 -16.377243518942848
16.689655 -3.4482758 -16.218116546448154
16.689655 -3.6206896 -16.054870088927913
16.689655 -3.7931035 -15.888730338877217
16.689655 -3.9655173 -15.720586410591668
16.689655 -4.1379309 -15.551067378761246
16.689655 -4.3103447 -15.380610605801845
16.689655 -4.4827585 -15.209517560357366
16.689655 -4.6551723 -15.037994014314778
16.689655 -4.8275862 -14.86617969174351
16.689655 -5.0 -14.69416947465512

17.034483 0.0 -17.41139622490445
17.034483 -0.1724138 -17.410295880445354
17.034483 -0.34482759 -17.408664532175298
17.034483 -0.51724136 -17.40624949696296
17.034483 -0.68965518 -17.40268219822212
17.034483 -0.86206895 -17.397430022640627
17.034483 -1.0344827 -17.38973385542536
17.034483 -1.2068965 -17.378533463916565
17.034483 -1.3793104 -17.36239126129627
17.034483 -1.5517242 -17.339440131392777
17.034483 -1.7241379 -17.30740144757576
17.034483 -1.8965517 -17.26373463875792
17.034483 -2.0689654 -17.20596377346291
17.034483 -2.2413793 -17.13215140702386
17.034483 -2.4137931 -17.041373560497476
17.034483 -2.5862069 -16.933976911964976
17.034483 -2.7586207 -16.811480014146348
17.034483 -2.9310346 -16.676172852951836
17.034483 -3.1034484 -16.530617708229045
17.034483 -3.275862 -16.377243519663825
17.034483 -3.4482758 -16.21811654694539
17.034483 -3.6206896 -16.05487008926817
17.034483 -3.7931035 -15.88873033910877
17.034483 -3.9655173 -15.72058641074864
17.034483 -4.1379309 -15.551067378867378
17.034483 -4.3103447 -15.380610605873471
17.034483 -4.4827585 -15.209517560405647
17.034483 -4.6551723 -15.037994014347296
17.034483 -4.8275862 -14.866179691765398
17.034483 -5.0 -14.694169474669847

17.379311 0.0 -17.411396751552463
17.379311 -0.1724138 -17.410296239185023
17.379311 -0.34482759 -17.408664777994932
17.379311 -0.51724136 -17.406249666819495
17.379311 -0.68965518 -17.402682316943217
17.379311 -0.86206895 -17.39743010689067
17.379311 -1.0344827 -17.389733916369163
17.379311 -1.2068965 -17.378533509007685
17.379311 -1.3793104 -17.36239129547788
17.379311 -1.5517242 -17.339440157906807
17.379311 -1.7241379 -17.307401468514485
17.379311 -1.8965517 -17.26373465545027
17.379311 -2.0689654 -17.205963786755678
17.379311 -2.2413793 -17.132151417489922
17.379311 -2.4137931 -17.041373568580774
17.379311 -2.5862069 -16.933976918062804
17.379311 -2.7586207 -16.811480018636715
17.379311 -2.9310346 -16.676172856186597
17.379311 -3.1034484 -16.530617710516882
17.379311 -3.275862 -16.37724352125879
17.379311 -3.4482758 -16.218116548045387
17.379311 -3.6206896 -16.0548700900209
17.379311 -3.7931035 -15.888730339621018
17.379311 -3.9655173 -15.720586411095898
17.379311 -4.1379309 -15.551067379102163
17.379311 -4.3103447 -15.380610606031926
17.379311 -4.4827585 -15.209517560512456
17.379311 -4.6551723 -15.037994014419231
17.379311 -4.8275862 -14.866179691813818
17.379311 -5.0 -14.694169474702427

17.724138 0.0 -17.41139791660633
17.724138 -0.1724138 -17.4102970327914
17.724138 -0.34482759 -17.408665321798996
17.724138 -0.51724136 -17.406250042577483
17.724138 -0.68965518 -17.40268257957902
17.724138 -0.86206895 -17.39743029326934
17.724138 -1.0344827 -17.38973405118958
17.724138 -1.2068965 -17.37853360875865
17.724138 -1.3793104 -17.36239137109474
17.724138 -1.5517242 -17.339440216561382
17.724138 -1.7241379 -17.30740151483531
17.724138 -1.8965517 -17.263734692377234
17.724138 -2.0689654 -17.205963816162065
17.724138 -2.2413793 -17.13215144064304
17.724138 -2.4137931 -17.041373586462722
17.724138 -2.5862069 -16.933976931552472
17.724138 -2.7586207 -16.811480028570344
17.724138 -2.9310346 -16.67617286334256
17.724138 -3.1034484 -16.530617715578053
17.724138 -3.275862 -16.377243524787183
17.724138 -3.4482758 -16.218116550478808
17.724138 -3.6206896 -16.054870091686084
17.724138 -3.7931035 -15.888730340754218
17.724138 -3.9655173 -15.720586411864105
17.724138 -4.1379309 -15.551067379621559
17.724138 -4.3103447 -15.38061060638246
17.724138 -4.4827585 -15.209517560748736
17.724138 -4.6551723 -15.037994014578365
17.724138 -4.8275862 -14.866179691920934
17.724138 -5.0 -14.694169474774501

18.068966 0.0 -17.411400493956705
18.068966 -0.1724138 -17.410298788421585
18.068966 -0.34482759 -17.408666524812837
18.068966 -0.51724136 -17.40625087383693
18.068966 -0.68965518 -17.402683160587447
18.068966 -0.86206895 -17.397430705580227
18.068966 -1.0344827 -17.389734349442232
18.068966 -1.2068965 -17.37853382942993
18.068966 -1.3793104 -17.362391538376027
18.068966 -1.5517242 -17.339440346318327
18.068966 -1.7241379 -17.30740161730727
18.068966 -1.8965517 -17.263734774067885
18.068966 -2.0689654 -17.205963881215528
18.068966 -2.2413793 -17.132151491862878
18.068966 -2.4137931 -17.041373626021564
18.068966 -2.5862069 -16.933976961394617
18.068966 -2.7586207 -16.81148005054574
18.068966 -2.9310346 -16.676172879173148
18.068966 -3.1034484 -16.530617726774487
18.068966 -3.275862 -16.37724353259277
18.068966 -3.4482758 -16.218116555862075
18.068966 -3.6206896 -16.05487009536985
18.068966 -3.7931035 -15.88873034326111
18.068966 -3.9655173 -15.720586413563547
18.068966 -4.1379309 -15.551067380770576
18.068966 -4.3103447 -15.380610607157921
18.068966 -4.4827585 -15.209517561271443
18.068966 -4.6551723 -15.037994014930407
18.068966 -4.8275862 -14.8661796921579
18.068966 -5.0 -14.694169474933947

18.413794 0.0 -17.4114061955789
18.413794 -0.1724138 -17.410302672240427
18.413794 -0.34482759 -17.4086691861334
18.413794 -0.51724136 -17.406252712760125
18.413794 -0.68965518 -17.402684445902853
18.413794 -0.86206895 -17.397431617700853
18.413794 -1.0344827 -17.38973500924164
18.413794 -1.2068965 -17.378534317602643
18.413794 -1.3793104 -17.362391908438546
18.413794 -1.5517242 -17.339440633368884
18.413794 -1.7241379 -17.30740184399752
18.413794 -1.8965517 -17.26373495478536
18.413794 -2.0689654 -17.205964025127926
18.413794 -2.2413793 -17.132151605172297
18.413794 -2.4137931 -17.041373713534316
18.413794 -2.5862069 -16.93397702741192
18.413794 -2.7586207 -16.811480099160086
18.413794 -2.9310346 -16.67617291419385
18.413794 -3.1034484 -16.53061775154343
18.413794 -3.275862 -16.37724354986043
18.413794 -3.4482758 -16.21811656777103
18.413794 -3.6206896 -16.054870103519136
18.413794 -3.7931035 -15.888730348806897
18.413794 -3.9655173 -15.720586417323085
18.413794 -4.1379309 -15.551067383312452
18.413794 -4.3103447 -15.380610608873408
18.413794 -4.4827585 -15.209517562427783
18.413794 -4.6551723 -15.037994015709199
18.413794 -4.8275862 -14.866179692682119
18.413794 -5.0 -14.694169475286674

18.758621 0.0 -17.411418808565
18.758621 -0.1724138 -17.41031126396903
18.758621 -0.34482759 -17.408675073487956
18.758621 -0.51724136 -17.406256780821924
18.758621 -0.68965518 -17.402687289278916
18.758621 -0.86206895 -17.397433635497027
18.758621 -1.0344827 -17.389736468852956
18.758621 -1.2068965 -17.378535397541057
18.758621 -1.3793104 -17.362392727093162
18.758621 -1.5517242 -17.339441268384025
18.758621 -1.7241379 -17.307402345483244
18.758621 -1.8965517 -17.26373535456982
18.758621 -2.0689654 -17.205964343491942
18.758621 -2.2413793 -17.132151855836188
18.758621 -2.4137931 -17.041373907130637
18.758621 -2.5862069 -16.933977173455855
18.758621 -2.7586207 -16.811480206705074
18.758621 -2.9310346 -16.67617299166687
18.758621 -3.1034484 -16.530617806337457
18.758621 -3.275862 -16.37724358806006
18.758621 -3.4482758 -16.218116594116104
18.758621 -3.6206896 -16.05487012154704
18.758621 -3.7931035 -15.888730361075325
18.758621 -3.9655173 -15.72058642563996
18.758621 -4.1379309 -15.551067388935607
18.758621 -4.3103447 -15.380610612668418
18.758621 -4.4827585 -15.209517564985847
18.758621 -4.6551723 -15.037994017432048
18.758621 -4.8275862 -14.8661796938418
18.758621 -5.0 -14.69416947606698

19.103449 0.0 -17.41144671034649
19.103449 -0.1724138 -17.41033027034096
19.103449 -0.34482759 -17.408688097416196
19.103449 -0.51724136 -17.406265780178256
19.103449 -0.68965518 -17.402693579408915
19.103449 -0.86206895 -17.397438099285
19.103449 -1.0344827 -17.389739697823746
19.103449 -1.2068965 -17.378537786596898
19.103449 -1.3793104 -17.362394538134225
19.103449 -1.5517242 -17.3394426731754
19.103449 -1.7241379 -17.307403454878806
19.103449 -1.8965517 -17.263736238980147
19.103449 -2.0689654 -17.20596504778252
19.103449 -2.2413793 -17.13215241035932
19.103449 -2.4137931 -17.041374335407845
19.103449 -2.5862069 -16.93397749653681
19.103449 -2.7586207 -16.81148044461796
19.103449 -2.9310346 -16.676173163054028
19.103449 -3.1034484 -16.530617927553738
19.103449 -3.275862 -16.377243672565932
19.103449 -3.4482758 -16.218116652397114
19.103449 -3.6206896 -16.054870161428674
19.103449 -3.7931035 -15.888730388215746
19.103449 -3.9655173 -15.720586444038688
19.103449 -4.1379309 -15.551067401375244
19.103449 -4.3103447 -15.380610621063804
19.103449 -4.4827585 -15.209517570644836
19.103449 -4.6551723 -15.037994021243364
19.103449 -4.8275862 -14.866179696407265
19.103449 -5.0 -14.694169477793185

19.448277 0.0 -17.411508430525327
19.448277 -0.1724138 -17.410372314412584
19.448277 -0.34482759 -17.40871690815944
19.448277 -0.51724136 -17.406285688221143
19.448277 -0.68965518 -17.402707494301648
19.448277 -0.86206895 -17.397447974030033
19.448277 -1.0344827 -17.38974684094208
19.448277 -1.2068965 -17.37854307166943
19.448277 -1.3793104 -17.362398544527206
19.448277 -1.5517242 -17.339445780863734
19.448277 -1.7241379 -17.30740590909187
19.448277 -1.8965517 -17.26373819547967
19.448277 -2.0689654 -17.2059666058198
19.448277 -2.2413793 -17.13215363707976
19.448277 -2.4137931 -17.04137528284592
19.448277 -2.5862069 -16.933978211258815
19.448277 -2.7586207 -16.811480970930468
19.448277 -2.9310346 -16.676173542197805
19.448277 -3.1034484 -16.53061819570915
19.448277 -3.275862 -16.37724385951033
19.448277 -3.4482758 -16.218116781326714
19.448277 -3.6206896 -16.054870249655057
19.448277 -3.7931035 -15.88873044825594
19.448277 -3.9655173 -15.720586484740458
19.448277 -4.1379309 -15.551067428894278
19.448277 -4.3103447 -15.380610639636124
19.448277 -4.4827585 -15.209517583163684
19.448277 -4.6551723 -15.03799402967478
19.448277 -4.8275862 -14.866179702082604
19.448277 -5.0 -14.694169481611906

19.793104 0.0 -17.411644945690167
19.793104 -0.1724138 -17.410465314053248
19.793104 -0.34482759 -17.408780638505885
19.793104 -0.51724136 -17.406329726534164
19.793104 -0.68965518 -17.402738275737605
19.793104 -0.86206895 -17.397469818400367
19.793104 -1.0344827 -17.38976264266968
19.793104 -1.2068965 -17.378554763155556
19.793104 -1.3793104 -17.36240740738208
19.793104 -1.5517242 -17.339452655636947
19.793104 -1.7241379 -17.307411338264618
19.793104 -1.8965517 -17.26374252362038
19.793104 -2.0689654 -17.205970052488336
19.793104 -2.2413793 -17.13215635081334
19.793104 -2.4137931 -17.041377378754348
19.793104 -2.5862069 -16.93397979235562
19.793104 -2.7586207 -16.811482135230303
19.793104 -2.9310346 -16.67617438093313
19.793104 -3.1034484 -16.530618788917767
19.793104 -3.275862 -16.37724427306531
19.793104 -3.4482758 -16.218117066542376
19.793104 -3.6206896 -16.054870444827802
19.793104 -3.7931035 -15.888730581075718
19.793104 -3.9655173 -15.720586574780137
19.793104 -4.1379309 -15.551067489771361
19.793104 -4.3103447 -15.380610680721455
19.793104 -4.4827585 -15.20951761085764
19.793104 -4.6551723 -15.037994048326592
19.793104 -4.8275862 -14.866179714637477
19.793104 -5.0 -14.69416949005961

20.137932 0.0 -17.41194683623182
20.137932 -0.1724138 -17.41067099792617
20.137932 -0.34482759 -17.40892159955119
20.137932 -0.51724136 -17.40642713714369
20.137932 -0.68965518 -17.402806365173785
20.137932 -0.86206895 -17.397518139924745
20.137932 -1.0344827 -17.389797597926176
20.137932 -1.2068965 -17.378580626349397
20.137932 -1.3793104 -17.36242701338235
20.137932 -1.5517242 -17.339467863758472
20.137932 -1.7241379 -17.30742334851095
20.137932 -1.8965517 -17.26375209820912
20.137932 -2.0689654 -17.205977677111573
20.137932 -2.2413793 -17.132162354056387
20.137932 -2.4137931 -17.04138201525922
20.137932 -2.5862069 -16.933983290006953
20.137932 -2.7586207 -16.811484710854714
20.137932 -2.9310346 -16.676176236353495
20.137932 -3.1034484 -16.530620101191946
20.137932 -3.275862 -16.377245187915932
20.137932 -3.4482758 -16.218117697485432
20.137932 -3.6206896 -16.054870876581294
20.137932 -3.7931035 -15.888730874894375
20.137932 -3.9655173 -15.720586773962328
20.137932 -4.1379309 -15.551067624441208
20.137932 -4.3103447 -15.380610771608774
20.137932 -4.4827585 -15.209517672121097
20.137932 -4.6551723 -15.037994089587384
20.137932 -4.8275862 -14.86617974241086
20.137932 -5.0 -14.694169508747276

20.482758 0.0 -17.41261413411363
20.482758 -0.1724138 -17.411125757364342
20.482758 -0.34482759 -17.409233312914722
20.482758 -0.51724136 -17.4066425704624
20.482758 -0.68965518 -17.402956963492624
20.482758 -0.86206895 -17.397625021696047
20.482758 -1.0344827 -17.3898749177058
20.482758 -1.2068965 -17.37863783612609
20.482758 -1.3793104 -17.36247038279929
20.482758 -1.5517242 -17.33950150516961
20.482758 -1.7241379 -17.30744991614511
20.482758 -1.8965517 -17.26377327802637
20.482758 -2.0689654 -17.20599454344627
20.482758 -2.2413793 -17.132175633745852
20.482758 -2.4137931 -17.041392271590624
20.482758 -2.5862069 -16.933991027086048
20.482758 -2.7586207 -16.811490408327572
20.482758 -2.9310346 -16.67618034067486
20.482758 -3.1034484 -16.530623004031703
20.482758 -3.275862 -16.377247211625757
20.482758 -3.4482758 -16.21811909317201
20.482758 -3.6206896 -16.054871831647258
20.482758 -3.7931035 -15.888731524839546
20.482758 -3.9655173 -15.720587214565638
20.482758 -4.1379309 -15.55106792233917
20.482758 -4.3103447 -15.380610972657077
20.482758 -4.4827585 -15.209517807639596
20.482758 -4.6551723 -15.03799418085876
20.482758 -4.8275862 -14.866179803847272
20.482758 -5.0 -14.69416955008553

20.827587 0.0 -17.414087699478678
20.827587 -0.1724138 -17.412130550461036
20.827587 -0.34482759 -17.40992230701008
20.827587 -0.51724136 -17.407118874265105
20.827587 -0.68965518 -17.403289980132374
20.827587 -0.86206895 -17.397861395571827
20.827587 -1.0344827 -17.390045927042262
20.827587 -1.2068965 -17.378764374294153
20.827587 -1.3793104 -17.362566311642343
20.827587 -1.5517242 -17.339575918165114
20.827587 -1.7241379 -17.307508683024977
20.827587 -1.8965517 -17.263820127468037
20.827587 -2.0689654 -17.206031851575254
20.827587 -2.2413793 -17.13220500820902
20.827587 -2.4137931 -17.041414958356345
20.827587 -2.5862069 -16.934008141254502
20.827587 -2.7586207 -16.811503010902307
20.827587 -2.9310346 -16.676189419232248
20.827587 -3.1034484 -16.530629424952426
20.827587 -3.275862 -16.377251687950004
20.827587 -3.4482758 -16.218122180341705
20.827587 -3.6206896 -16.054873944189836
20.827587 -3.7931035 -15.888732962474013
20.827587 -3.9655173 -15.720588189149609
20.827587 -4.1379309 -15.551068581268563
20.827587 -4.3103447 -15.380611417361699
20.827587 -4.4827585 -15.209518107396875
20.827587 -4.6551723 -15.037994382744532
20.827587 -4.8275862 -14.866179939740217
20.827587 -5.0 -14.69416964152278

21.172413 0.0 -17.41733461403686
21.172413 -0.1724138 -17.41434730050017
21.172413 -0.34482759 -17.4114436218488
21.172413 -0.51724136 -17.408171157275426
21.172413 -0.68965518 -17.40402598237817
21.172413 -0.86206895 -17.398383939910442
21.172413 -1.0344827 -17.390424036239096
21.172413 -1.2068965 -17.379044187205178
21.172413 -1.3793104 -17.36277845385596
21.172413 -1.5517242 -17.33974048657922
21.172413 -1.7241379 -17.307638652616856
21.172413 -1.8965517 -17.263923741596873
21.172413 -2.0689654 -17.206114363977647
21.172413 -2.2413793 -17.13226997390126
21.172413 -2.4137931 -17.041465132902005
21.172413 -2.5862069 -16.93404599098035
21.172413 -2.7586207 -16.8115308825311
21.172413 -2.9310346 -16.67620949705066
21.172413 -3.1034484 -16.530643625145377
21.172413 -3.275862 -16.3772615875211
21.172413 -3.4482758 -16.218129007717415
21.172413 -3.6206896 -16.05487861613429
21.172413 -3.7931035 -15.88873614183546
21.172413 -3.9655173 -15.720590344461671
21.172413 -4.1379309 -15.551070038502942
21.172413 -4.3103447 -15.380612400833527
21.172413 -4.4827585 -15.209518770314931
21.172413 -4.6551723 -15.037994829218052
21.172413 -4.8275862 -14.866180240269525
21.172413 -5.0 -14.694169843737622

21.517242 0.0 -17.424455397212938
21.517242 -0.1724138 -17.41922198949863
21.517242 -0.34482759 -17.41479516478543
21.517242 -0.51724136 -17.410492268298313
21.517242 -0.68965518 -17.405650800940165
21.517242 -0.86206895 -17.399538169766995
21.517242 -1.0344827 -17.391259541290058
21.517242 -1.2068965 -17.379662641034468
21.517242 -1.3793104 -17.363247414714465
21.517242 -1.5517242 -17.340104317609267
21.517242 -1.7241379 -17.307926008601832
21.517242 -1.8965517 -17.26415283336431
21.517242 -2.0689654 -17.20629680075153
21.517242 -2.2413793 -17.132413613310778
21.517242 -2.4137931 -17.041576067178518
21.517242 -2.5862069 -16.934129673810666
21.517242 -2.7586207 -16.811592503343103
21.517242 -2.9310346 -16.67625388592137
21.517242 -3.1034484 -16.530675019080633
21.517242 -3.275862 -16.37728347336293
21.517242 -3.4482758 -16.218144101471623
21.517242 -3.6206896 -16.054888944668836
21.517242 -3.7931035 -15.888743170603854
21.517242 -3.9655173 -15.720595109301525
21.517242 -4.1379309 -15.551073260066833
21.517242 -4.3103447 -15.380614575029634
21.517242 -4.4827585 -15.209520235850166
21.517242 -4.6551723 -15.037995816251499
21.517242 -4.8275862 -14.86618090465912
21.517242 -5.0 -14.69417029078022

21.862068 0.0 -17.43991354024226
21.862068 -0.1724138 -17.429865692530736
21.862068 -0.34482759 -17.422142185996634
21.862068 -0.51724136 -17.4155941784382
21.862068 -0.68965518 -17.409228750148795
21.862068 -0.86206895 -17.402082981135703
21.862068 -1.0344827 -17.393103155389504
21.862068 -1.2068965 -17.381028058120123
21.862068 -1.3793104 -17.36428315015254
21.862068 -1.5517242 -17.340908044403733
21.862068 -1.7241379 -17.30856087832924
21.862068 -1.8965517 -17.264659007943216
21.862068 -2.0689654 -17.206699897264684
21.862068 -2.2413793 -17.132730980671006
21.862068 -2.4137931 -17.04182116440588
21.862068 -2.5862069 -16.934314553754174
21.862068 -2.7586207 -16.811728635882325
21.862068 -2.9310346 -16.676351945960505
21.862068 -3.1034484 -16.530744369697455
21.862068 -3.275862 -16.377331819032865
21.862068 -3.4482758 -16.218177442890084
21.862068 -3.6206896 -16.05491175965058
21.862068 -3.7931035 -15.888758696507312
21.862068 -3.9655173 -15.72060563433167
21.862068 -4.1379309 -15.551080376133394
21.862068 -4.3103447 -15.380619377566951
21.862068 -4.4827585 -15.209523473034825
21.862068 -4.6551723 -15.037997996482549
21.862068 -4.8275862 -14.86618237220976
21.862068 -5.0 -14.694171278238889

22.206898 0.0 -17.472760057652195
22.206898 -0.1724138 -17.45275818413462
22.206898 -0.34482759 -17.438077420730323
22.206898 -0.51724136 -17.426723968452723
22.206898 -0.68965518 -17.417064849293734
22.206898 -0.86206895 -17.407671309606236
22.206898 -1.0344827 -17.397158960681715
22.206898 -1.2068965 -17.384035460850107
22.206898 -1.3793104 -17.366566189413696
22.206898 -1.5517242 -17.34268053886419
22.206898 -1.7241379 -17.309961379109662
22.206898 -1.8965517 -17.265775761063697
22.206898 -2.0689654 -17.207589259124152
22.206898 -2.2413793 -17.133431167441554
22.206898 -2.4137931 -17.04236186222919
22.206898 -2.5862069 -16.934722369116248
22.206898 -2.7586207 -16.812028893447245
22.206898 -2.9310346 -16.676568211591643
22.206898 -3.1034484 -16.530897307978034
22.206898 -3.275862 -16.377438429746604
22.206898 -3.4482758 -16.218250963775578
22.206898 -3.6206896 -16.054962067402638
22.206898 -3.7931035 -15.888792930956726
22.206898 -3.9655173 -15.720628841601975
22.206898 -4.1379309 -15.55109606663292
22.206898 -4.3103447 -15.380629966807923
22.206898 -4.4827585 -15.209530610758563
22.206898 -4.6551723 -15.038002803697587
22.206898 -4.8275862 -14.866185608021857
22.206898 -5.0 -14.694173455490214

22.551723 0.0 -17.53953952536612
22.551723 -0.1724138 -17.500472424664437
22.551723 -0.34482759 -17.471872351504203
22.551723 -0.51724136 -17.45061421943835
22.551723 -0.68965518 -17.43402591969861
22.551723 -0.86206895 -17.419836373628176
22.551723 -1.0344827 -17.406022160227433
22.551723 -1.2068965 -17.390624608601595
22.551723 -1.3793104 -17.37157675102919
22.551723 -1.5517242 -17.346574750734035
22.551723 -1.7241379 -17.31304020160354
22.551723 -1.8965517 -17.268231514974012
22.551723 -2.0689654 -17.20954509745392
22.551723 -2.2413793 -17.134970840370816
22.551723 -2.4137931 -17.043550612972798
22.551723 -2.5862069 -16.935618777858764
22.551723 -2.7586207 -16.812688742182523
22.551723 -2.9310346 -16.677043390761153
22.551723 -3.1034484 -16.531233293835108
22.551723 -3.275862 -16.377672613032985
22.551723 -3.4482758 -16.218412447675593
22.551723 -3.6206896 -16.05507255850382
22.551723 -3.7931035 -15.88886811703615
22.551723 -3.9655173 -15.720679808182643
22.551723 -4.1379309 -15.55113052459078
22.551723 -4.3103447 -15.380653221558756
22.551723 -4.4827585 -15.20954628557951
22.551723 -4.6551723 -15.038013360531636
22.551723 -4.8275862 -14.866192713963075
22.551723 -5.0 -14.694178236786398

22.896551 0.0 -17.663711421184257
22.896551 -0.1724138 -17.593736435620205
22.896551 -0.34482759 -17.54030932269266
22.896551 -0.51724136 -17.500204644305615
22.896551 -0.68965518 -17.469843685094805
22.896551 -0.86206895 -17.44583346310506
22.896551 -1.0344827 -17.425117987532886
22.896551 -1.2068965 -17.404899199204465
22.896551 -1.3793104 -17.38247086309612
22.896551 -1.5517242 -17.35506098637795
22.896551 -1.7241379 -17.319758392687962
22.896551 -1.8965517 -17.273593459693036
22.896551 -2.0689654 -17.213816049074104
22.896551 -2.2413793 -17.13833231581458
22.896551 -2.4137931 -17.046144904589408
22.896551 -2.5862069 -16.93757414331904
22.896551 -2.7586207 -16.814127422170777
22.896551 -2.9310346 -16.678079011559415
22.896551 -3.1034484 -16.53196531212008
22.896551 -3.275862 -16.378182704499068
22.896551 -3.4482758 -16.21876412270409
22.896551 -3.6206896 -16.055313151271267
22.896551 -3.7931035 -15.88903181856826
22.896551 -3.9655173 -15.72079076990078
22.896551 -4.1379309 -15.551205541346516
22.896551 -4.3103447 -15.380703846850647
22.896551 -4.4827585 -15.209580408775036
22.896551 -4.6551723 -15.038036341847278
22.896551 -4.8275862 -14.866208182841014
22.896551 -5.0 -14.694188645094966

23.241379 0.0 -17.862445373401048
23.241379 -0.1724138 -17.754791896615583
23.241379 -0.34482759 -17.666538004360326
23.241379 -0.51724136 -17.59630865463445
23.241379 -0.68965518 -17.54173175120413
23.241379 -0.86206895 -17.499296302919895
23.241379 -1.0344827 -17.46505150419141
23.241379 -1.2068965 -17.435091730486086
23.241379 -1.3793104 -17.405687426235467
23.241379 -1.5517242 -17.373232473870917
23.241379 -1.7241379 -17.334183635315526
23.241379 -1.8965517 -17.28512136108046
23.241379 -2.0689654 -17.223000480959392
23.241379 -2.2413793 -17.145557528334553
23.241379 -2.4137931 -17.051716207528127
23.241379 -2.5862069 -16.941768988877158
23.241379 -2.7586207 -16.8172107066064
23.241379 -2.9310346 -16.680296535791097
23.241379 -3.1034484 -16.533531637770167
23.241379 -3.275862 -16.379273576421536
23.241379 -3.4482758 -16.219515910581684
23.241379 -3.6206896 -16.05582732948017
23.241379 -3.7931035 -15.889381600950975
23.241379 -3.9655173 -15.721027830283425
23.241379 -4.1379309 -15.551365793328578
23.241379 -4.3103447 -15.3808119865046
23.241379 -4.4827585 -15.209653295485376
23.241379 -4.6551723 -15.03808542820891
23.241379 -4.8275862 -14.866241222548677
23.241379 -5.0 -14.69421087572466

23.586206 0.0 -18.149013239834616
23.586206 -0.1724138 -17.994340559706146
23.586206 -0.34482759 -17.866082334267812
23.586206 -0.51724136 -17.759650641830817
23.586206 -0.68965518 -17.67195051348154
23.586206 -0.86206895 -17.600915905276455
23.586206 -1.0344827 -17.543578421770874
23.586206 -1.2068965 -17.495856171339373
23.586206 -1.3793104 -17.453135718427436
23.586206 -1.5517242 -17.410732360495043
23.586206 -1.7241379 -17.36411900526558
23.586206 -1.8965517 -17.309105089882255
23.586206 -2.0689654 -17.242115634082573
23.586206 -2.2413793 -17.160578680635417
23.586206 -2.4137931 -17.063276781699845
23.586206 -2.5862069 -16.950454162294207
23.586206 -2.7586207 -16.82358083966778
23.586206 -2.9310346 -16.684869531688758
23.586206 -3.1034484 -16.536756943995886
23.586206 -3.275862 -16.381517321522296
23.586206 -3.4482758 -16.221060941344046
23.586206 -3.6206896 -16.0568834182544
23.586206 -3.7931035 -15.890099736257218
23.586206 -3.9655173 -15.721514398911554
23.586206 -4.1379309 -15.551694648111026
23.586206 -4.3103447 -15.381033871686629
23.586206 -4.4827585 -15.209802833889443
23.586206 -4.6551723 -15.038186130398186
23.586206 -4.8275862 -14.866309001758474
23.586206 -5.0 -14.69425647942633

23.931034 0.0 -18.51167597878774
23.931034 -0.1724138 -18.32549576962836
23.931034 -0.34482759 -18.149965120713894
23.931034 -0.51724136 -17.998293388942574
23.931034 -0.68965518 -17.87238144930261
23.931034 -0.86206895 -17.767708558443523
23.931034 -1.0344827 -17.68016171521308
23.931034 -1.2068965 -17.606319978433177
23.931034 -1.3793104 -17.542069518707553
23.931034 -1.5517242 -17.48240764469058
23.931034 -1.7241379 -17.42198083643253
23.931034 -1.8965517 -17.35569704406335
23.931034 -2.0689654 -17.279272734333585
23.931034 -2.2413793 -17.18971093922734
23.931034 -2.4137931 -17.08561055714489
23.931034 -2.5862069 -16.96715884062354
23.931034 -2.7586207 -16.83578114498438
23.931034 -2.9310346 -16.693596172813397
23.931034 -3.1034484 -16.542894024597064
23.931034 -3.275862 -16.38577737323644
23.931034 -3.4482758 -16.223989717219382
23.931034 -3.6206896 -16.058883083759934
23.931034 -3.7931035 -15.891458423838827
23.931034 -3.9655173 -15.722434467931079
23.931034 -4.1379309 -15.552316258570425
23.931034 -4.3103447 -15.381453178717113
23.931034 -4.4827585 -15.2100853751205
23.931034 -4.6551723 -15.038376377249058
23.931034 -4.8275862 -14.866437040374835
23.931034 -5.0 -14.694342622743099

24.275862 0.0 -18.882145245211674
24.275862 -0.1724138 -18.6784683014983
24.275862 -0.34482759 -18.49437435155072
24.275862 -0.51724136 -18.316470890280772
24.275862 -0.68965518 -18.148776589272615
24.275862 -0.86206895 -18.002209424004235
24.275862 -1.0344827 -17.87897464510047
24.275862 -1.2068965 -17.774600178912802
24.275862 -1.3793104 -17.683439703955255
24.275862 -1.5517242 -17.600034221455413
24.275862 -1.7241379 -17.51883618316864
24.275862 -1.8965517 -17.434414879350907
24.275862 -2.0689654 -17.34213259897507
24.275862 -2.2413793 -17.238799220785857
24.275862 -2.4137931 -17.12298754826206
24.275862 -2.5862069 -16.994900668525677
24.275862 -2.7586207 -16.855895552615298
24.275862 -2.9310346 -16.707895049008524
24.275862 -3.1034484 -16.552900916510783
24.275862 -3.275862 -16.392698262600028
24.275862 -3.4482758 -16.22873519065857
24.275862 -3.6206896 -16.062117038058872
24.275862 -3.7931035 -15.893652881567096
24.275862 -3.9655173 -15.723919159654237
24.275862 -4.1379309 -15.553318717378627
24.275862 -4.3103447 -15.382129103612822
24.275862 -4.4827585 -15.210540703707116
24.275862 -4.6551723 -15.038682910301091
24.275862 -4.8275862 -14.866643314448597
24.275862 -5.0 -14.694481390133197

24.620689 0.0 -19.25082761721692
24.620689 -0.1724138 -19.03669618975091
24.620689 -0.34482759 -18.823513699350844
24.620689 -0.51724136 -18.62935370547026
24.620689 -0.68965518 -18.454539168918817
24.620689 -0.86206895 -18.289204242290563
24.620689 -1.0344827 -18.1332404932598
24.620689 -1.2068965 -17.99249131525733
24.620689 -1.3793104 -17.86795443300319
24.620689 -1.5517242 -17.755133670787075
24.620689 -1.7241379 -17.647612740462147
24.620689 -1.8965517 -17.539331700928237
24.620689 -2.0689654 -17.425563476348525
24.620689 -2.2413793 -17.30335585202383
24.620689 -2.4137931 -17.17157119807084
24.620689 -2.5862069 -17.03053243139344
24.620689 -2.7586207 -16.881455836110963
24.620689 -2.9310346 -16.725906527053144
24.620689 -3.1034484 -16.565420928926745
24.620689 -3.275862 -16.401313989390253
24.620689 -3.4482758 -16.234621570402187
24.620689 -3.6206896 -16.066118375566283
24.620689 -3.7931035 -15.896363310881496
24.620689 -3.9655173 -15.725750737295899
24.620689 -4.1379309 -15.554554379889844
24.620689 -4.3103447 -15.382961807101486
24.620689 -4.4827585 -15.211101433382614
24.620689 -4.6551723 -15.03906030488586
24.620689 -4.8275862 -14.86689722962073
24.620689 -5.0 -14.694652187568

24.965517 0.0 -19.498007875587152
24.965517 -0.1724138 -19.29791135234094
24.965517 -0.34482759 -19.10353583553843
24.965517 -0.51724136 -18.907960056508873
24.965517 -0.68965518 -18.713419105568168
24.965517 -0.86206895 -18.531760519340025
24.965517 -1.0344827 -18.36616997743825
24.965517 -1.2068965 -18.211372582536324
24.965517 -1.3793104 -18.063692733805777
24.965517 -1.5517242 -17.922237968509286
24.965517 -1.7241379 -17.78523335865208
24.965517 -1.8965517 -17.64930025904583
24.965517 -2.0689654 -17.51095460918743
24.965517 -2.2413793 -17.367839110463176
24.965517 -2.4137931 -17.21902036734408
24.965517 -2.5862069 -17.064670108601636
24.965517 -2.7586207 -16.905569855306613
24.965517 -2.9310346 -16.742700009961105
24.965517 -3.1034484 -16.576993595418898
24.965517 -3.275862 -16.409228533627438
24.965517 -3.4482758 -16.240005381963837
24.965517 -3.6206896 -16.069767056589093
24.965517 -3.7931035 -15.8988297442153
24.965517 -3.9655173 -15.72741508298905
24.965517 -4.1379309 -15.555676145225116
24.965517 -4.3103447 -15.383717266335832
24.965517 -4.4827585 -15.211609925387425
24.965517 -4.6551723 -15.039402440356344
24.965517 -4.8275862 -14.867127376326723
24.965517 -5.0 -14.694806976299155

25.310345 0.0 -19.62160798680756
25.310345 -0.1724138 -19.440441782121898
25.310345 -0.34482759 -19.254941184327933
25.310345 -0.51724136 -19.069315218840853
25.310345 -0.68965518 -18.88788841674002
25.310345 -0.86206895 -18.708406530991436
25.310345 -1.0344827 -18.530756548680873
25.310345 -1.2068965 -18.359329690919115
25.310345 -1.3793104 -18.196137923795554
25.310345 -1.5517242 -18.038990742017162
25.310345 -1.7241379 -17.884491784099076
25.310345 -1.8965517 -17.72998854044268
25.310345 -2.0689654 -17.57379202790694
25.310345 -2.2413793 -17.415010601995107
25.310345 -2.4137931 -17.25339915023209
25.310345 -2.5862069 -17.08915910528492
25.310345 -2.7586207 -16.92271866225246
25.310345 -2.9310346 -16.75456064628236
25.310345 -3.1034484 -16.585124744695307
25.310345 -3.275862 -16.414768639298725
25.310345 -3.4482758 -16.24376404880219
25.310345 -3.6206896 -16.072309681231353
25.310345 -3.7931035 -15.900546338049322
25.310345 -3.9655173 -15.728572440828604
25.310345 -4.1379309 -15.556455745790872
25.310345 -4.3103447 -15.384242084979697
25.310345 -4.4827585 -15.211963081110856
25.310345 -4.6551723 -15.039640016007304
25.310345 -4.8275862 -14.867287168625026
25.310345 -5.0 -14.694914438296532

25.655172 0.0 -19.670234209234884
25.655172 -0.1724138 -19.493077508792855
25.655172 -0.34482759 -19.31704920270203
25.655172 -0.51724136 -19.141448155120212
25.655172 -0.68965518 -18.964555247125784
25.655172 -0.86206895 -18.787870958719918
25.655172 -1.0344827 -18.613710983430025
25.655172 -1.2068965 -18.441982446047632
25.655172 -1.3793104 -18.271940960973666
25.655172 -1.5517242 -18.103617363508317
25.655172 -1.7241379 -17.936874978185443
25.655172 -1.8965517 -17.77092388430234
25.655172 -2.0689654 -17.604808155863754
25.655172 -2.2413793 -17.43787249447053
25.655172 -2.4137931 -17.26985779995287
25.655172 -2.5862069 -17.10078523858768
25.655172 -2.7586207 -16.93081315115952
25.655172 -2.9310346 -16.760136770579496
25.655172 -3.1034484 -16.588937036568424
25.655172 -3.275862 -16.41736125300464
25.655172 -3.4482758 -16.24552075376805
25.655172 -3.6206896 -16.073497009367827
25.655172 -3.7931035 -15.90134746486269
25.655172 -3.9655173 -15.72911236068284
25.655172 -4.1379309 -15.556819340648437
25.655172 -4.3103447 -15.384486809028846
25.655172 -4.4827585 -15.21212773841404
25.655172 -4.6551723 -15.039750775573722
25.655172 -4.8275862 -14.86736166091514
25.655172 -5.0 -14.694964533293899

26.0 0.0 -19.687258876330645
26.0 -0.1724138 -19.513474726075188
26.0 -0.34482759 -19.33942130011265
26.0 -0.51724136 -19.165179833219444
26.0 -0.68965518 -18.991525558121896
26.0 -0.86206895 -18.81846261246505
26.0 -1.0344827 -18.64542726357292
26.0 -1.2068965 -18.47264410227668
26.0 -1.3793104 -18.300748435588783
26.0 -1.5517242 -18.12982639953673
26.0 -1.7241379 -17.959487444514362
26.0 -1.8965517 -17.78930744461959
26.0 -2.0689654 -17.61899461399069
26.0 -2.2413793 -17.448385781316496
26.0 -2.4137931 -17.277421367537173
26.0 -2.5862069 -17.106113169515996
26.0 -2.7586207 -16.934511345535995
26.0 -2.9310346 -16.762677722971763
26.0 -3.1034484 -16.590670720187504
26.0 -3.275862 -16.418538521345905
26.0 -3.4482758 -16.246317604896145
26.0 -3.6206896 -16.07403519106005
26.0 -3.7931035 -15.90171040829911
26.0 -3.9655173 -15.729356881803653
26.0 -4.1379309 -15.556983968187923
26.0 -4.3103447 -15.384597596875832
26.0 -4.4827585 -15.212202271597294
26.0 -4.6551723 -15.039800907957252
26.0 -4.8275862 -14.867395376225742
26.0 -5.0 -14.69498720560947
