# KROME file, XRAY He rate
# Distance = 5 kpc
# Xray rate including primary He ionization in 1/s
# first line indicates the size of the table (30x30)
# then first column is the parameter log10(nH), where nH is the H column density in cm-2
# second column is log10(xHe), where xHe = nHe/nH both in cm-2
# third column is log10(rate), where rate is in units of 1/s
30, 30
16.0 0.0 -16.68635843875112
16.0 -0.1724138 -16.68445462955638
16.0 -0.34482759 -16.681646016735378
16.0 -0.51724136 -16.67750841716734
16.0 -0.68965518 -16.671432027152186
16.0 -0.86206895 -16.662553741431452
16.0 -1.0344827 -16.64967990910489
16.0 -1.2068965 -16.631214985743014
16.0 -1.3793104 -16.605129162154835
16.0 -1.5517242 -16.56901861736272
16.0 -1.7241379 -16.520318874583587
16.0 -1.8965517 -16.456696170327323
16.0 -2.0689654 -16.37654537400441
16.0 -2.2413793 -16.279407699782332
16.0 -2.4137931 -16.16610175964626
16.0 -2.5862069 -16.038493469001786
16.0 -2.7586207 -15.899031946427035
16.0 -2.9310346 -15.750267637375392
16.0 -3.1034484 -15.594510575839557
16.0 -3.275862 -15.433666157779234
16.0 -3.4482758 -15.269207695049188
16.0 -3.6206896 -15.102225668707424
16.0 -3.7931035 -14.933502316233554
16.0 -3.9655173 -14.763587550597821
16.0 -4.1379309 -14.592862259992552
16.0 -4.3103447 -14.42158727340287
16.0 -4.4827585 -14.249940820634656
16.0 -4.6551723 -14.078043698885889
16.0 -4.8275862 -13.905977526201125
16.0 -5.0 -13.733797672160279

16.344828 0.0 -16.686398174340194
16.344828 -0.1724138 -16.684488100086185
16.344828 -0.34482759 -16.68167400752967
16.344828 -0.51724136 -16.677531545304454
16.344828 -0.68965518 -16.67145085305542
16.344828 -0.86206895 -16.662568839065184
16.344828 -1.0344827 -16.649691875803956
16.344828 -1.2068965 -16.63122440603441
16.344828 -1.3793104 -16.605136559633827
16.344828 -1.5517242 -16.56902442277401
16.344828 -1.7241379 -16.52032341989202
16.344828 -1.8965517 -16.456699703853573
16.344828 -2.0689654 -16.376548085323037
16.344828 -2.2413793 -16.279409743022583
16.344828 -2.4137931 -16.166103268095316
16.344828 -2.5862069 -16.038494560191026
16.344828 -2.7586207 -15.899032721591135
16.344828 -2.9310346 -15.750268179888781
16.344828 -3.1034484 -15.594510951164821
16.344828 -3.275862 -15.433666415221053
16.344828 -3.4482758 -15.269207870545388
16.344828 -3.6206896 -15.102225787822416
16.344828 -3.7931035 -14.933502396836928
16.344828 -3.9655173 -14.76358760502789
16.344828 -4.1379309 -14.592862296696257
16.344828 -4.3103447 -14.421587298129403
16.344828 -4.4827585 -14.249940837281578
16.344828 -4.6551723 -14.07804371008836
16.344828 -4.8275862 -13.905977533737545
16.344828 -5.0 -13.733797677229363

16.689655 0.0 -16.686457267824558
16.689655 -0.1724138 -16.684537877280427
16.689655 -0.34482759 -16.68171563594363
16.689655 -0.51724136 -16.67756594235959
16.689655 -0.68965518 -16.671478851997904
16.689655 -0.86206895 -16.662591293343706
16.689655 -1.0344827 -16.64970967368038
16.689655 -1.2068965 -16.63123841677004
16.689655 -1.3793104 -16.6051475619057
16.689655 -1.5517242 -16.569033057190705
16.689655 -1.7241379 -16.520330180164766
16.689655 -1.8965517 -16.456704959300158
16.689655 -2.0689654 -16.376552117894043
16.689655 -2.2413793 -16.27941278195389
16.689655 -2.4137931 -16.16610551162586
16.689655 -2.5862069 -16.038496183126572
16.689655 -2.7586207 -15.899033874499292
16.689655 -2.9310346 -15.750268986773342
16.689655 -3.1034484 -15.594511509389012
16.689655 -3.275862 -15.433666798116214
16.689655 -3.4482758 -15.269208131562186
16.689655 -3.6206896 -15.102225964983008
16.689655 -3.7931035 -14.933502516718907
16.689655 -3.9655173 -14.763587685982122
16.689655 -4.1379309 -14.592862351285937
16.689655 -4.3103447 -14.42158733490535
16.689655 -4.4827585 -14.249940862040665
16.689655 -4.6551723 -14.078043726749879
16.689655 -4.8275862 -13.905977544946515
16.689655 -5.0 -13.73379768476865

17.034483 0.0 -16.686545145085475
17.034483 -0.1724138 -16.68461190238802
17.034483 -0.34482759 -16.68177754420841
17.034483 -0.51724136 -16.67761709745527
17.034483 -0.68965518 -16.671520492599477
17.034483 -0.86206895 -16.662624688311976
17.034483 -1.0344827 -16.6497361437733
17.034483 -1.2068965 -16.631259254593655
17.034483 -1.3793104 -16.6051639254287
17.034483 -1.5517242 -16.56904589909688
17.034483 -1.7241379 -16.52034023469928
17.034483 -1.8965517 -16.4567127757229
17.034483 -2.0689654 -16.376558115537936
17.034483 -2.2413793 -16.27941730175695
17.034483 -2.4137931 -16.16610884842798
17.034483 -2.5862069 -16.038498596916817
17.034483 -2.7586207 -15.899035589217513
17.034483 -2.9310346 -15.750270186850816
17.034483 -3.1034484 -15.594512339634253
17.034483 -3.275862 -15.433667367594959
17.034483 -3.4482758 -15.269208519771565
17.034483 -3.6206896 -15.102226228473311
17.034483 -3.7931035 -14.933502695018923
17.034483 -3.9655173 -14.763587806385038
17.034483 -4.1379309 -14.592862432476956
17.034483 -4.3103447 -14.421587389602072
17.034483 -4.4827585 -14.249940898864757
17.034483 -4.6551723 -14.078043751530487
17.034483 -4.8275862 -13.90597756161757
17.034483 -5.0 -13.7337976959818

17.379311 0.0 -16.68667581462958
17.379311 -0.1724138 -16.684721978816768
17.379311 -0.34482759 -16.68186960590561
17.379311 -0.51724136 -16.677693170786775
17.379311 -0.68965518 -16.671582418455486
17.379311 -0.86206895 -16.662674352783323
17.379311 -1.0344827 -16.649775510399913
17.379311 -1.2068965 -16.63129024528391
17.379311 -1.3793104 -16.605188262044912
17.379311 -1.5517242 -16.569064998329726
17.379311 -1.7241379 -16.52035518845484
17.379311 -1.8965517 -16.456724400839885
17.379311 -2.0689654 -16.37656703565029
17.379311 -2.2413793 -16.279424023921248
17.379311 -2.4137931 -16.166113811148545
17.379311 -2.5862069 -16.038502186868346
17.379311 -2.7586207 -15.899038139460231
17.379311 -2.9310346 -15.750271971684603
17.379311 -3.1034484 -15.594513574428756
17.379311 -3.275862 -15.433668214560345
17.379311 -3.4482758 -15.269209097141356
17.379311 -3.6206896 -15.102226620352859
17.379311 -3.7931035 -14.93350296019802
17.379311 -3.9655173 -14.76358798545588
17.379311 -4.1379309 -14.592862553229372
17.379311 -4.3103447 -14.421587470950492
17.379311 -4.4827585 -14.249940953631873
17.379311 -4.6551723 -14.078043788385772
17.379311 -4.8275862 -13.905977586411815
17.379311 -5.0 -13.733797712658705

17.724138 0.0 -16.686870088420562
17.724138 -0.1724138 -16.684885645413246
17.724138 -0.34482759 -16.682006494441527
17.724138 -0.51724136 -16.67780629098007
17.724138 -0.68965518 -16.6716745051318
17.724138 -0.86206895 -16.66274820866766
17.724138 -1.0344827 -16.649834053984556
17.724138 -1.2068965 -16.631336333671328
17.724138 -1.3793104 -16.605224455257456
17.724138 -1.5517242 -16.569093402845898
17.724138 -1.7241379 -16.52037742793037
17.724138 -1.8965517 -16.456741689966687
17.724138 -2.0689654 -16.37658030185156
17.724138 -2.2413793 -16.279434021281098
17.724138 -2.4137931 -16.166121191816444
17.724138 -2.5862069 -16.038507525918032
17.724138 -2.7586207 -15.89904193222966
17.724138 -2.9310346 -15.750274626120984
17.724138 -3.1034484 -15.594515410835712
17.724138 -3.275862 -15.433669474180729
17.724138 -3.4482758 -15.269209955814567
17.724138 -3.6206896 -15.102227203161979
17.724138 -3.7931035 -14.933503354576263
17.724138 -3.9655173 -14.76358825177263
17.724138 -4.1379309 -14.592862732814101
17.724138 -4.3103447 -14.421587591933024
17.724138 -4.4827585 -14.249941035082303
17.724138 -4.6551723 -14.078043843197475
17.724138 -4.8275862 -13.90597762328617
17.724138 -5.0 -13.733797737460831

18.068966 0.0 -16.687158872130617
18.068966 -0.1724138 -16.685128953733134
18.068966 -0.34482759 -16.682210009819432
18.068966 -0.51724136 -16.677974480685826
18.068966 -0.68965518 -16.671811429720563
18.068966 -0.86206895 -16.662858031163136
18.068966 -1.0344827 -16.64992111086303
18.068966 -1.2068965 -16.631404871272483
18.068966 -1.3793104 -16.605278279068543
18.068966 -1.5517242 -16.569135644551693
18.068966 -1.7241379 -16.520410501627286
18.068966 -1.8965517 -16.456767401823246
18.068966 -2.0689654 -16.37660003097301
18.068966 -2.2413793 -16.27944888907068
18.068966 -2.4137931 -16.166132168122562
18.068966 -2.5862069 -16.03851546597863
18.068966 -2.7586207 -15.899047572703955
18.068966 -2.9310346 -15.75027857370092
18.068966 -3.1034484 -15.59451814186963
18.068966 -3.275862 -15.433671347438363
18.068966 -3.4482758 -15.269211232798714
18.068966 -3.6206896 -15.102228069891844
18.068966 -3.7931035 -14.93350394107929
18.068966 -3.9655173 -14.76358864782782
18.068966 -4.1379309 -14.592862999885005
18.068966 -4.3103447 -14.421587771853174
18.068966 -4.4827585 -14.249941156211964
18.068966 -4.6551723 -14.078043924711134
18.068966 -4.8275862 -13.905977678124154
18.068966 -5.0 -13.733797774345511

18.413794 0.0 -16.687588018652477
18.413794 -0.1724138 -16.68549056911058
18.413794 -0.34482759 -16.682512517569315
18.413794 -0.51724136 -16.678224504814597
18.413794 -0.68965518 -16.672014994033585
18.413794 -0.86206895 -16.66302131512623
18.413794 -1.0344827 -16.650050554715477
18.413794 -1.2068965 -16.631506783773563
18.413794 -1.3793104 -16.60535831550747
18.413794 -1.5517242 -16.569198459755903
18.413794 -1.7241379 -16.520459684312815
18.413794 -1.8965517 -16.45680563726984
18.413794 -2.0689654 -16.3766293697257
18.413794 -2.2413793 -16.27947099863486
18.413794 -2.4137931 -16.16614849071702
18.413794 -2.5862069 -16.038527273419202
18.413794 -2.7586207 -15.899055960475174
18.413794 -2.9310346 -15.750284444010925
18.413794 -3.1034484 -15.594522203089777
18.413794 -3.275862 -15.433674133087752
18.413794 -3.4482758 -15.269213131751167
18.413794 -3.6206896 -15.10222935877069
18.413794 -3.7931035 -14.93350481324381
18.413794 -3.9655173 -14.76358923678504
18.413794 -4.1379309 -14.592863397034975
18.413794 -4.3103447 -14.421588039404869
18.413794 -4.4827585 -14.249941336338775
18.413794 -4.6551723 -14.078044045926651
18.413794 -4.8275862 -13.905977759671403
18.413794 -5.0 -13.733797829195156

18.758621 0.0 -16.688225477743554
18.758621 -0.1724138 -16.68602782121722
18.758621 -0.34482759 -16.682962029178217
18.758621 -0.51724136 -16.67859608322642
18.758621 -0.68965518 -16.67231756421722
18.758621 -0.86206895 -16.66326404071696
18.758621 -1.0344827 -16.65024299334117
18.758621 -1.2068965 -16.631658303199245
18.758621 -1.3793104 -16.605477316485334
18.758621 -1.5517242 -16.569291858800273
18.758621 -1.7241379 -16.520532814900047
18.758621 -1.8965517 -16.45686249084683
18.758621 -2.0689654 -16.376672994682448
18.758621 -2.2413793 -16.279503874209976
18.758621 -2.4137931 -16.16617276135446
18.758621 -2.5862069 -16.038544830254317
18.758621 -2.7586207 -15.899068432459368
18.758621 -2.9310346 -15.750293172694494
18.758621 -3.1034484 -15.59452824178702
18.758621 -3.275862 -15.433678275110132
18.758621 -3.4482758 -15.269215955327596
18.758621 -3.6206896 -15.102231275219305
18.758621 -3.7931035 -14.933506110074378
18.758621 -3.9655173 -14.763590112511343
18.758621 -4.1379309 -14.59286398756102
18.758621 -4.3103447 -14.421588437229937
18.758621 -4.4827585 -14.249941604170951
18.758621 -4.6551723 -14.07804422616308
18.758621 -4.8275862 -13.905977880924723
18.758621 -5.0 -13.733797910751573

19.103449 0.0 -16.68917177639941
19.103449 -0.1724138 -16.686825593737726
19.103449 -0.34482759 -16.683629681248853
19.103449 -0.51724136 -16.679148103218598
19.103449 -0.68965518 -16.67276715084936
19.103449 -0.86206895 -16.663624763325235
19.103449 -1.0344827 -16.65052902071548
19.103449 -1.2068965 -16.631883534250225
19.103449 -1.3793104 -16.605654222673344
19.103449 -1.5517242 -16.56943071236452
19.103449 -1.7241379 -16.520641539363393
19.103449 -1.8965517 -16.45694701739629
19.103449 -2.0689654 -16.376737854083256
19.103449 -2.2413793 -16.279552751936986
19.103449 -2.4137931 -16.166208845552802
19.103449 -2.5862069 -16.038570932617763
19.103449 -2.7586207 -15.899086974901936
19.103449 -2.9310346 -15.750306149812799
19.103449 -3.1034484 -15.594537219615395
19.103449 -3.275862 -15.433684433105926
19.103449 -3.4482758 -15.269220153165891
19.103449 -3.6206896 -15.102234124418288
19.103449 -3.7931035 -14.933508038080706
19.103449 -3.9655173 -14.763591414458466
19.103449 -4.1379309 -14.592864865498983
19.103449 -4.3103447 -14.421589028678248
19.103449 -4.4827585 -14.24994200235817
19.103449 -4.6551723 -14.078044494121299
19.103449 -4.8275862 -13.905978061192505
19.103449 -5.0 -13.733798032001804

19.448277 0.0 -16.690575234033943
19.448277 -0.1724138 -16.68800927478063
19.448277 -0.34482759 -16.684620663545125
19.448277 -0.51724136 -16.67996772043842
19.448277 -0.68965518 -16.673434867829094
19.448277 -0.86206895 -16.664160630176347
19.448277 -1.0344827 -16.650954008509256
19.448277 -1.2068965 -16.63221824007249
19.448277 -1.3793104 -16.605917144306286
19.448277 -1.5517242 -16.569637094991364
19.448277 -1.7241379 -16.52080314763281
19.448277 -1.8965517 -16.45707266089862
19.448277 -2.0689654 -16.376834264429487
19.448277 -2.2413793 -16.279625406230995
19.448277 -2.4137931 -16.166262482582525
19.448277 -2.5862069 -16.03860973193681
19.448277 -2.7586207 -15.89911453672399
19.448277 -2.9310346 -15.750325439112217
19.448277 -3.1034484 -15.594550564268905
19.448277 -3.275862 -15.433693586322985
19.448277 -3.4482758 -15.269226392796856
19.448277 -3.6206896 -15.102238359435246
19.448277 -3.7931035 -14.933510903843601
19.448277 -3.9655173 -14.76359334965355
19.448277 -4.1379309 -14.592866170452274
19.448277 -4.3103447 -14.421589907797422
19.448277 -4.4827585 -14.249942594217021
19.448277 -4.6551723 -14.078044892409856
19.448277 -4.8275862 -13.905978329139446
19.448277 -5.0 -13.733798212226057

19.793104 0.0 -16.69265385064821
19.793104 -0.1724138 -16.68976348284474
19.793104 -0.34482759 -16.686090090728264
19.793104 -0.51724136 -16.681183628101557
19.793104 -0.68965518 -16.674425844115838
19.793104 -0.86206895 -16.664956207247666
19.793104 -1.0344827 -16.6515851520185
19.793104 -1.2068965 -16.63271541922773
19.793104 -1.3793104 -16.60630775806872
19.793104 -1.5517242 -16.56994374500941
19.793104 -1.7241379 -16.521043287016994
19.793104 -1.8965517 -16.457259365721285
19.793104 -2.0689654 -16.376977530975168
19.793104 -2.2413793 -16.279733370931762
19.793104 -2.4137931 -16.166342186800055
19.793104 -2.5862069 -16.038667386760064
19.793104 -2.7586207 -15.899155492444786
19.793104 -2.9310346 -15.750354101934612
19.793104 -3.1034484 -15.594570393530724
19.793104 -3.275862 -15.433707187314933
19.793104 -3.4482758 -15.269235664381812
19.793104 -3.6206896 -15.102244652308759
19.793104 -3.7931035 -14.933515162114157
19.793104 -3.9655173 -14.763596225178654
19.793104 -4.1379309 -14.592868109493212
19.793104 -4.3103447 -14.421591214087092
19.793104 -4.4827585 -14.24994347366409
19.793104 -4.6551723 -14.07804548422935
19.793104 -4.8275862 -13.905978727283427
19.793104 -5.0 -13.733798480022331

20.137932 0.0 -16.69572627396041
20.137932 -0.1724138 -16.692358764670963
20.137932 -0.34482759 -16.688265781224448
20.137932 -0.51724136 -16.682985211108456
20.137932 -0.68965518 -16.675895054069127
20.137932 -0.86206895 -16.666136339603508
20.137932 -1.0344827 -16.652521771278515
20.137932 -1.2068965 -16.633453481029772
20.137932 -1.3793104 -16.606887765099028
20.137932 -1.5517242 -16.57039915306712
20.137932 -1.7241379 -16.52139995608896
20.137932 -1.8965517 -16.457536685475482
20.137932 -2.0689654 -16.377190334288457
20.137932 -2.2413793 -16.27989373770051
20.137932 -2.4137931 -16.166460574901066
20.137932 -2.5862069 -16.038753022467983
20.137932 -2.7586207 -15.899216323667101
20.137932 -2.9310346 -15.750396674002836
20.137932 -3.1034484 -15.594599845036743
20.137932 -3.275862 -15.43372738808579
20.137932 -3.4482758 -15.269249434851298
20.137932 -3.6206896 -15.102253998656623
20.137932 -3.7931035 -14.933521486595614
20.137932 -3.9655173 -14.763600495966184
20.137932 -4.1379309 -14.592870989391757
20.137932 -4.3103447 -14.421593154210253
20.137932 -4.4827585 -14.249944779832692
20.137932 -4.6551723 -14.078046363208585
20.137932 -4.8275862 -13.905979318612706
20.137932 -5.0 -13.733798877757204

20.482758 0.0 -16.70025437913163
20.482758 -0.1724138 -16.696188736577092
20.482758 -0.34482759 -16.691480266299717
20.482758 -0.51724136 -16.685649697833988
20.482758 -0.68965518 -16.678069928321158
20.482758 -0.86206895 -16.66788463829364
20.482758 -1.0344827 -16.65391019641012
20.482758 -1.2068965 -16.634548106721958
20.482758 -1.3793104 -16.607748288048768
20.482758 -1.5517242 -16.57107498116295
20.482758 -1.7241379 -16.521929334808043
20.482758 -1.8965517 -16.45794832406787
20.482758 -2.0689654 -16.37750621702432
20.482758 -2.2413793 -16.280131783383712
20.482758 -2.4137931 -16.166636304638022
20.482758 -2.5862069 -16.03888013281974
20.482758 -2.7586207 -15.899306614102011
20.482758 -2.9310346 -15.750459861444757
20.482758 -3.1034484 -15.594643557606993
20.482758 -3.275862 -15.433757370142791
20.482758 -3.4482758 -15.269269872850423
20.482758 -3.6206896 -15.102267870330072
20.482758 -3.7931035 -14.933530873231186
20.482758 -3.9655173 -14.763606834542268
20.482758 -4.1379309 -14.59287526364302
20.482758 -4.3103447 -14.421596033673655
20.482758 -4.4827585 -14.249946718400954
20.482758 -4.6551723 -14.078047667756998
20.482758 -4.8275862 -13.905980196241337
20.482758 -5.0 -13.733799468060147

20.827587 0.0 -16.706899974534817
20.827587 -0.1724138 -16.70182042277826
20.827587 -0.34482759 -16.69621482791039
20.827587 -0.51724136 -16.689580004557715
20.827587 -0.68965518 -16.68128222565629
20.827587 -0.86206895 -16.670469787972863
20.827587 -1.0344827 -16.65596511404368
20.827587 -1.2068965 -16.63616936052267
20.827587 -1.3793104 -16.609023486083373
20.827587 -1.5517242 -16.572076843215417
20.827587 -1.7241379 -16.522714271399494
20.827587 -1.8965517 -16.45855875218321
20.827587 -2.0689654 -16.377974665879144
20.827587 -2.2413793 -16.28048479913228
20.827587 -2.4137931 -16.166896899569483
20.827587 -2.5862069 -16.039068621369186
20.827587 -2.7586207 -15.899440498413592
20.827587 -2.9310346 -15.750553553998321
20.827587 -3.1034484 -15.594708371776942
20.827587 -3.275862 -15.433801824782472
20.827587 -3.4482758 -15.269300176038476
20.827587 -3.6206896 -15.102288437511133
20.827587 -3.7931035 -14.93354479046992
20.827587 -3.9655173 -14.763616232487475
20.827587 -4.1379309 -14.592881600879913
20.827587 -4.3103447 -14.421600302913633
20.827587 -4.4827585 -14.249949592617616
20.827587 -4.6551723 -14.078049601942839
20.827587 -4.8275862 -13.90598149745468
20.827587 -5.0 -13.733800343270588

21.172413 0.0 -16.716595135396343
21.172413 -0.1724138 -16.71005845529698
21.172413 -0.34482759 -16.703157005674473
21.172413 -0.51724136 -16.695355171014654
21.172413 -0.68965518 -16.686011258973036
21.172413 -0.86206895 -16.674281755307593
21.172413 -1.0344827 -16.658999298998026
21.172413 -1.2068965 -16.638565741203415
21.172413 -1.3793104 -16.61090981969216
21.172413 -1.5517242 -16.573559627599863
21.172413 -1.7241379 -16.523876377740045
21.172413 -1.8965517 -16.459462650156492
21.172413 -2.0689654 -16.378668367759985
21.172413 -2.2413793 -16.28100755706315
21.172413 -2.4137931 -16.167282780129604
21.172413 -2.5862069 -16.03934771316623
21.172413 -2.7586207 -15.89963872770378
21.172413 -2.9310346 -15.75069226884195
21.172413 -3.1034484 -15.59480432773824
21.172413 -3.275862 -15.433867637115588
21.172413 -3.4482758 -15.26934503714872
21.172413 -3.6206896 -15.102318884930396
21.172413 -3.7931035 -14.933565393194003
21.172413 -3.9655173 -14.763630144873888
21.172413 -4.1379309 -14.592890982259826
21.172413 -4.3103447 -14.421606622898416
21.172413 -4.4827585 -14.249953847465871
21.172413 -4.6551723 -14.07805246521197
21.172413 -4.8275862 -13.90598342370212
21.172413 -5.0 -13.733801638885033

21.517242 0.0 -16.730622984040256
21.517242 -0.1724138 -16.722022006441957
21.517242 -0.34482759 -16.71327201659635
21.517242 -0.51724136 -16.70379494408961
21.517242 -0.68965518 -16.6929407139238
21.517242 -0.86206895 -16.67988043615198
21.517242 -1.0344827 -16.663464269595156
21.517242 -1.2068965 -16.642097517312134
21.517242 -1.3793104 -16.61369301322567
21.517242 -1.5517242 -16.575749083176454
21.517242 -1.7241379 -16.52559313680339
21.517242 -1.8965517 -16.460798290550688
21.517242 -2.0689654 -16.379693499764773
21.517242 -2.2413793 -16.281780060729453
21.517242 -2.4137931 -16.167852974932668
21.517242 -2.5862069 -16.039760076790596
21.517242 -2.7586207 -15.899931591337486
21.517242 -2.9310346 -15.750897191717048
21.517242 -3.1034484 -15.594946075405993
21.517242 -3.275862 -15.433964852218603
21.517242 -3.4482758 -15.26941130209865
21.517242 -3.6206896 -15.10236385830533
21.517242 -3.7931035 -14.933595824703302
21.517242 -3.9655173 -14.763650694137292
21.517242 -4.1379309 -14.592904838917093
21.517242 -4.3103447 -14.421615957715929
21.517242 -4.4827585 -14.249960131992275
21.517242 -4.6551723 -14.078056694329538
21.517242 -4.8275862 -13.905986268812107
21.517242 -5.0 -13.733803552534388

21.862068 0.0 -16.750695192278393
21.862068 -0.1724138 -16.739224150766233
21.862068 -0.34482759 -16.72788102208377
21.862068 -0.51724136 -16.716034263610762
21.862068 -0.68965518 -16.703027065605554
21.862068 -0.86206895 -16.6880563567928
21.862068 -1.0344827 -16.670002476729177
21.862068 -1.2068965 -16.6472804517301
21.862068 -1.3793104 -16.61778397162302
21.862068 -1.5517242 -16.578970872007446
21.862068 -1.7241379 -16.528121070442637
21.862068 -1.8965517 -16.462765717038863
21.862068 -2.0689654 -16.381203719247463
21.862068 -2.2413793 -16.282918077374752
21.862068 -2.4137931 -16.168692872879987
21.862068 -2.5862069 -16.04036741160819
21.862068 -2.7586207 -15.900362872241567
21.862068 -2.9310346 -15.751198937022185
21.862068 -3.1034484 -15.595154779566665
21.862068 -3.275862 -15.43410797968912
21.862068 -3.4482758 -15.269508858210505
21.862068 -3.6206896 -15.10243006668672
21.862068 -3.7931035 -14.933640624071689
21.862068 -3.9655173 -14.763680945045483
21.862068 -4.1379309 -14.592925237330066
21.862068 -4.3103447 -14.421629699428179
21.862068 -4.4827585 -14.24996938335311
21.862068 -4.6551723 -14.07806291993372
21.862068 -4.8275862 -13.905990457036268
21.862068 -5.0 -13.733806369571846

22.206898 0.0 -16.779012603710182
22.206898 -0.1724138 -16.76364048199916
22.206898 -0.34482759 -16.74873524223668
22.206898 -0.51724136 -16.733599604963555
22.206898 -0.68965518 -16.71757457186635
22.206898 -0.86206895 -16.6999009902628
22.206898 -1.0344827 -16.679510457808167
22.206898 -1.2068965 -16.654840480821537
22.206898 -1.3793104 -16.623764757564604
22.206898 -1.5517242 -16.583688338201835
22.206898 -1.7241379 -16.531826133455986
22.206898 -1.8965517 -16.465650697348835
22.206898 -2.0689654 -16.383418616197325
22.206898 -2.2413793 -16.28458701510059
22.206898 -2.4137931 -16.16992441618059
22.206898 -2.5862069 -16.041257777111102
22.206898 -2.7586207 -15.900995024171214
22.206898 -2.9310346 -15.751641154084208
22.206898 -3.1034484 -15.595460605599252
22.206898 -3.275862 -15.434317693977539
22.206898 -3.4482758 -15.269651791034143
22.206898 -3.6206896 -15.102527066545088
22.206898 -3.7931035 -14.933706256217667
22.206898 -3.9655173 -14.763725262410045
22.206898 -4.1379309 -14.59295512042774
22.206898 -4.3103447 -14.421649830450363
22.206898 -4.4827585 -14.249982936112158
22.206898 -4.6551723 -14.07807204007692
22.206898 -4.8275862 -13.905996592519298
22.206898 -5.0 -13.733810496344843

22.551723 0.0 -16.818299772187636
22.551723 -0.1724138 -16.797749277018383
22.551723 -0.34482759 -16.77806498240389
22.551723 -0.51724136 -16.758466952955303
22.551723 -0.68965518 -16.738299770284765
22.551723 -0.86206895 -16.71687375129423
22.551723 -1.0344827 -16.693203977321613
22.551723 -1.2068965 -16.665773503848605
22.551723 -1.3793104 -16.632440948673626
22.551723 -1.5517242 -16.590546661352697
22.551723 -1.7241379 -16.537219785206304
22.551723 -1.8965517 -16.469853343239485
22.551723 -2.0689654 -16.386645782408316
22.551723 -2.2413793 -16.287018477260755
22.551723 -2.4137931 -16.17171820750442
22.551723 -2.5862069 -16.04255425759104
22.551723 -2.7586207 -15.90191526571869
22.551723 -2.9310346 -15.75228475675101
22.551723 -3.1034484 -15.595905626718558
22.551723 -3.275862 -15.434622818951803
22.551723 -3.4482758 -15.269859732546115
22.551723 -3.6206896 -15.10266817461757
22.551723 -3.7931035 -14.933801728575608
22.551723 -3.9655173 -14.763789727033013
22.551723 -4.1379309 -14.59299858785337
22.551723 -4.3103447 -14.421679112257806
22.551723 -4.4827585 -14.250002649240109
22.551723 -4.6551723 -14.078085305668617
22.551723 -4.8275862 -13.906005516770831
22.551723 -5.0 -13.733816498847029

22.896551 0.0 -16.871856763857092
22.896551 -0.1724138 -16.844566082405823
22.896551 -0.34482759 -16.818607698152114
22.896551 -0.51724136 -16.79309273422367
22.896551 -0.68965518 -16.76737071151259
22.896551 -0.86206895 -16.740850145728302
22.896551 -1.0344827 -16.71267188643356
22.896551 -1.2068965 -16.681400178834984
22.896551 -1.3793104 -16.644893101407085
22.896551 -1.5517242 -16.600418203098872
22.896551 -1.7241379 -16.544996935315964
22.896551 -1.8965517 -16.475918499982008
22.896551 -2.0689654 -16.391304225711835
22.896551 -2.2413793 -16.290527701447147
22.896551 -2.4137931 -16.1743061356883
22.896551 -2.5862069 -16.04442390190357
22.896551 -2.7586207 -15.903241806976029
22.896551 -2.9310346 -15.753212210400086
22.896551 -3.1034484 -15.596546752315225
22.896551 -3.275862 -15.435062317602213
22.896551 -3.4482758 -15.27015920833024
22.896551 -3.6206896 -15.102871377920332
22.896551 -3.7931035 -14.933939204848762
22.896551 -3.9655173 -14.763882549221005
22.896551 -4.1379309 -14.593061174375816
22.896551 -4.3103447 -14.421721272748433
22.896551 -4.4827585 -14.250031032164769
22.896551 -4.6551723 -14.078104405259428
22.896551 -4.8275862 -13.906018365685082
22.896551 -5.0 -13.733825141061962

23.241379 0.0 -16.943618155894864
23.241379 -0.1724138 -16.90770241250253
23.241379 -0.34482759 -16.873643318807346
23.241379 -0.51724136 -16.840427762546796
23.241379 -0.68965518 -16.807411940784263
23.241379 -0.86206895 -16.774129979830413
23.241379 -1.0344827 -16.739893518845243
23.241379 -1.2068965 -16.70339182767212
23.241379 -1.3793104 -16.66250695973897
23.241379 -1.5517242 -16.61443249385035
23.241379 -1.7241379 -16.556062514667577
23.241379 -1.8965517 -16.484557352776847
23.241379 -2.0689654 -16.397940788684185
23.241379 -2.2413793 -16.295525393665862
23.241379 -2.4137931 -16.177989582724653
23.241379 -2.5862069 -16.047083274296483
23.241379 -2.7586207 -15.905127552990812
23.241379 -2.9310346 -15.75452998934819
23.241379 -3.1034484 -15.597457357590413
23.241379 -3.275862 -15.435686374617923
23.241379 -3.4482758 -15.270584358519752
23.241379 -3.6206896 -15.103159815007768
23.241379 -3.7931035 -14.934134326907829
23.241379 -3.9655173 -14.7640142844208
23.241379 -4.1379309 -14.593149994502221
23.241379 -4.3103447 -14.421781103301887
23.241379 -4.4827585 -14.25007130994991
23.241379 -4.6551723 -14.078131508827875
23.241379 -4.8275862 -13.90603659896417
23.241379 -5.0 -13.733837404738184

23.586206 0.0 -17.037775774424304
23.586206 -0.1724138 -16.991266332229557
23.586206 -0.34482759 -16.947005808085652
23.586206 -0.51724136 -16.9039439476352
23.586206 -0.68965518 -16.86150854886269
23.586206 -0.86206895 -16.819418964185935
23.586206 -1.0344827 -16.777212573600437
23.586206 -1.2068965 -16.73374853215162
23.586206 -1.3793104 -16.686959556187887
23.586206 -1.5517242 -16.6339686262264
23.586206 -1.7241379 -16.57152695795431
23.586206 -1.8965517 -16.49664360578011
23.586206 -2.0689654 -16.4072260024949
23.586206 -2.2413793 -16.30251324855436
23.586206 -2.4137931 -16.183135025712698
23.586206 -2.5862069 -16.05079454151422
23.586206 -2.7586207 -15.907756889613973
23.586206 -2.9310346 -15.756366090114838
23.586206 -3.1034484 -15.598725441040042
23.586206 -3.275862 -15.436555072242179
23.586206 -3.4482758 -15.271176006165879
23.586206 -3.6206896 -15.103561129999948
23.586206 -3.7931035 -14.93440577132994
23.586206 -3.9655173 -14.764197530837377
23.586206 -4.1379309 -14.5932735372366
23.586206 -4.3103447 -14.421864319903134
23.586206 -4.4827585 -14.250127329520883
23.586206 -4.6551723 -14.07816920454959
23.586206 -4.8275862 -13.906061957522871
23.586206 -5.0 -13.733854460713339

23.931034 0.0 -17.156719680530028
23.931034 -0.1724138 -17.09864879272214
23.931034 -0.34482759 -17.042492227191584
23.931034 -0.51724136 -16.98741069784143
23.931034 -0.68965518 -16.93313839997507
23.931034 -0.86206895 -16.87978947194489
23.931034 -1.0344827 -16.827280832161176
23.931034 -1.2068965 -16.77472705607556
23.931034 -1.3793104 -16.720144206261168
23.931034 -1.5517242 -16.66058571611246
23.931034 -1.7241379 -16.59264484089599
23.931034 -1.8965517 -16.513160450662046
23.931034 -2.0689654 -16.41990912878868
23.931034 -2.2413793 -16.312046894425954
23.931034 -2.4137931 -16.190144557198227
23.931034 -2.5862069 -16.055842863351806
23.931034 -2.7586207 -15.91132890654552
23.931034 -2.9310346 -15.758857915193376
23.931034 -3.1034484 -15.600445054749324
23.931034 -3.275862 -15.437732421387192
23.931034 -3.4482758 -15.271977545274611
23.931034 -3.6206896 -15.10410466158263
23.931034 -3.7931035 -14.93477333796289
23.931034 -3.9655173 -14.76444563442108
23.931034 -4.1379309 -14.593440790875274
23.931034 -4.3103447 -14.421976972651663
23.931034 -4.4827585 -14.250203161720668
23.931034 -4.6551723 -14.078220230820833
23.931034 -4.8275862 -13.906096283126137
23.931034 -5.0 -13.733877547562937

24.275862 0.0 -17.2974475402016
24.275862 -0.1724138 -17.229231698241005
24.275862 -0.34482759 -17.16141646342316
24.275862 -0.51724136 -17.093386677652468
24.275862 -0.68965518 -17.02540061341105
24.275862 -0.86206895 -16.958336179857405
24.275862 -1.0344827 -16.892885886499343
24.275862 -1.2068965 -16.82870660540295
24.275862 -1.3793104 -16.764033817950306
24.275862 -1.5517242 -16.695883988680205
24.275862 -1.7241379 -16.620682463919167
24.275862 -1.8965517 -16.535081539776733
24.275862 -2.0689654 -16.43671641683486
24.275862 -2.2413793 -16.324652844267842
24.275862 -2.4137931 -16.199390917165548
24.275862 -2.5862069 -16.062487430339896
24.275862 -2.7586207 -15.916021614057547
24.275862 -2.9310346 -15.762126739510252
24.275862 -3.1034484 -15.602698406426066
24.275862 -3.275862 -15.439273976154356
24.275862 -3.4482758 -15.27302644739062
24.275862 -3.6206896 -15.104815655181387
24.275862 -3.7931035 -14.935254022865234
24.275862 -3.9655173 -14.764770032206595
24.275862 -4.1379309 -14.593659449375053
24.275862 -4.3103447 -14.422124236444247
24.275862 -4.4827585 -14.25030228670186
24.275862 -4.6551723 -14.07828692786994
24.275862 -4.8275862 -13.906141149371624
24.275862 -5.0 -13.733907723353546

24.620689 0.0 -17.45264887566636
24.620689 -0.1724138 -17.37637414249297
24.620689 -0.34482759 -17.299165149103267
24.620689 -0.51724136 -17.219760816636782
24.620689 -0.68965518 -17.138372967015705
24.620689 -0.86206895 -17.05653421903928
24.620689 -1.0344827 -16.976064884605165
24.620689 -1.2068965 -16.89771408500103
24.620689 -1.3793104 -16.820378593376613
24.620689 -1.5517242 -16.741265063176662
24.620689 -1.7241379 -16.65670720901956
24.620689 -1.8965517 -16.563185696268373
24.620689 -2.0689654 -16.458194299254117
24.620689 -2.2413793 -16.340701933360137
24.620689 -2.4137931 -16.211119779583573
24.620689 -2.5862069 -16.07088878604056
24.620689 -2.7586207 -15.92193944098848
24.620689 -2.9310346 -15.766240597536509
24.620689 -3.1034484 -15.605530030674823
24.620689 -3.275862 -15.441209053901398
24.620689 -3.4482758 -15.274342114480756
24.620689 -3.6206896 -15.105707006981435
24.620689 -3.7931035 -14.935856426718406
24.620689 -3.9655173 -14.76517647427756
24.620689 -4.1379309 -14.593933363779472
24.620689 -4.3103447 -14.422308693635799
24.620689 -4.4827585 -14.250426437556683
24.620689 -4.6551723 -14.07837045949978
24.620689 -4.8275862 -13.906197338082498
24.620689 -5.0 -13.733945513441471

24.965517 0.0 -17.621011811046575
24.965517 -0.1724138 -17.53440663715166
24.965517 -0.34482759 -17.447680379660753
24.965517 -0.51724136 -17.35849606581187
24.965517 -0.68965518 -17.265924581179828
24.965517 -0.86206895 -17.1708751297062
24.965517 -1.0344827 -17.075523537639256
24.965517 -1.2068965 -16.981762758038922
24.965517 -1.3793104 -16.889704909080486
24.965517 -1.5517242 -16.797308549400938
24.965517 -1.7241379 -16.701165438909086
24.965517 -1.8965517 -16.597750714959265
24.965517 -2.0689654 -16.48448141113535
24.965517 -2.2413793 -16.36024063104583
24.965517 -2.4137931 -16.22532737377098
24.965517 -2.5862069 -16.081021893033487
24.965517 -2.7586207 -15.929052537440949
24.965517 -2.9310346 -15.771172433778407
24.965517 -3.1034484 -15.608918181262542
24.965517 -3.275862 -15.443521290264615
24.965517 -3.4482758 -15.275912711093122
24.965517 -3.6206896 -15.106770368545858
24.965517 -3.7931035 -14.9365747552462
24.965517 -3.9655173 -14.765660981547246
24.965517 -4.1379309 -14.594259820670942
24.965517 -4.3103447 -14.422528502525408
24.965517 -4.4827585 -14.250574368149007
24.965517 -4.6551723 -14.07846998430711
24.965517 -4.8275862 -13.906264281930635
24.965517 -5.0 -13.73399053565701

25.310345 0.0 -17.8069822722571
25.310345 -0.1724138 -17.706194991831037
25.310345 -0.34482759 -17.605444830998906
25.310345 -0.51724136 -17.503333535441016
25.310345 -0.68965518 -17.39891166762768
25.310345 -0.86206895 -17.292114533103884
25.310345 -1.0344827 -17.18394566773
25.310345 -1.2068965 -17.07597794939797
25.310345 -1.3793104 -16.969051577071962
25.310345 -1.5517242 -16.862208529599165
25.310345 -1.7241379 -16.75285380980572
25.310345 -1.8965517 -16.637883069562687
25.310345 -2.0689654 -16.514871234924353
25.310345 -2.2413793 -16.382705536526707
25.310345 -2.4137931 -16.241574312963724
25.310345 -2.5862069 -16.092554749237838
25.310345 -2.7586207 -15.937117459845235
25.310345 -2.9310346 -15.776748064918438
25.310345 -3.1034484 -15.61274052324715
25.310345 -3.275862 -15.446125914253875
25.310345 -3.4482758 -15.277680051703301
25.310345 -3.6206896 -15.10796606497187
25.310345 -3.7931035 -14.937382077742699
25.310345 -3.9655173 -14.766205330297353
25.310345 -4.1379309 -14.594626514100568
25.310345 -4.3103447 -14.422775365056335
25.310345 -4.4827585 -14.250740488356005
25.310345 -4.6551723 -14.078581738846887
25.310345 -4.8275862 -13.906339448351007
25.310345 -5.0 -13.734041086240111

25.655172 0.0 -17.997906789573346
25.655172 -0.1724138 -17.88734733251803
25.655172 -0.34482759 -17.77279334078698
25.655172 -0.51724136 -17.6546599199986
25.655172 -0.68965518 -17.534174998418855
25.655172 -0.86206895 -17.41279929119704
25.655172 -1.0344827 -17.291526667051745
25.655172 -1.2068965 -17.170790468766764
25.655172 -1.3793104 -17.0505772918503
25.655172 -1.5517242 -16.930090426258587
25.655172 -1.7241379 -16.807507223003338
25.655172 -1.8965517 -16.680493785621614
25.655172 -2.0689654 -16.547120969397177
25.655172 -2.2413793 -16.406474073350232
25.655172 -2.4137931 -16.25869845938952
25.655172 -2.5862069 -16.104665616884517
25.655172 -2.7586207 -15.945560348188488
25.655172 -2.9310346 -15.782570900268219
25.655172 -3.1034484 -15.61672517906608
25.655172 -3.275862 -15.448837646221598
25.655172 -3.4482758 -15.279518404111
25.655172 -3.6206896 -15.109209024811262
25.655172 -3.7931035 -14.93822095112927
25.655172 -3.9655173 -14.766770786924875
25.655172 -4.1379309 -14.595007350838383
25.655172 -4.3103447 -14.423031714552398
25.655172 -4.4827585 -14.250912976924397
25.655172 -4.6551723 -14.078697770489606
25.655172 -4.8275862 -13.906417488344765
25.655172 -5.0 -13.73409356788899

26.0 0.0 -18.1678834360667
26.0 -0.1724138 -18.052972447324745
26.0 -0.34482759 -17.931706997729552
26.0 -0.51724136 -17.80306329683663
26.0 -0.68965518 -17.668406744542562
26.0 -0.86206895 -17.530943983654822
26.0 -1.0344827 -17.393958428543787
26.0 -1.2068965 -17.259069360132823
26.0 -1.3793104 -17.12594428338449
26.0 -1.5517242 -16.993095906516388
26.0 -1.7241379 -16.8585942915622
26.0 -1.8965517 -16.720531927755566
26.0 -2.0689654 -16.57748910748624
26.0 -2.2413793 -16.428851734430168
26.0 -2.4137931 -16.274797765809453
26.0 -2.5862069 -16.116031312570655
26.0 -2.7586207 -15.953470374998677
26.0 -2.9310346 -15.788018622000052
26.0 -3.1034484 -15.620449147639494
26.0 -3.275862 -15.451369980663177
26.0 -3.4482758 -15.281234179604898
26.0 -3.6206896 -15.110368654656874
26.0 -3.7931035 -14.939003374641212
26.0 -3.9655173 -14.767298095578091
26.0 -4.1379309 -14.595362450386531
26.0 -4.3103447 -14.423270719534207
26.0 -4.4827585 -14.25107378577057
26.0 -4.6551723 -14.078805941100477
26.0 -4.8275862 -13.90649023931035
26.0 -5.0 -13.73414249182554
