# KROME file, XRAY He rate
# Distance = 3 kpc
# Xray rate including primary He ionization in 1/s
# first line indicates the size of the table (30x30)
# then first column is the parameter log10(nH), where nH is the H column density in cm-2
# second column is log10(xHe), where xHe = nHe/nH both in cm-2
# third column is log10(rate), where rate is in units of 1/s
30, 30
16.0 0.0 -14.938043433619857
16.0 -0.1724138 -14.937510912685402
16.0 -0.34482759 -14.936840486769952
16.0 -0.51724136 -14.935947757614755
16.0 -0.68965518 -14.934713994721037
16.0 -0.86206895 -14.932967279825213
16.0 -1.0344827 -14.930455452565425
16.0 -1.2068965 -14.926809294842048
16.0 -1.3793104 -14.921493926190916
16.0 -1.5517242 -14.913746724685133
16.0 -1.7241379 -14.90250335986337
16.0 -1.8965517 -14.88632210838374
16.0 -2.0689654 -14.863332109133205
16.0 -2.2413793 -14.831251684021963
16.0 -2.4137931 -14.78753855511259
16.0 -2.5862069 -14.72971658813298
16.0 -2.7586207 -14.655850166050445
16.0 -2.9310346 -14.565018290951908
16.0 -3.1034484 -14.4575713570652
16.0 -3.275862 -14.335030858047734
16.0 -3.4482758 -14.199687999289418
16.0 -3.6206896 -14.054105059164156
16.0 -3.7931035 -13.900709861583872
16.0 -3.9655173 -13.74156787722374
16.0 -4.1379309 -13.578310989861658
16.0 -4.3103447 -13.412163943635063
16.0 -4.4827585 -13.244014925017792
16.0 -4.6551723 -13.074492217310166
16.0 -4.8275862 -12.904032979636236
16.0 -5.0 -12.732938331484378

16.344828 0.0 -14.938663960929016
16.344828 -0.1724138 -14.938036301854416
16.344828 -0.34482759 -14.937282995100905
16.344828 -0.51724136 -14.936317067654574
16.344828 -0.68965518 -14.935018897103026
16.344828 -0.86206895 -14.9332167514219
16.344828 -1.0344827 -14.93065883482968
16.344828 -1.2068965 -14.926975771625823
16.344828 -1.3793104 -14.921631792802362
16.344828 -1.5517242 -14.913862850979013
16.344828 -1.7241379 -14.9026029821191
16.344828 -1.8965517 -14.886408889216899
16.344828 -2.0689654 -14.86340835223742
16.344828 -2.2413793 -14.831318624393822
16.344828 -2.4137931 -14.78759669354523
16.344828 -2.5862069 -14.729766056237773
16.344828 -2.7586207 -14.655891084088688
16.344828 -2.9310346 -14.565051041072568
16.344828 -3.1034484 -14.457596694362566
16.344828 -3.275862 -14.335049846916192
16.344828 -3.4482758 -14.199701844967564
16.344828 -3.6206896 -14.054114933024135
16.344828 -3.7931035 -13.90071678391638
16.344828 -3.9655173 -13.741572669534111
16.344828 -4.1379309 -13.57831427767578
16.344828 -4.3103447 -13.412166184955405
16.344828 -4.4827585 -13.244016446204398
16.344828 -4.6551723 -13.074493246614514
16.344828 -4.8275862 -12.904033674671068
16.344828 -5.0 -12.732938800146083

16.689655 0.0 -14.939584545916821
16.689655 -0.1724138 -14.938816047419838
16.689655 -0.34482759 -14.937939956409256
16.689655 -0.51724136 -14.936865519354193
16.689655 -0.68965518 -14.935471816641483
16.689655 -0.86206895 -14.933587413410386
16.689655 -1.0344827 -14.930961073339793
16.689655 -1.2068965 -14.927223202232891
16.689655 -1.3793104 -14.921836723243981
16.689655 -1.5517242 -14.914035479432474
16.689655 -1.7241379 -14.90275108444733
16.689655 -1.8965517 -14.886537905505401
16.689655 -2.0689654 -14.863521704413975
16.689655 -2.2413793 -14.831418146772776
16.689655 -2.4137931 -14.787683129648157
16.689655 -2.5862069 -14.72983960125651
16.689655 -2.7586207 -14.655951916753931
16.689655 -2.9310346 -14.56509972974705
16.689655 -3.1034484 -14.457634361988726
16.689655 -3.275862 -14.33507807624764
16.689655 -3.4482758 -14.199722428045183
16.689655 -3.6206896 -14.054129611425443
16.689655 -3.7931035 -13.900727074523976
16.689655 -3.9655173 -13.741579793652782
16.689655 -4.1379309 -13.578319165232298
16.689655 -4.3103447 -13.412169516819668
16.689655 -4.4827585 -13.24401870754018
16.689655 -4.6551723 -13.074494776735662
16.689655 -4.8275862 -12.904034707880125
16.689655 -5.0 -12.732939496838126

17.034483 0.0 -14.940948595623725
17.034483 -0.1724138 -14.939972079476869
17.034483 -0.34482759 -14.938914439729336
17.034483 -0.51724136 -14.937679407164335
17.034483 -0.68965518 -14.936144197080075
17.034483 -0.86206895 -14.934137860760398
17.034483 -1.0344827 -14.931410031750714
17.034483 -1.2068965 -14.927590825862099
17.034483 -1.3793104 -14.922141251282431
17.034483 -1.5517242 -14.91429203674195
17.034483 -1.7241379 -14.902971209330223
17.034483 -1.8965517 -14.886729672745405
17.034483 -2.0689654 -14.863690193770859
17.034483 -2.2413793 -14.83156608088031
17.034483 -2.4137931 -14.787811611444932
17.034483 -2.5862069 -14.729948919825041
17.034483 -2.7586207 -14.656042337621912
17.034483 -2.9310346 -14.565172098215497
17.034483 -3.1034484 -14.457690347951516
17.034483 -3.275862 -14.335120033003
17.034483 -3.4482758 -14.19975301974066
17.034483 -3.6206896 -14.05415142694802
17.034483 -3.7931035 -13.900742368594138
17.034483 -3.9655173 -13.741590381549768
17.034483 -4.1379309 -13.578326429099047
17.034483 -4.3103447 -13.412174468603087
17.034483 -4.4827585 -13.244022068305586
17.034483 -4.6551723 -13.074497050775884
17.034483 -4.8275862 -12.904036243416016
17.034483 -5.0 -12.732940532247849

17.379311 0.0 -14.94296601085396
17.379311 -0.1724138 -14.941683303357445
17.379311 -0.34482759 -14.940357998259747
17.379311 -0.51724136 -14.938885856005022
17.379311 -0.68965518 -14.93714145783936
17.379311 -0.86206895 -14.934954674339986
17.379311 -1.0344827 -14.932076515354286
17.379311 -1.2068965 -14.92813674209056
17.379311 -1.3793104 -14.922593581000816
17.379311 -1.5517242 -14.914673180088588
17.379311 -1.7241379 -14.903298267856126
17.379311 -1.8965517 -14.887014619939858
17.379311 -2.0689654 -14.86394056324303
17.379311 -2.2413793 -14.831785909680393
17.379311 -2.4137931 -14.78800253353285
17.379311 -2.5862069 -14.73011136243658
17.379311 -2.7586207 -14.656176695009204
17.379311 -2.9310346 -14.565279627512709
17.379311 -3.1034484 -14.457773532167261
17.379311 -3.275862 -14.335182370506955
17.379311 -3.4482758 -14.199798470283342
17.379311 -3.6206896 -14.054183837891802
17.379311 -3.7931035 -13.90076509035569
17.379311 -3.9655173 -13.741606111358044
17.379311 -4.1379309 -13.578337220501705
17.379311 -4.3103447 -13.412181825066698
17.379311 -4.4827585 -13.244027061102127
17.379311 -4.6551723 -13.07450042910997
17.379311 -4.8275862 -12.904038524617244
17.379311 -5.0 -12.732942070456685

17.724138 0.0 -14.945941599820529
17.724138 -0.1724138 -14.944210478650835
17.724138 -0.34482759 -14.94249223116738
17.724138 -0.51724136 -14.940671266739347
17.724138 -0.68965518 -14.93861855109953
17.724138 -0.86206895 -14.936165381489804
17.724138 -1.0344827 -14.933064994010872
17.724138 -1.2068965 -14.928946789914521
17.724138 -1.3793104 -14.923265003918614
17.724138 -1.5517242 -14.915239083732299
17.724138 -1.7241379 -14.903783955974653
17.724138 -1.8965517 -14.887437820637551
17.724138 -2.0689654 -14.86431243355304
17.724138 -2.2413793 -14.83211242659213
17.724138 -2.4137931 -14.788286112973628
17.724138 -2.5862069 -14.730352633828305
17.724138 -2.7586207 -14.656376243239155
17.724138 -2.9310346 -14.565439322093503
17.724138 -3.1034484 -14.457897064615164
17.724138 -3.275862 -14.33527494009773
17.724138 -3.4482758 -14.199865960403642
17.724138 -3.6206896 -14.054231963778378
17.724138 -3.7931035 -13.900798828288083
17.724138 -3.9655173 -13.741629467019713
17.724138 -4.1379309 -13.578353243403061
17.724138 -4.3103447 -13.412192747729398
17.724138 -4.4827585 -13.244034474215766
17.724138 -4.6551723 -13.07450544511053
17.724138 -4.8275862 -12.90404191163402
17.724138 -5.0 -12.732944354310066

18.068966 0.0 -14.950312782739188
18.068966 -0.1724138 -14.947929902723258
18.068966 -0.34482759 -14.945638463270011
18.068966 -0.51724136 -14.943307062970856
18.068966 -0.68965518 -14.940801934296086
18.068966 -0.86206895 -14.937956941175564
18.068966 -1.0344827 -14.93452901660178
18.068966 -1.2068965 -14.930147389517478
18.068966 -1.3793104 -14.92426067509536
18.068966 -1.5517242 -14.916078602239754
18.068966 -1.7241379 -14.904504666609522
18.068966 -1.8965517 -14.888065913840283
18.068966 -2.0689654 -14.864864397918396
18.068966 -2.2413793 -14.832597091416034
18.068966 -2.4137931 -14.788707040004114
18.068966 -2.5862069 -14.730710745965645
18.068966 -2.7586207 -14.656672407109175
18.068966 -2.9310346 -14.56567631769333
18.068966 -3.1034484 -14.458080379035689
18.068966 -3.275862 -14.335412297628437
18.068966 -3.4482758 -14.199966098170567
18.068966 -3.6206896 -14.054303366632103
18.068966 -3.7931035 -13.900848882376684
18.068966 -3.9655173 -13.741664116905998
18.068966 -4.1379309 -13.57837701414065
18.068966 -4.3103447 -13.412208951807871
18.068966 -4.4827585 -13.244045471679842
18.068966 -4.6551723 -13.074512886375814
18.068966 -4.8275862 -12.904046936271502
18.068966 -5.0 -12.732947742395623

18.413794 0.0 -14.9566959736315
18.413794 -0.1724138 -14.953376355032196
18.413794 -0.34482759 -14.950256678717928
18.413794 -0.51724136 -14.947184264142013
18.413794 -0.68965518 -14.944019650123131
18.413794 -0.86206895 -14.940601451203497
18.413794 -1.0344827 -14.936692916894073
18.413794 -1.2068965 -14.931923798911376
18.413794 -1.3793104 -14.925735041439319
18.413794 -1.5517242 -14.917322455472922
18.413794 -1.7241379 -14.905572913237211
18.413794 -1.8965517 -14.888997118152691
18.413794 -2.0689654 -14.865682851453212
18.413794 -2.2413793 -14.833315793126712
18.413794 -2.4137931 -14.789331217976207
18.413794 -2.5862069 -14.731241743698623
18.413794 -2.7586207 -14.657111506306128
18.413794 -2.9310346 -14.566027651759823
18.413794 -3.1034484 -14.45835210140801
18.413794 -3.275862 -14.335615877385775
18.413794 -3.4482758 -14.200114500536195
18.413794 -3.6206896 -14.054409176833285
18.413794 -3.7931035 -13.900923052364025
18.413794 -3.9655173 -13.74171545898813
18.413794 -4.1379309 -13.578412235187123
18.413794 -4.3103447 -13.41223296088742
18.413794 -4.4827585 -13.24406176606256
18.413794 -4.6551723 -13.074523911618853
18.413794 -4.8275862 -12.904054380906551
18.413794 -5.0 -12.7329527622511

18.758621 0.0 -14.965936219063288
18.758621 -0.1724138 -14.961292506444336
18.758621 -0.34482759 -14.956992787789426
18.758621 -0.51724136 -14.95285724928913
18.758621 -0.68965518 -14.948740685961095
18.758621 -0.86206895 -14.944490678194965
18.758621 -1.0344827 -14.93988156554576
18.758621 -1.2068965 -14.934545522127213
18.758621 -1.3793104 -14.927913553075477
18.758621 -1.5517242 -14.919161928445632
18.758621 -1.7241379 -14.907153617220592
18.758621 -1.8965517 -14.890375557395418
18.758621 -2.0689654 -14.866894645560913
18.758621 -2.2413793 -14.834379983658462
18.758621 -2.4137931 -14.790255428525793
18.758621 -2.5862069 -14.73202790858077
18.758621 -2.7586207 -14.657761515919606
18.758621 -2.9310346 -14.56654765066024
18.758621 -3.1034484 -14.458754199194347
18.758621 -3.275862 -14.33591708904534
18.758621 -3.4482758 -14.200334043725025
18.758621 -3.6206896 -14.054565693597517
18.758621 -3.7931035 -13.901032757510015
18.758621 -3.9655173 -13.741791394886395
18.758621 -4.1379309 -13.57846432563071
18.758621 -4.3103447 -13.41226846828501
18.758621 -4.4827585 -13.244085863598922
18.758621 -4.6551723 -13.074540216476779
18.758621 -4.8275862 -12.904065390423298
18.758621 -5.0 -12.732960185830272

19.103449 0.0 -14.97914389729102
19.103449 -0.1724138 -14.972673913409556
19.103449 -0.34482759 -14.966727512500423
19.103449 -0.51724136 -14.961093157536194
19.103449 -0.68965518 -14.95562232532454
19.103449 -0.86206895 -14.95017961214166
19.103449 -1.0344827 -14.944559235544125
19.103449 -1.2068965 -14.938400357376798
19.103449 -1.3793104 -14.931122290389894
19.103449 -1.5517242 -14.921874711717278
19.103449 -1.7241379 -14.909486804299508
19.103449 -1.8965517 -14.892411329260995
19.103449 -2.0689654 -14.868684867611874
19.103449 -2.2413793 -14.835952338935224
19.103449 -2.4137931 -14.791620923306805
19.103449 -2.5862069 -14.73318928045125
19.103449 -2.7586207 -14.658721541826452
19.103449 -2.9310346 -14.567315462260078
19.103449 -3.1034484 -14.45934776887605
19.103449 -3.275862 -14.336361627834725
19.103449 -3.4482758 -14.200657989322892
19.103449 -3.6206896 -14.054796604949347
19.103449 -3.7931035 -13.901194588030842
19.103449 -3.9655173 -13.741903401443661
19.103449 -4.1379309 -13.578541155130331
19.103449 -4.3103447 -13.41232083681531
19.103449 -4.4827585 -13.244121403113382
19.103449 -4.6551723 -13.074564262716832
19.103449 -4.8275862 -12.904081626926649
19.103449 -5.0 -12.732971133800051

19.448277 0.0 -14.997684132512811
19.448277 -0.1724138 -14.988783453612692
19.448277 -0.34482759 -14.98060810650777
19.448277 -0.51724136 -14.972914370814859
19.448277 -0.68965518 -14.96555788622775
19.448277 -0.86206895 -14.95843507328817
19.448277 -1.0344827 -14.951376041422808
19.448277 -1.2068965 -14.944037022654744
19.448277 -1.3793104 -14.935826253579307
19.448277 -1.5517242 -14.925859020095265
19.448277 -1.7241379 -14.912917996004516
19.448277 -1.8965517 -14.895407613686164
19.448277 -2.0689654 -14.871320973506878
19.448277 -2.2413793 -14.838268055340585
19.448277 -2.4137931 -14.793631898739655
19.448277 -2.5862069 -14.734899284789742
19.448277 -2.7586207 -14.660134630183055
19.448277 -2.9310346 -14.568445199169108
19.448277 -3.1034484 -14.460220798251383
19.448277 -3.275862 -14.33701523417981
19.448277 -3.4482758 -14.201134148694834
19.448277 -3.6206896 -14.055135937771492
19.448277 -3.7931035 -13.901432362907544
19.448277 -3.9655173 -13.742067950108504
19.448277 -4.1379309 -13.578654015152276
19.448277 -4.3103447 -13.41239775967753
19.448277 -4.4827585 -13.244173603998195
19.448277 -4.6551723 -13.074599581096978
19.448277 -4.8275862 -12.904105474127736
19.448277 -5.0 -12.732987213302547

19.793104 0.0 -15.023068429823638
19.793104 -0.1724138 -15.011090284459584
19.793104 -0.34482759 -15.000026213824498
19.793104 -0.51724136 -14.989606299389617
19.793104 -0.68965518 -14.979705392239579
19.793104 -0.86206895 -14.970276828054224
19.793104 -1.0344827 -14.961214559058508
19.793104 -1.2068965 -14.952212447117258
19.793104 -1.3793104 -14.942674568892437
19.793104 -1.5517242 -14.931675499794878
19.793104 -1.7241379 -14.91793648464056
19.793104 -1.8965517 -14.899795336792048
19.793104 -2.0689654 -14.87518390331082
19.793104 -2.2413793 -14.84166239571971
19.793104 -2.4137931 -14.796579374657746
19.793104 -2.5862069 -14.737404856963241
19.793104 -2.7586207 -14.662204169206817
19.793104 -2.9310346 -14.57009883884148
19.793104 -3.1034484 -14.461497970029212
19.793104 -3.275862 -14.33797092141196
19.793104 -3.4482758 -14.201830080375435
19.793104 -3.6206896 -14.055631723585618
19.793104 -3.7931035 -13.9017796784966
19.793104 -3.9655173 -13.74230826059026
19.793104 -4.1379309 -13.578818816861828
19.793104 -4.3103447 -13.412510074583558
19.793104 -4.4827585 -13.244249817602942
19.793104 -4.6551723 -13.074651143924596
19.793104 -4.8275862 -12.904140288666726
19.793104 -5.0 -12.733010687309388

20.137932 0.0 -15.056718362536522
20.137932 -0.1724138 -15.041085655241844
20.137932 -0.34482759 -15.026490333100586
20.137932 -0.51724136 -15.012643412913842
20.137932 -0.68965518 -14.999458854753994
20.137932 -0.86206895 -14.986982713440632
20.137932 -1.0344827 -14.975216898501136
20.137932 -1.2068965 -14.96393075472697
20.137932 -1.3793104 -14.952544320908922
20.137932 -1.5517242 -14.94009165370988
20.137932 -1.7241379 -14.925218074894424
20.137932 -1.8965517 -14.906173065707385
20.137932 -2.0689654 -14.880804469045918
20.137932 -2.2413793 -14.846603095931842
20.137932 -2.4137931 -14.800869244807668
20.137932 -2.5862069 -14.741049914755923
20.137932 -2.7586207 -14.665212808992477
20.137932 -2.9310346 -14.572500907104446
20.137932 -3.1034484 -14.463351667073415
20.137932 -3.275862 -14.339356984706047
20.137932 -3.4482758 -14.202838785159303
20.137932 -3.6206896 -14.056349979287905
20.137932 -3.7931035 -13.90228265704459
20.137932 -3.9655173 -13.742656182449496
20.137932 -4.1379309 -13.579057371717017
20.137932 -4.3103447 -13.412672631860989
20.137932 -4.4827585 -13.24436011413444
20.137932 -4.6551723 -13.074725761124483
20.137932 -4.8275862 -12.90419066707227
20.137932 -5.0 -12.73304465441116

20.482758 0.0 -15.099707103165988
20.482758 -0.1724138 -15.080004527776662
20.482758 -0.34482759 -15.061372826449835
20.482758 -0.51724136 -15.043488367422091
20.482758 -0.68965518 -15.026309951034056
20.482758 -0.86206895 -15.010009731154383
20.482758 -1.0344827 -14.994753300760449
20.482758 -1.2068965 -14.980444612615186
20.482758 -1.3793104 -14.966561615685864
20.482758 -1.5517242 -14.952113160126105
20.482758 -1.7241379 -14.93566057871706
20.482758 -1.8965517 -14.91534297755198
20.482758 -2.0689654 -14.888897511969889
20.482758 -2.2413793 -14.853721224591876
20.482758 -2.4137931 -14.807048879370393
20.482758 -2.5862069 -14.746297217953003
20.482758 -2.7586207 -14.669539580143574
20.482758 -2.9310346 -14.57595129535548
20.482758 -3.1034484 -14.466011211885302
20.482758 -3.275862 -14.341343473572328
20.482758 -3.4482758 -14.204283153756453
20.482758 -3.6206896 -14.05737772822793
20.482758 -3.7931035 -13.903001986006766
20.482758 -3.9655173 -13.743153567589731
20.482758 -4.1379309 -13.579398314034659
20.482758 -4.3103447 -13.412904914345559
20.482758 -4.4827585 -13.24451769916538
20.482758 -4.6551723 -13.074832360121285
20.482758 -4.8275862 -12.904262633858462
20.482758 -5.0 -12.733093175243495

20.827587 0.0 -15.152844226666337
20.827587 -0.1724138 -15.12871110370932
20.827587 -0.34482759 -15.105675975887657
20.827587 -0.51724136 -15.083315526850908
20.827587 -0.68965518 -15.061589733865262
20.827587 -0.86206895 -15.040789932848083
20.827587 -1.0344827 -15.021282640500274
20.827587 -1.2068965 -15.003172822491761
20.827587 -1.3793104 -14.986061311976322
20.827587 -1.5517242 -14.968971011835526
20.827587 -1.7241379 -14.950386979849675
20.827587 -1.8965517 -14.928322205234377
20.827587 -2.0689654 -14.900376269939299
20.827587 -2.2413793 -14.863825254527262
20.827587 -2.4137931 -14.81581890971728
20.827587 -2.5862069 -14.753736949181343
20.827587 -2.7586207 -14.675665240997516
20.827587 -2.9310346 -14.580827960063294
20.827587 -3.1034484 -14.4697637641379
20.827587 -3.275862 -14.344142079655125
20.827587 -3.4482758 -14.206315418511677
20.827587 -3.6206896 -14.058822352904842
20.827587 -3.7931035 -13.904012331367241
20.827587 -3.9655173 -13.74385179805452
20.827587 -4.1379309 -13.579876745162878
20.827587 -4.3103447 -13.413230779750565
20.827587 -4.4827585 -13.24473873176308
20.827587 -4.6551723 -13.074981859539546
20.827587 -4.8275862 -12.904363554757312
20.827587 -5.0 -12.733161213302719

21.172413 0.0 -15.217349157252755
21.172413 -0.1724138 -15.188144683368693
21.172413 -0.34482759 -15.160201777506785
21.172413 -0.51724136 -15.132941297181986
21.172413 -0.68965518 -15.10624621168657
21.172413 -0.86206895 -15.080452169483786
21.172413 -1.0344827 -15.05609099315865
21.172413 -1.2068965 -15.033490526864641
21.172413 -1.3793104 -15.012433611048085
21.172413 -1.5517242 -14.992014403798462
21.172413 -1.7241379 -14.970671110680595
21.172413 -1.8965517 -14.946289588758477
21.172413 -2.0689654 -14.916311587084376
21.172413 -2.2413793 -14.87786701139505
21.172413 -2.4137931 -14.828002603514715
21.172413 -2.5862069 -14.764058138737859
21.172413 -2.7586207 -14.684145768047006
21.172413 -2.9310346 -14.587563201917572
21.172413 -3.1034484 -14.474934137598886
21.172413 -3.275862 -14.347989834490512
21.172413 -3.4482758 -14.209104582720709
21.172413 -3.6206896 -14.060802261128881
21.172413 -3.7931035 -13.90539560509109
21.172413 -3.9655173 -13.74480703220074
21.172413 -4.1379309 -13.580530927570726
21.172413 -4.3103447 -13.413676186088912
21.172413 -4.4827585 -13.245040771018683
21.172413 -4.6551723 -13.075186113584548
21.172413 -4.8275862 -12.904501421869737
21.172413 -5.0 -12.733254151991394

21.517242 0.0 -15.2952061794892
21.517242 -0.1724138 -15.26001408460324
21.517242 -0.34482759 -15.226276354239412
21.517242 -0.51724136 -15.193345469157995
21.517242 -0.68965518 -15.161062257229261
21.517242 -0.86206895 -15.129768954441849
21.517242 -1.0344827 -15.100074416355714
21.517242 -1.2068965 -15.072454926049675
21.517242 -1.3793104 -15.04685918187958
21.517242 -1.5517242 -15.022481263696923
21.517242 -1.7241379 -14.997745876277822
21.517242 -1.8965517 -14.970424774830592
21.517242 -2.0689654 -14.93779382015993
21.517242 -2.2413793 -14.896820190135465
21.517242 -2.4137931 -14.8444374913157
21.517242 -2.5862069 -14.777952355347153
21.517242 -2.7586207 -14.695528632810513
21.517242 -2.9310346 -14.596573411003648
21.517242 -3.1034484 -14.481828234975335
21.517242 -3.275862 -14.353105381859796
21.517242 -3.4482758 -14.21280380112006
21.517242 -3.6206896 -14.063423244266104
21.517242 -3.7931035 -13.907224203193193
21.517242 -3.9655173 -13.746068510828097
21.517242 -4.1379309 -13.58139422007719
21.517242 -4.3103447 -13.414263674382463
21.517242 -4.4827585 -13.245439022498973
21.517242 -4.6551723 -13.075455368127153
21.517242 -4.8275862 -12.904683134030504
21.517242 -5.0 -12.733376634222617

21.862068 0.0 -15.38800178890705
21.862068 -0.1724138 -15.34624285812218
21.862068 -0.34482759 -15.305891990815105
21.862068 -0.51724136 -15.266287246950116
21.862068 -0.68965518 -15.227379516477724
21.862068 -0.86206895 -15.189682947665545
21.862068 -1.0344827 -15.153952052287666
21.862068 -1.2068965 -15.120755339956798
21.862068 -1.3793104 -15.090106144405931
21.862068 -1.5517242 -15.061232822018194
21.862068 -1.7241379 -15.032526558378386
21.862068 -1.8965517 -15.001642245508894
21.862068 -2.0689654 -14.965684881041684
21.862068 -2.2413793 -14.921452560297432
21.862068 -2.4137931 -14.86576936126718
21.862068 -2.5862069 -14.795931909431022
21.862068 -2.7586207 -14.710197775716496
21.862068 -2.9310346 -14.608132135699273
21.862068 -3.1034484 -14.490633364932055
21.862068 -3.275862 -14.359613616800301
21.862068 -3.4482758 -14.217495185379457
21.862068 -3.6206896 -14.06673903961556
21.862068 -3.7931035 -13.909533339264334
21.862068 -3.9655173 -13.747659402720796
21.862068 -4.1379309 -13.582481938850302
21.862068 -4.3103447 -13.415003413588753
21.862068 -4.4827585 -13.245940261564586
21.862068 -4.6551723 -13.075794149553396
21.862068 -4.8275862 -12.904911721071915
21.862068 -5.0 -12.733530690890124

22.206898 0.0 -15.496797978609735
22.206898 -0.1724138 -15.447847450929595
22.206898 -0.34482759 -15.40042419678353
22.206898 -0.51724136 -15.353552428327674
22.206898 -0.68965518 -15.307126972042322
22.206898 -0.86206895 -15.261893207489823
22.206898 -1.0344827 -15.218979781912223
22.206898 -1.2068965 -15.17924175651229
22.206898 -1.3793104 -15.142785236847796
22.206898 -1.5517242 -15.108785453708753
22.206898 -1.7241379 -15.075501471909257
22.206898 -1.8965517 -15.040406112042625
22.206898 -2.0689654 -15.000399150651631
22.206898 -2.2413793 -14.952098987650544
22.206898 -2.4137931 -14.892234633871263
22.206898 -2.5862069 -14.818133758930799
22.206898 -2.7586207 -14.728206860595789
22.206898 -2.9310346 -14.6222358050813
22.206898 -3.1034484 -14.501315177794329
22.206898 -3.275862 -14.367469605715348
22.206898 -3.4482758 -14.223135272304702
22.206898 -3.6206896 -14.070713054292897
22.206898 -3.7931035 -13.91229456134513
22.206898 -3.9655173 -13.74955865659803
22.206898 -4.1379309 -13.583779000332317
22.206898 -4.3103447 -13.415884822152275
22.206898 -4.4827585 -13.246537168455976
22.206898 -4.6551723 -13.076197441685208
22.206898 -4.8275862 -12.905183766947875
22.206898 -5.0 -12.73371400541362

22.551723 0.0 -15.624986028081787
22.551723 -0.1724138 -15.566901949958076
22.551723 -0.34482759 -15.51099707769838
22.551723 -0.51724136 -15.456001373439944
22.551723 -0.68965518 -15.401481785326803
22.551723 -0.86206895 -15.348026308003886
22.551723 -1.0344827 -15.296932218529705
22.551723 -1.2068965 -15.249453076583213
22.551723 -1.3793104 -15.206021707012784
22.551723 -1.5517242 -15.165878928631539
22.551723 -1.7241379 -15.12712451146993
22.551723 -1.8965517 -15.086965057413657
22.551723 -2.0689654 -15.042023982735106
22.551723 -2.2413793 -14.988708697980593
22.551723 -2.4137931 -14.923666885316683
22.551723 -2.5862069 -14.844308550661776
22.551723 -2.7586207 -14.749265292809904
22.551723 -2.9310346 -14.63859351413204
22.551723 -3.1034484 -14.51361262515406
22.551723 -3.275862 -14.37645749793077
22.551723 -3.4482758 -14.229556111227394
22.551723 -3.6206896 -14.075220267838382
22.551723 -3.7931035 -13.915417699750861
22.551723 -3.9655173 -13.751702663893067
22.551723 -4.1379309 -13.585241216434618
22.551723 -4.3103447 -13.416877524768053
22.551723 -4.4827585 -13.247209012297281
22.551723 -4.6551723 -13.076651164670654
22.551723 -4.8275862 -12.905489740487878
22.551723 -5.0 -12.733920140142466

22.896551 0.0 -15.776088311921633
22.896551 -0.1724138 -15.707767702293022
22.896551 -0.34482759 -15.641265954255298
22.896551 -0.51724136 -15.575866829203063
22.896551 -0.68965518 -15.511478102382126
22.896551 -0.86206895 -15.448727771854028
22.896551 -1.0344827 -15.388750049324361
22.896551 -1.2068965 -15.332735987266572
22.896551 -1.3793104 -15.281277739649973
22.896551 -1.5517242 -15.233787374416682
22.896551 -1.7241379 -15.188336246335302
22.896551 -1.8965517 -15.141905267201862
22.896551 -2.0689654 -15.09082473849745
22.896551 -2.2413793 -15.031279120798194
22.896551 -2.4137931 -14.959860637809152
22.896551 -2.5862069 -14.87412271112975
22.896551 -2.7586207 -14.772986588666924
22.896551 -2.9310346 -14.656827515026603
22.896551 -3.1034484 -14.527195476839877
22.896551 -3.275862 -14.386310489580982
22.896551 -3.4482758 -14.236553940392595
22.896551 -3.6206896 -14.08011113704634
22.896551 -3.7931035 -13.91879601036266
22.896551 -3.9655173 -13.75401667789181
22.896551 -4.1379309 -13.586816929001923
22.896551 -4.3103447 -13.417946137558872
22.896551 -4.4827585 -13.24793170280336
22.896551 -4.6551723 -13.077138984208498
22.896551 -4.8275862 -12.905818596853521
22.896551 -5.0 -12.734141640728335

23.241379 0.0 -15.944386818440417
23.241379 -0.1724138 -15.86934419278696
23.241379 -0.34482759 -15.793667034968706
23.241379 -0.51724136 -15.71710226998696
23.241379 -0.68965518 -15.64057640608613
23.241379 -0.86206895 -15.565930161355757
23.241379 -1.0344827 -15.495087177472323
23.241379 -1.2068965 -15.42932429764046
23.241379 -1.3793104 -15.36895634697375
23.241379 -1.5517242 -15.313159018867607
23.241379 -1.7241379 -15.259845536025397
23.241379 -1.8965517 -15.205804026584108
23.241379 -2.0689654 -15.147138696174427
23.241379 -2.2413793 -15.07988404325833
23.241379 -2.4137931 -15.000666258147811
23.241379 -2.5862069 -14.907280441647421
23.241379 -2.7586207 -14.799013825003906
23.241379 -2.9310346 -14.676587853394413
23.241379 -3.1034484 -14.54176071020808
23.241379 -3.275862 -14.396786897281432
23.241379 -3.4482758 -14.243946433590365
23.241379 -3.6206896 -14.08525320473007
23.241379 -3.7931035 -13.922335682262256
23.241379 -3.9655173 -13.756435385106448
23.241379 -4.1379309 -13.58846118419723
23.241379 -4.3103447 -13.419059957169814
23.241379 -4.4827585 -13.248684377736552
23.241379 -4.6551723 -13.077646773953969
23.241379 -4.8275862 -12.90616079299255
23.241379 -5.0 -12.734372070436603

23.586206 0.0 -16.119261929807273
23.586206 -0.1724138 -16.04066733877757
23.586206 -0.34482759 -15.960481023401455
23.586206 -0.51724136 -15.876884633501144
23.586206 -0.68965518 -15.790164527875502
23.586206 -0.86206895 -15.702886530856755
23.586206 -1.0344827 -15.618711847339208
23.586206 -1.2068965 -15.540495052869067
23.586206 -1.3793104 -15.469116367024476
23.586206 -1.5517242 -15.403478256830766
23.586206 -1.7241379 -15.34096889140857
23.586206 -1.8965517 -15.277927530179737
23.586206 -2.0689654 -15.210171294503771
23.586206 -2.2413793 -15.133656518666763
23.586206 -2.4137931 -15.04517726163093
23.586206 -2.5862069 -14.942902201252235
23.586206 -2.7586207 -14.826561272215557
23.586206 -2.9310346 -14.69722358933064
23.586206 -3.1034484 -14.556801187564545
23.586206 -3.275862 -14.407509475790851
23.586206 -3.4482758 -14.25146206095319
23.586206 -3.6206896 -14.090455402554388
23.586206 -3.7931035 -13.925904295660766
23.586206 -3.9655173 -13.758867937370828
23.586206 -4.1379309 -13.590112072640324
23.586206 -4.3103447 -13.420176983168531
23.586206 -4.4827585 -13.249438628009365
23.586206 -4.6551723 -13.078155356172037
23.586206 -4.8275862 -12.906503400057742
23.586206 -5.0 -12.734602720921927

23.931034 0.0 -16.30579143433133
23.931034 -0.1724138 -16.218208520875244
23.931034 -0.34482759 -16.131749714800947
23.931034 -0.51724136 -16.0433518225887
23.931034 -0.68965518 -15.951140987472504
23.931034 -0.86206895 -15.85561775798743
23.931034 -1.0344827 -15.75992868218273
23.931034 -1.2068965 -15.66827570276814
23.931034 -1.3793104 -15.583398861678004
23.931034 -1.5517242 -15.505205780123509
23.931034 -1.7241379 -15.431080346230772
23.931034 -1.8965517 -15.35691820750947
23.931034 -2.0689654 -15.278159955462781
23.931034 -2.2413793 -15.190685733363194
23.931034 -2.4137931 -15.091539089950116
23.931034 -2.5862069 -14.979339964936349
23.931034 -2.7586207 -14.854269961279584
23.931034 -2.9310346 -14.717680440382987
23.931034 -3.1034484 -14.57153614581243
23.931034 -3.275862 -14.417918851762558
23.931034 -3.4482758 -14.258708932261156
23.931034 -3.6206896 -14.09544716096529
23.931034 -3.7931035 -13.929316788264174
23.931034 -3.9655173 -13.76118851413697
23.931034 -4.1379309 -13.591684379920538
23.931034 -4.3103447 -13.421239646041855
23.931034 -4.4827585 -13.250155623716498
23.931034 -4.6551723 -13.078638568550415
23.931034 -4.8275862 -12.90682880320253
23.931034 -5.0 -12.734821737836564

24.275862 0.0 -16.515720086866562
24.275862 -0.1724138 -16.414279934687947
24.275862 -0.34482759 -16.31408016891947
24.275862 -0.51724136 -16.214088117058836
24.275862 -0.68965518 -16.113373481400856
24.275862 -0.86206895 -16.011371802900257
24.275862 -1.0344827 -15.908582541492779
24.275862 -1.2068965 -15.80716466336312
24.275862 -1.3793104 -15.709900934825589
24.275862 -1.5517242 -15.618004949925178
24.275862 -1.7241379 -15.529959702543147
24.275862 -1.8965517 -15.442086744918672
24.275862 -2.0689654 -15.349920849869157
24.275862 -2.2413793 -15.249508779083584
24.275862 -2.4137931 -15.138265931667291
24.275862 -2.5862069 -15.015276018600519
24.275862 -2.7586207 -14.881080988911377
24.275862 -2.9310346 -14.737165109327561
24.275862 -3.1034484 -14.585398503117094
24.275862 -3.275862 -14.427621251063302
24.275862 -3.4482758 -14.26541811100649
24.275862 -3.6206896 -14.100046403493769
24.275862 -3.7931035 -13.93245041524094
24.275862 -3.9655173 -13.763314526715716
24.275862 -4.1379309 -13.593122578979077
24.275862 -4.3103447 -13.422210622449763
24.275862 -4.4827585 -13.250810278306048
24.275862 -4.6551723 -13.079079548719516
24.275862 -4.8275862 -12.90712566745079
24.275862 -5.0 -12.73502150135232

24.620689 0.0 -16.73515149161692
24.620689 -0.1724138 -16.62661124776627
24.620689 -0.34482759 -16.51448558265767
24.620689 -0.51724136 -16.39909861881072
24.620689 -0.68965518 -16.28230061157202
24.620689 -0.86206895 -16.16655982728319
24.620689 -1.0344827 -16.05350779191765
24.620689 -1.2068965 -15.943586049738656
24.620689 -1.3793104 -15.836902496424377
24.620689 -1.5517242 -15.73337172581358
24.620689 -1.7241379 -15.631763429918465
24.620689 -1.8965517 -15.529276649469173
24.620689 -2.0689654 -15.422307826669476
24.620689 -2.2413793 -15.307674800538285
24.620689 -2.4137931 -15.183484150621021
24.620689 -2.5862069 -15.04934265590204
24.620689 -2.7586207 -14.906044856059111
24.620689 -2.9310346 -14.755044262522564
24.620689 -3.1034484 -14.59797611243674
24.620689 -3.275862 -14.436351259115089
24.620689 -3.4482758 -14.271418729734442
24.620689 -3.6206896 -14.104142542933833
24.620689 -3.7931035 -13.935233070629916
24.620689 -3.9655173 -13.765198613338898
24.620689 -4.1379309 -13.594395365339514
24.620689 -4.3103447 -13.42306911932214
24.620689 -4.4827585 -13.251388730016997
24.620689 -4.6551723 -13.07946903136754
24.620689 -4.8275862 -12.907387788332974
24.620689 -5.0 -12.735197851349024

24.965517 0.0 -16.940356018659212
24.965517 -0.1724138 -16.828786764250307
24.965517 -0.34482759 -16.71261351847096
24.965517 -0.51724136 -16.589434787841277
24.965517 -0.68965518 -16.459812332636563
24.965517 -0.86206895 -16.327469486681995
24.965517 -1.0344827 -16.19736226446544
24.965517 -1.2068965 -16.072730221528715
24.965517 -1.3793104 -15.953780053811318
24.965517 -1.5517242 -15.838620018183184
24.965517 -1.7241379 -15.724514784809092
24.965517 -1.8965517 -15.608420260403912
24.965517 -2.0689654 -15.487401862408992
24.965517 -2.2413793 -15.35925241079603
24.965517 -2.4137931 -15.222940783667077
24.965517 -2.5862069 -15.078605384238084
24.965517 -2.7586207 -14.927195622172778
24.965517 -2.9310346 -14.770024703088731
24.965517 -3.1034484 -14.608425026993228
24.965517 -3.275862 -14.443558372489454
24.965517 -3.4482758 -14.276350377975023
24.965517 -3.6206896 -14.107498391509047
24.965517 -3.7931035 -13.937507853858959
24.965517 -3.9655173 -13.766736527654448
24.965517 -4.1379309 -13.595433238799645
24.965517 -4.3103447 -13.423768683420544
24.965517 -4.4827585 -13.251859873209636
24.965517 -4.6551723 -13.079786161052
24.965517 -4.8275862 -12.907601170450578
24.965517 -5.0 -12.735341390254437

25.310345 0.0 -17.135458883705173
25.310345 -0.1724138 -17.011715399837794
25.310345 -0.34482759 -16.886726130383312
25.310345 -0.51724136 -16.757731259615092
25.310345 -0.68965518 -16.622714681969114
25.310345 -0.86206895 -16.48191768328654
25.310345 -1.0344827 -16.33864091960498
25.310345 -1.2068965 -16.197657285332397
25.310345 -1.3793104 -16.0620251495466
25.310345 -1.5517242 -15.931421674723506
25.310345 -1.7241379 -15.803040816377962
25.310345 -1.8965517 -15.673381740434982
25.310345 -2.0689654 -15.539519574838558
25.310345 -2.2413793 -15.399679771302207
25.310345 -2.4137931 -15.253305152487595
25.310345 -2.5862069 -15.100781885627086
25.310345 -2.7586207 -14.94302919458214
25.310345 -2.9310346 -14.781134482059226
25.310345 -3.1034484 -14.616120734214581
25.310345 -3.275862 -14.448840188547814
25.310345 -3.4482758 -14.279951996950862
25.310345 -3.6206896 -14.109943265288942
25.310345 -3.7931035 -13.939162373584493
25.310345 -3.9655173 -13.767853832054673
25.310345 -4.1379309 -13.596186680011531
25.310345 -4.3103447 -13.424276265363762
25.310345 -4.4827585 -13.252201599770867
25.310345 -4.6551723 -13.080016124942695
25.310345 -4.8275862 -12.907755877940682
25.310345 -5.0 -12.735445448429369

25.655172 0.0 -17.317016314303125
25.655172 -0.1724138 -17.18056265557768
25.655172 -0.34482759 -17.040842695619983
25.655172 -0.51724136 -16.898378583901955
25.655172 -0.68965518 -16.753564886953317
25.655172 -0.86206895 -16.606430088370132
25.655172 -1.0344827 -16.45714168831483
25.655172 -1.2068965 -16.307118971161103
25.655172 -1.3793104 -16.158740706173106
25.655172 -1.5517242 -16.01336280461774
25.655172 -1.7241379 -15.870128861228071
25.655172 -1.8965517 -15.72670277767593
25.655172 -2.0689654 -15.580702341670808
25.655172 -2.2413793 -15.430610731534607
25.655172 -2.4137931 -15.275946749645778
25.655172 -2.5862069 -15.11699586623373
25.655172 -2.7586207 -14.954438220311186
25.655172 -2.9310346 -14.7890560338515
25.655172 -3.1034484 -14.621567330391079
25.655172 -3.275862 -14.452559057578862
25.655172 -3.4482758 -14.2824788237651
25.655172 -3.6206896 -14.11165436086914
25.655172 -3.7931035 -13.940318402980214
25.655172 -3.9655173 -13.768633626118625
25.655172 -4.1379309 -13.596712125405947
25.655172 -4.3103447 -13.424630068418463
25.655172 -4.4827585 -13.252439713253851
25.655172 -4.6551723 -13.08017632540834
25.655172 -4.8275862 -12.907863635414586
25.655172 -5.0 -12.735517919799115

26.0 0.0 -17.456188428663726
26.0 -0.1724138 -17.314795247490444
26.0 -0.34482759 -17.16749878355344
26.0 -0.51724136 -17.014658233402432
26.0 -0.68965518 -16.858092465534543
26.0 -0.86206895 -16.700275976332314
26.0 -1.0344827 -16.54299675172371
26.0 -1.2068965 -16.38672744769405
26.0 -1.3793104 -16.231371630501837
26.0 -1.5517242 -16.07691767093187
26.0 -1.7241379 -15.923043059236127
26.0 -1.8965517 -15.768768596481252
26.0 -2.0689654 -15.612859799715176
26.0 -2.2413793 -15.454418063718764
26.0 -2.4137931 -15.29312662488661
26.0 -2.5862069 -15.129149476065956
26.0 -2.7586207 -14.962908710864273
26.0 -2.9310346 -14.794895546950219
26.0 -3.1034484 -14.625561856803222
26.0 -3.275862 -14.45527665079709
26.0 -3.4482758 -14.284320711126512
26.0 -3.6206896 -14.112899496181221
26.0 -3.7931035 -13.941158642457223
26.0 -3.9655173 -13.769199955823382
26.0 -4.1379309 -13.597093528085349
26.0 -4.3103447 -13.424886788731564
26.0 -4.4827585 -13.252612446706674
26.0 -4.6551723 -13.08029251967797
26.0 -4.8275862 -12.90794178383142
26.0 -5.0 -12.735570473928844
