# KROME file, XRAY H rate
# Distance = 1 kpc
# Xray rate including primary H ionization in 1/s
# first line indicates the size of the table (30x30)
# then first column is the parameter log10(nH), where nH is the H column density in cm-2
# second column is log10(xHe), where xHe = nHe/nH both in cm-2
# third column is log10(rate), where rate is in units of 1/s
30, 30
16.0 0.0 -11.691816882968254
16.0 -0.1724138 -11.691796705671386
16.0 -0.34482759 -11.691783138739103
16.0 -0.51724136 -11.691774016747416
16.0 -0.68965518 -11.691767883497075
16.0 -0.86206895 -11.691763759801056
16.0 -1.0344827 -11.691760987250516
16.0 -1.2068965 -11.691759123145877
16.0 -1.3793104 -11.691757869832447
16.0 -1.5517242 -11.691757027181708
16.0 -1.7241379 -11.691756460635995
16.0 -1.8965517 -11.691756079725995
16.0 -2.0689654 -11.691755823626346
16.0 -2.2413793 -11.691755651441033
16.0 -2.4137931 -11.6917555356747
16.0 -2.5862069 -11.691755457840824
16.0 -2.7586207 -11.69175540551031
16.0 -2.9310346 -11.691755370326613
16.0 -3.1034484 -11.69175534667137
16.0 -3.275862 -11.691755330767117
16.0 -3.4482758 -11.691755320074105
16.0 -3.6206896 -11.691755312884808
16.0 -3.7931035 -11.691755308051187
16.0 -3.9655173 -11.691755304801372
16.0 -4.1379309 -11.691755302616407
16.0 -4.3103447 -11.691755301147374
16.0 -4.4827585 -11.691755300159691
16.0 -4.6551723 -11.691755299495638
16.0 -4.8275862 -11.69175529904917
16.0 -5.0 -11.691755298748994

16.344828 0.0 -11.691926293491614
16.344828 -0.1724138 -11.691871750405975
16.344828 -0.34482759 -11.691835075447228
16.344828 -0.51724136 -11.691810415893315
16.344828 -0.68965518 -11.69179383563383
16.344828 -0.86206895 -11.691782687794644
16.344828 -1.0344827 -11.691775192549835
16.344828 -1.2068965 -11.691770153157348
16.344828 -1.3793104 -11.691766764960533
16.344828 -1.5517242 -11.691764486942064
16.344828 -1.7241379 -11.691762955343107
16.344828 -1.8965517 -11.691761925590749
16.344828 -2.0689654 -11.691761233250443
16.344828 -2.2413793 -11.691760767764167
16.344828 -2.4137931 -11.691760454801058
16.344828 -2.5862069 -11.69176024438465
16.344828 -2.7586207 -11.691760102914124
16.344828 -2.9310346 -11.691760007798363
16.344828 -3.1034484 -11.691759943848671
16.344828 -3.275862 -11.691759900853043
16.344828 -3.4482758 -11.691759871945502
16.344828 -3.6206896 -11.691759852509929
16.344828 -3.7931035 -11.69175983944269
16.344828 -3.9655173 -11.691759830657126
16.344828 -4.1379309 -11.691759824750282
16.344828 -4.3103447 -11.691759820778895
16.344828 -4.4827585 -11.691759818108787
16.344828 -4.6551723 -11.69175981631358
16.344828 -4.8275862 -11.691759815106597
16.344828 -5.0 -11.6917598142951

16.689655 0.0 -11.692168285033569
16.689655 -0.1724138 -11.69203774269222
16.689655 -0.34482759 -11.691949959560066
16.689655 -0.51724136 -11.691890933112074
16.689655 -0.68965518 -11.691851244473787
16.689655 -0.86206895 -11.69182455901908
16.689655 -1.0344827 -11.691806616814267
16.689655 -1.2068965 -11.691794553344044
16.689655 -1.3793104 -11.691786442511255
16.689655 -1.5517242 -11.691780989255006
16.689655 -1.7241379 -11.691777322811749
16.689655 -1.8965517 -11.691774857717457
16.689655 -2.0689654 -11.691773200341947
16.689655 -2.2413793 -11.69177208602545
16.689655 -2.4137931 -11.691771336830085
16.689655 -2.5862069 -11.691770833118774
16.689655 -2.7586207 -11.691770494455435
16.689655 -2.9310346 -11.69177026675976
16.689655 -3.1034484 -11.69177011367188
16.689655 -3.275862 -11.691770010745506
16.689655 -3.4482758 -11.691769941544317
16.689655 -3.6206896 -11.691769895017881
16.689655 -3.7931035 -11.691769863736479
16.689655 -3.9655173 -11.691769842704888
16.689655 -4.1379309 -11.69176982856461
16.689655 -4.3103447 -11.691769819057582
16.689655 -4.4827585 -11.691769812665669
16.689655 -4.6551723 -11.691769808368155
16.689655 -4.8275862 -11.691769805478783
16.689655 -5.0 -11.691769803536156

17.034483 0.0 -11.692703392201448
17.034483 -0.1724138 -11.69240484517337
17.034483 -0.34482759 -11.69220405620786
17.034483 -0.51724136 -11.692069029171893
17.034483 -0.68965518 -11.691978232329472
17.034483 -0.86206895 -11.69191718036635
17.034483 -1.0344827 -11.691876130230042
17.034483 -1.2068965 -11.691848529516724
17.034483 -1.3793104 -11.691829972005973
17.034483 -1.5517242 -11.691817494885678
17.034483 -1.7241379 -11.69180910596211
17.034483 -1.8965517 -11.691803465733638
17.034483 -2.0689654 -11.691799673585018
17.034483 -2.2413793 -11.691797123974473
17.034483 -2.4137931 -11.691795409776631
17.034483 -2.5862069 -11.69179425725801
17.034483 -2.7586207 -11.691793482377577
17.034483 -2.9310346 -11.69179296139708
17.034483 -3.1034484 -11.69179261112332
17.034483 -3.275862 -11.691792375621883
17.034483 -3.4482758 -11.691792217285588
17.034483 -3.6206896 -11.691792110830418
17.034483 -3.7931035 -11.691792039256761
17.034483 -3.9655173 -11.691791991135263
17.034483 -4.1379309 -11.691791958781488
17.034483 -4.3103447 -11.691791937028858
17.034483 -4.4827585 -11.691791922403787
17.034483 -4.6551723 -11.691791912570828
17.034483 -4.8275862 -11.691791905959775
17.034483 -5.0 -11.691791901514932

17.379311 0.0 -11.693886031312012
17.379311 -0.1724138 -11.693216420784081
17.379311 -0.34482759 -11.692765916207145
17.379311 -0.51724136 -11.692462889568723
17.379311 -0.68965518 -11.692259092228305
17.379311 -0.86206895 -11.692122044164497
17.379311 -1.0344827 -11.69202988925744
17.379311 -1.2068965 -11.691967924502872
17.379311 -1.3793104 -11.691926260789492
17.379311 -1.5517242 -11.691898247641738
17.379311 -1.7241379 -11.691879412884067
17.379311 -1.8965517 -11.691866749356572
17.379311 -2.0689654 -11.691858235110931
17.379311 -2.2413793 -11.691852510623944
17.379311 -2.4137931 -11.69184866182747
17.379311 -2.5862069 -11.691846074134105
17.379311 -2.7586207 -11.691844334330876
17.379311 -2.9310346 -11.691843164596396
17.379311 -3.1034484 -11.691842378141732
17.379311 -3.275862 -11.691841849380236
17.379311 -3.4482758 -11.691841493874296
17.379311 -3.6206896 -11.691841254854861
17.379311 -3.7931035 -11.691841094153437
17.379311 -3.9655173 -11.691840986108184
17.379311 -4.1379309 -11.69184091346556
17.379311 -4.3103447 -11.691840864625254
17.379311 -4.4827585 -11.69184083178817
17.379311 -4.6551723 -11.691840809710625
17.379311 -4.8275862 -11.691840794867094
17.379311 -5.0 -11.691840784887264

17.724138 0.0 -11.696496728462813
17.724138 -0.1724138 -11.695009178143758
17.724138 -0.34482759 -11.69400760953632
17.724138 -0.51724136 -11.693333569897954
17.724138 -0.68965518 -11.692880095167531
17.724138 -0.86206895 -11.692575075201223
17.724138 -1.0344827 -11.692369939345635
17.724138 -1.2068965 -11.692231991987425
17.724138 -1.3793104 -11.692139232733762
17.724138 -1.5517242 -11.692076861868912
17.724138 -1.7241379 -11.692034925219444
17.724138 -1.8965517 -11.69200672855773
17.724138 -2.0689654 -11.691987770430782
17.724138 -2.2413793 -11.69197502395781
17.724138 -2.4137931 -11.69196645394975
17.724138 -2.5862069 -11.691960691979684
17.724138 -2.7586207 -11.691956817979863
17.724138 -2.9310346 -11.691954213340415
17.724138 -3.1034484 -11.691952462145073
17.724138 -3.275862 -11.691951284752989
17.724138 -3.4482758 -11.691950493148202
17.724138 -3.6206896 -11.691949960923605
17.724138 -3.7931035 -11.691949603089634
17.724138 -3.9655173 -11.69194936250515
17.724138 -4.1379309 -11.69194920075172
17.724138 -4.3103447 -11.691949091998938
17.724138 -4.4827585 -11.691949018880546
17.724138 -4.6551723 -11.691948969720436
17.724138 -4.8275862 -11.691948936668318
17.724138 -5.0 -11.691948914446213

18.068966 0.0 -11.702245084324622
18.068966 -0.1724138 -11.698962366580924
18.068966 -0.34482759 -11.696748359469053
18.068966 -0.51724136 -11.69525667071359
18.068966 -0.68965518 -11.694252337056302
18.068966 -0.86206895 -11.693576446514573
18.068966 -1.0344827 -11.693121731115596
18.068966 -1.2068965 -11.692815878440348
18.068966 -1.3793104 -11.692610183358896
18.068966 -1.5517242 -11.692471860491615
18.068966 -1.7241379 -11.692378849007973
18.068966 -1.8965517 -11.6923163085401
18.068966 -2.0689654 -11.692274257891237
18.068966 -2.2413793 -11.69224598458413
18.068966 -2.4137931 -11.692226974936421
18.068966 -2.5862069 -11.692214193842018
18.068966 -2.7586207 -11.692205600551993
18.068966 -2.9310346 -11.69219982292648
18.068966 -3.1034484 -11.692195938403934
18.068966 -3.275862 -11.692193326693497
18.068966 -3.4482758 -11.692191570740434
18.068966 -3.6206896 -11.692190390148475
18.068966 -3.7931035 -11.692189596393046
18.068966 -3.9655173 -11.692189062722875
18.068966 -4.1379309 -11.692188703917504
18.068966 -4.3103447 -11.692188462679407
18.068966 -4.4827585 -11.692188300486375
18.068966 -4.6551723 -11.692188191438186
18.068966 -4.8275862 -11.692188118121148
18.068966 -5.0 -11.692188068827514

18.413794 0.0 -11.714829846817874
18.413794 -0.1724138 -11.707645315454677
18.413794 -0.34482759 -11.702781463337953
18.413794 -0.51724136 -11.699496148200039
18.413794 -0.68965518 -11.697280435876833
18.413794 -0.86206895 -11.695787619808097
18.413794 -1.0344827 -11.694782537043007
18.413794 -1.2068965 -11.694106146251997
18.413794 -1.3793104 -11.693651096019947
18.413794 -1.5517242 -11.693345019327749
18.413794 -1.7241379 -11.693139174178949
18.413794 -1.8965517 -11.693000750380985
18.413794 -2.0689654 -11.692907671110094
18.413794 -2.2413793 -11.69284508506938
18.413794 -2.4137931 -11.692803003804677
18.413794 -2.5862069 -11.692774709953325
18.413794 -2.7586207 -11.692755686482634
18.413794 -2.9310346 -11.692742896089861
18.413794 -3.1034484 -11.692734296554868
18.413794 -3.275862 -11.692728514739109
18.413794 -3.4482758 -11.692724627391245
18.413794 -3.6206896 -11.692722013778834
18.413794 -3.7931035 -11.692720256548668
18.413794 -3.9655173 -11.69271907509891
18.413794 -4.1379309 -11.692718280767883
18.413794 -4.3103447 -11.692717746709594
18.413794 -4.4827585 -11.692717387642938
18.413794 -4.6551723 -11.69271714622951
18.413794 -4.8275862 -11.69271698391852
18.413794 -5.0 -11.6927168747911

18.758621 0.0 -11.742032825751908
18.758621 -0.1724138 -11.72655114646877
18.758621 -0.34482759 -11.715981800908951
18.758621 -0.51724136 -11.708802410207975
18.758621 -0.68965518 -11.703942133541068
18.758621 -0.86206895 -11.700659276916932
18.758621 -1.0344827 -11.698445242424858
18.758621 -1.2068965 -11.696953564325769
18.758621 -1.3793104 -11.695949251039801
18.758621 -1.5517242 -11.695273380509665
18.758621 -1.7241379 -11.694818681490515
18.758621 -1.8965517 -11.694512840949729
18.758621 -2.0689654 -11.694307154776286
18.758621 -2.2413793 -11.694168837889293
18.758621 -2.4137931 -11.694075830561154
18.758621 -2.5862069 -11.694013292982344
18.758621 -2.7586207 -11.693971244279185
18.758621 -2.9310346 -11.693942972310577
18.758621 -3.1034484 -11.69392396356752
18.758621 -3.275862 -11.69391118309556
18.758621 -3.4482758 -11.693902590212916
18.758621 -3.6206896 -11.693896812864468
18.758621 -3.7931035 -11.693892928523834
18.758621 -3.9655173 -11.69389031693516
18.758621 -4.1379309 -11.69388856106813
18.758621 -4.3103447 -11.693887380532372
18.758621 -4.4827585 -11.693886586815113
18.758621 -4.6551723 -11.693886053170234
18.758621 -4.8275862 -11.69388569438136
18.758621 -5.0 -11.693885453154865

19.103449 0.0 -11.799192355762049
19.103449 -0.1724138 -11.766923910611965
19.103449 -0.34482759 -11.744478228667
19.103449 -0.51724136 -11.72903908606255
19.103449 -0.68965518 -11.718498930304552
19.103449 -0.86206895 -11.711339425073836
19.103449 -1.0344827 -11.706492633445478
19.103449 -1.2068965 -11.703218891630078
19.103449 -1.3793104 -11.701011006722258
19.103449 -1.5517242 -11.699523474840333
19.103449 -1.7241379 -11.698521954674577
19.103449 -1.8965517 -11.697847963146513
19.103449 -2.0689654 -11.697394528364072
19.103449 -2.2413793 -11.69708953808501
19.103449 -2.4137931 -11.696884423806589
19.103449 -2.5862069 -11.696746491671957
19.103449 -2.7586207 -11.69665374299935
19.103449 -2.9310346 -11.696591379311654
19.103449 -3.1034484 -11.696549447558954
19.103449 -3.275862 -11.696521254263835
19.103449 -3.4482758 -11.69650229837737
19.103449 -3.6206896 -11.696489553431427
19.103449 -3.7931035 -11.696480984442548
19.103449 -3.9655173 -11.696475223162924
19.103449 -4.1379309 -11.6964713496315
19.103449 -4.3103447 -11.696468745304777
19.103449 -4.4827585 -11.696466994318572
19.103449 -4.6551723 -11.69646581706603
19.103449 -4.8275862 -11.696465025555826
19.103449 -5.0 -11.696464493395203

19.448277 0.0 -11.912122606914409
19.448277 -0.1724138 -11.849511438877215
19.448277 -0.34482759 -11.80418171408477
19.448277 -0.51724136 -11.772128198672027
19.448277 -0.68965518 -11.74983247046983
19.448277 -0.86206895 -11.734496445351368
19.448277 -1.0344827 -11.7240266015364
19.448277 -1.2068965 -11.716914788428035
19.448277 -1.3793104 -11.712100244814511
19.448277 -1.5517242 -11.70884826978801
19.448277 -1.7241379 -11.706655057981793
19.448277 -1.8965517 -11.705177405558212
19.448277 -2.0689654 -11.704182535008272
19.448277 -2.2413793 -11.703513017227012
19.448277 -2.4137931 -11.703062591886626
19.448277 -2.5862069 -11.702759625988948
19.448277 -2.7586207 -11.7025558729317
19.448277 -2.9310346 -11.702418856066025
19.448277 -3.1034484 -11.70232672288764
19.448277 -3.275862 -11.702264773134486
19.448277 -3.4482758 -11.702223119609316
19.448277 -3.6206896 -11.70219511335554
19.448277 -3.7931035 -11.702176283243961
19.448277 -3.9655173 -11.702163622871025
19.448277 -4.1379309 -11.702155110756216
19.448277 -4.3103447 -11.702149387703209
19.448277 -4.4827585 -11.70214553986935
19.448277 -4.6551723 -11.70214295282373
19.448277 -4.8275862 -11.702141213455425
19.448277 -5.0 -11.702140044014849

19.793104 0.0 -12.110951673271684
19.793104 -0.1724138 -12.004074114889114
19.793104 -0.34482759 -11.921417114814874
19.793104 -0.51724136 -11.859713511482406
19.793104 -0.68965518 -11.815058843087428
19.793104 -0.86206895 -11.783486682452097
19.793104 -1.0344827 -11.761526117851204
19.793104 -1.2068965 -11.74642029050787
19.793104 -1.3793104 -11.736107291626055
19.793104 -1.5517242 -11.729101839496147
19.793104 -1.7241379 -11.724359205642703
19.793104 -1.8965517 -11.721155748235011
19.793104 -2.0689654 -11.718995234269922
19.793104 -2.2413793 -11.717539599864763
19.793104 -2.4137931 -11.716559548633784
19.793104 -2.5862069 -11.715900002214426
19.793104 -2.7586207 -11.715456283822418
19.793104 -2.9310346 -11.715157828530733
19.793104 -3.1034484 -11.714957108899707
19.793104 -3.275862 -11.714822131997831
19.793104 -3.4482758 -11.714731370299026
19.793104 -3.6206896 -11.714670342641384
19.793104 -3.7931035 -11.714629309139937
19.793104 -3.9655173 -11.714601719781774
19.793104 -4.1379309 -11.714583169995917
19.793104 -4.3103447 -11.714570698072032
19.793104 -4.4827585 -11.714562312651333
19.793104 -4.6551723 -11.714556674787852
19.793104 -4.8275862 -11.714552884228395
19.793104 -5.0 -11.714550335692294

20.137932 0.0 -12.422698607885804
20.137932 -0.1724138 -12.257655328717531
20.137932 -0.34482759 -12.125844378549253
20.137932 -0.51724136 -12.021658724998007
20.137932 -0.68965518 -11.941436168221667
20.137932 -0.86206895 -11.881685900777994
20.137932 -1.0344827 -11.83848789404388
20.137932 -1.2068965 -11.807956908213338
20.137932 -1.3793104 -11.786722671473015
20.137932 -1.5517242 -11.772116442242966
20.137932 -1.7241379 -11.76214420482993
20.137932 -1.8965517 -11.755369967133337
20.137932 -2.0689654 -11.750783719762946
20.137932 -2.2413793 -11.747685819143522
20.137932 -2.4137931 -11.745596459948255
20.137932 -2.5862069 -11.744188749911983
20.137932 -2.7586207 -11.743240956445586
20.137932 -2.9310346 -11.74260311451264
20.137932 -3.1034484 -11.742173996669777
20.137932 -3.275862 -11.74188536166753
20.137932 -3.4482758 -11.741691245691351
20.137932 -3.6206896 -11.74156070922926
20.137932 -3.7931035 -11.741472933396507
20.137932 -3.9655173 -11.741413913426513
20.137932 -4.1379309 -11.741374229886162
20.137932 -4.3103447 -11.741347548127154
20.137932 -4.4827585 -11.7413296085482
20.137932 -4.6551723 -11.741317546911668
20.137932 -4.8275862 -11.741309437340663
20.137932 -5.0 -11.74130398494583

20.482758 0.0 -12.873038869270975
20.482758 -0.1724138 -12.64394235349262
20.482758 -0.34482759 -12.444844389348637
20.482758 -0.51724136 -12.284181577059792
20.482758 -0.68965518 -12.157480692886143
20.482758 -0.86206895 -12.058701324837903
20.482758 -1.0344827 -11.983396595210907
20.482758 -1.2068965 -11.927629945035553
20.482758 -1.3793104 -11.887429041199706
20.482758 -1.5517242 -11.859055451298145
20.482758 -1.7241379 -11.839334070491482
20.482758 -1.8965517 -11.825772221513757
20.482758 -2.0689654 -11.81651412562648
20.482758 -2.2413793 -11.810225316852746
20.482758 -2.4137931 -11.805967792412645
20.482758 -2.5862069 -11.803091957617236
20.482758 -2.7586207 -11.80115237041611
20.482758 -2.9310346 -11.799845568349161
20.482758 -3.1034484 -11.798965714769974
20.482758 -3.275862 -11.798373595046074
20.482758 -3.4482758 -11.797975236389396
20.482758 -3.6206896 -11.797707290360306
20.482758 -3.7931035 -11.79752708845789
20.482758 -3.9655173 -11.797405908794623
20.482758 -4.1379309 -11.79732442479702
20.482758 -4.3103447 -11.797269635298637
20.482758 -4.4827585 -11.797232796182762
20.482758 -4.6551723 -11.797208026943933
20.482758 -4.8275862 -11.797191373246438
20.482758 -5.0 -11.797180176177049

20.827587 0.0 -13.364767789885414
20.827587 -0.1724138 -13.129125275450791
20.827587 -0.34482759 -12.900679398479467
20.827587 -0.51724136 -12.681917485462458
20.827587 -0.68965518 -12.491892423176942
20.827587 -0.86206895 -12.339776440176635
20.827587 -1.0344827 -12.222317818700283
20.827587 -1.2068965 -12.133105684925896
20.827587 -1.3793104 -12.066563024086436
20.827587 -1.5517242 -12.018004510701552
20.827587 -1.7241379 -11.983311234584871
20.827587 -1.8965517 -11.958952673969247
20.827587 -2.0689654 -11.942073747733206
20.827587 -2.2413793 -11.930487695384393
20.827587 -2.4137931 -11.92258715802566
20.827587 -2.5862069 -11.917224217880465
20.827587 -2.7586207 -11.913595096488114
20.827587 -2.9310346 -11.911144422702831
20.827587 -3.1034484 -11.909491889361671
20.827587 -3.275862 -11.908378627929771
20.827587 -3.4482758 -11.907629141882484
20.827587 -3.6206896 -11.907124782976666
20.827587 -3.7931035 -11.906785479435383
20.827587 -3.9655173 -11.90655726101706
20.827587 -4.1379309 -11.906403779844622
20.827587 -4.3103447 -11.90630056986625
20.827587 -4.4827585 -11.906231169538193
20.827587 -4.6551723 -11.906184505342221
20.827587 -4.8275862 -11.906153129568766
20.827587 -5.0 -11.906132033737714

21.172413 0.0 -13.874475094388997
21.172413 -0.1724138 -13.63492573003012
21.172413 -0.34482759 -13.392738488000967
21.172413 -0.51724136 -13.167812054056435
21.172413 -0.68965518 -12.957125153671502
21.172413 -0.86206895 -12.759507660319395
21.172413 -1.0344827 -12.588000846125196
21.172413 -1.2068965 -12.451334336667841
21.172413 -1.3793104 -12.348086758140644
21.172413 -1.5517242 -12.272316821471184
21.172413 -1.7241379 -12.217756846728307
21.172413 -1.8965517 -12.179076692034279
21.172413 -2.0689654 -12.15201864019817
21.172413 -2.2413793 -12.133296008205509
21.172413 -2.4137931 -12.120449402933282
21.172413 -2.5862069 -12.111688996272278
21.172413 -2.7586207 -12.105741389679089
21.172413 -2.9310346 -12.101715902809334
21.172413 -3.1034484 -12.09899716346834
21.172413 -3.275862 -12.09716365637656
21.172413 -3.4482758 -12.095928371003644
21.172413 -3.6206896 -12.09509668557773
21.172413 -3.7931035 -12.094536987880089
21.172413 -3.9655173 -12.094160445264725
21.172413 -4.1379309 -12.093907174649905
21.172413 -4.3103447 -12.093736842747706
21.172413 -4.4827585 -12.09362230045844
21.172413 -4.6551723 -12.093545279605413
21.172413 -4.8275862 -12.09349349119678
21.172413 -5.0 -12.09345866998318

21.517242 0.0 -14.37400816426171
21.517242 -0.1724138 -14.129202385266723
21.517242 -0.34482759 -13.90206277512478
21.517242 -0.51724136 -13.675558235647696
21.517242 -0.68965518 -13.450050322275796
21.517242 -0.86206895 -13.245088616278975
21.517242 -1.0344827 -13.064352717071293
21.517242 -1.2068965 -12.90417025214384
21.517242 -1.3793104 -12.767530420006464
21.517242 -1.5517242 -12.658402079661226
21.517242 -1.7241379 -12.576098954557475
21.517242 -1.8965517 -12.516424268015253
21.517242 -2.0689654 -12.474241058025497
21.517242 -2.2413793 -12.44490853874243
21.517242 -2.4137931 -12.424732800217168
21.517242 -2.5862069 -12.410956746032907
21.517242 -2.7586207 -12.401597121816641
21.517242 -2.9310346 -12.395259556690197
21.517242 -3.1034484 -12.390978135834402
21.517242 -3.275862 -12.388090270145263
21.517242 -3.4482758 -12.386144418579045
21.517242 -3.6206896 -12.38483423239932
21.517242 -3.7931035 -12.38395247666051
21.517242 -3.9655173 -12.383359247105137
21.517242 -4.1379309 -12.382960219713437
21.517242 -4.3103447 -12.382691858283604
21.517242 -4.4827585 -12.382511392815692
21.517242 -4.6551723 -12.38239004293233
21.517242 -4.8275862 -12.382308447569965
21.517242 -5.0 -12.38225358475731

21.862068 0.0 -14.875107081943009
21.862068 -0.1724138 -14.652076651893156
21.862068 -0.34482759 -14.408308345384578
21.862068 -0.51724136 -14.16958908315889
21.862068 -0.68965518 -13.955554829685864
21.862068 -0.86206895 -13.754791817025906
21.862068 -1.0344827 -13.561731238366644
21.862068 -1.2068965 -13.389564402262236
21.862068 -1.3793104 -13.247183710887821
21.862068 -1.5517242 -13.13337868231502
21.862068 -1.7241379 -13.044177727987334
21.862068 -1.8965517 -12.9760326602331
21.862068 -2.0689654 -12.92550303444043
21.862068 -2.2413793 -12.889037007329046
21.862068 -2.4137931 -12.863274791306125
21.862068 -2.5862069 -12.845354600468859
21.862068 -2.7586207 -12.833024131483697
21.862068 -2.9310346 -12.82460302159905
21.862068 -3.1034484 -12.818881024226693
21.862068 -3.275862 -12.81500640876467
21.862068 -3.4482758 -12.812388831141337
21.862068 -3.6206896 -12.810623247167813
21.862068 -3.7931035 -12.809433599386375
21.862068 -3.9655173 -12.808632587462144
21.862068 -4.1379309 -12.808093509460996
21.862068 -4.3103447 -12.807730827921715
21.862068 -4.4827585 -12.807486875769168
21.862068 -4.6551723 -12.80732280899901
21.862068 -4.8275862 -12.807212478828273
21.862068 -5.0 -12.80713828994177

22.206898 0.0 -15.327916798246152
22.206898 -0.1724138 -15.1416432655279
22.206898 -0.34482759 -14.921415160930367
22.206898 -0.51724136 -14.69853486319866
22.206898 -0.68965518 -14.469380389503016
22.206898 -0.86206895 -14.24906612511351
22.206898 -1.0344827 -14.057941874701317
22.206898 -1.2068965 -13.895194041036623
22.206898 -1.3793104 -13.75302189469507
22.206898 -1.5517242 -13.631197185704917
22.206898 -1.7241379 -13.532670479051415
22.206898 -1.8965517 -13.45736127931136
22.206898 -2.0689654 -13.402107606088798
22.206898 -2.2413793 -13.362666339229287
22.206898 -2.4137931 -13.335029100415968
22.206898 -2.5862069 -13.315908847401262
22.206898 -2.7586207 -13.302798050423048
22.206898 -2.9310346 -13.293863476828426
22.206898 -3.1034484 -13.287800937319666
22.206898 -3.275862 -13.283699334234864
22.206898 -3.4482758 -13.28092998529065
22.206898 -3.6206896 -13.279062723499921
22.206898 -3.7931035 -13.277804873021426
22.206898 -3.9655173 -13.276958076195312
22.206898 -4.1379309 -13.276388246596154
22.206898 -4.3103447 -13.276004903570694
22.206898 -4.4827585 -13.27574706621483
22.206898 -4.6551723 -13.275573666737257
22.206898 -4.8275862 -13.27545706311685
22.206898 -5.0 -13.275378656939756

22.551723 0.0 -15.64615287345635
22.551723 -0.1724138 -15.566731312576614
22.551723 -0.34482759 -15.414163689771232
22.551723 -0.51724136 -15.206044182083291
22.551723 -0.68965518 -14.985347498609647
22.551723 -0.86206895 -14.778949068485097
22.551723 -1.0344827 -14.582883077978915
22.551723 -1.2068965 -14.399953061160806
22.551723 -1.3793104 -14.243443694541979
22.551723 -1.5517242 -14.119228195947164
22.551723 -1.7241379 -14.024238135953091
22.551723 -1.8965517 -13.952845406679694
22.551723 -2.0689654 -13.900034162446136
22.551723 -2.2413793 -13.86169158397708
22.551723 -2.4137931 -13.834368709705782
22.551723 -2.5862069 -13.81520720182882
22.551723 -2.7586207 -13.801935190658234
22.551723 -2.9310346 -13.792825974721675
22.551723 -3.1034484 -13.786614279269042
22.551723 -3.275862 -13.782397507900685
22.551723 -3.4482758 -13.779543835985493
22.551723 -3.6206896 -13.777616716857274
22.551723 -3.7931035 -13.776317177100884
22.551723 -3.9655173 -13.775441693420438
22.551723 -4.1379309 -13.774852277990048
22.551723 -4.3103447 -13.774455631278775
22.551723 -4.4827585 -13.77418878804307
22.551723 -4.6551723 -13.774009305826466
22.551723 -4.8275862 -13.773888599999372
22.551723 -5.0 -13.773807430082126

22.896551 0.0 -15.829026008276804
22.896551 -0.1724138 -15.870637548395939
22.896551 -0.34482759 -15.808729498712161
22.896551 -0.51724136 -15.671751197135457
22.896551 -0.68965518 -15.49772019658874
22.896551 -0.86206895 -15.298102719044664
22.896551 -1.0344827 -15.098057346465023
22.896551 -1.2068965 -14.921812284962307
22.896551 -1.3793104 -14.772623526333387
22.896551 -1.5517242 -14.646503514873094
22.896551 -1.7241379 -14.542656758259072
22.896551 -1.8965517 -14.461169089380471
22.896551 -2.0689654 -14.400125100768411
22.896551 -2.2413793 -14.355970322894153
22.896551 -2.4137931 -14.324793746205392
22.896551 -2.5862069 -14.30313385314346
22.896551 -2.7586207 -14.288247182996356
22.896551 -2.9310346 -14.278089288302722
22.896551 -3.1034484 -14.271191561105782
22.896551 -3.275862 -14.266522873275946
22.896551 -3.4482758 -14.263369799024314
22.896551 -3.6206896 -14.261243454629243
22.896551 -3.7931035 -14.259810926494408
22.896551 -3.9655173 -14.258846469332884
22.896551 -4.1379309 -14.25819743439093
22.896551 -4.3103447 -14.257760794500028
22.896551 -4.4827585 -14.257467103824434
22.896551 -4.6551723 -14.257269589884126
22.896551 -4.8275862 -14.257136769179823
22.896551 -5.0 -14.257047457850971

23.241379 0.0 -15.898127577029516
23.241379 -0.1724138 -16.018155566766364
23.241379 -0.34482759 -16.083516836577278
23.241379 -0.51724136 -16.061365582587992
23.241379 -0.68965518 -15.943300617383718
23.241379 -0.86206895 -15.780031589955342
23.241379 -1.0344827 -15.613446560879131
23.241379 -1.2068965 -15.450023095993414
23.241379 -1.3793104 -15.295610896960634
23.241379 -1.5517242 -15.162396514844513
23.241379 -1.7241379 -15.056532287792908
23.241379 -1.8965517 -14.976559470800067
23.241379 -2.0689654 -14.917902721803852
23.241379 -2.2413793 -14.875744873976295
23.241379 -2.4137931 -14.845933976488501
23.241379 -2.5862069 -14.825133040018537
23.241379 -2.7586207 -14.810770577646126
23.241379 -2.9310346 -14.800931811894856
23.241379 -3.1034484 -14.794230541900005
23.241379 -3.275862 -14.789684780240986
23.241379 -3.4482758 -14.786609907169794
23.241379 -3.6206896 -14.78453403502114
23.241379 -3.7931035 -14.78313446022688
23.241379 -3.9655173 -14.782191706322436
23.241379 -4.1379309 -14.78155705597204
23.241379 -4.3103447 -14.78112999283591
23.241379 -4.4827585 -14.780842697966053
23.241379 -4.6551723 -14.780649464644112
23.241379 -4.8275862 -14.780519513110756
23.241379 -5.0 -14.780432126822097

23.586206 0.0 -15.922178177121983
23.586206 -0.1724138 -16.07829549746192
23.586206 -0.34482759 -16.208849272640425
23.586206 -0.51724136 -16.288456355515244
23.586206 -0.68965518 -16.298101535431556
23.586206 -0.86206895 -16.229228567615326
23.586206 -1.0344827 -16.09450520650045
23.586206 -1.2068965 -15.938326077270874
23.586206 -1.3793104 -15.796610639956693
23.586206 -1.5517242 -15.678823249033538
23.586206 -1.7241379 -15.582991948965569
23.586206 -1.8965517 -15.50661636057789
23.586206 -2.0689654 -15.447758063543208
23.586206 -2.2413793 -15.403994229705386
23.586206 -2.4137931 -15.372411432387858
23.586206 -2.5862069 -15.350119163576009
23.586206 -2.7586207 -15.334628103165729
23.586206 -2.9310346 -15.323977956070426
23.586206 -3.1034484 -15.31670902481318
23.586206 -3.275862 -15.311772158030404
23.586206 -3.4482758 -15.30843024534531
23.586206 -3.6206896 -15.30617304534336
23.586206 -3.7931035 -15.304650767820485
23.586206 -3.9655173 -15.303625165443599
23.586206 -4.1379309 -15.302934656226256
23.586206 -4.3103447 -15.302469966732339
23.586206 -4.4827585 -15.302157342664483
23.586206 -4.6551723 -15.301947065360183
23.586206 -4.8275862 -15.301805648113643
23.586206 -5.0 -15.301710550120106

23.931034 0.0 -15.929462927070395
23.931034 -0.1724138 -16.096822928699922
23.931034 -0.34482759 -16.256225583542157
23.931034 -0.51724136 -16.3974731155189
23.931034 -0.68965518 -16.49782864903416
23.931034 -0.86206895 -16.530552253756163
23.931034 -1.0344827 -16.495666504544722
23.931034 -1.2068965 -16.414225897568198
23.931034 -1.3793104 -16.305884114402453
23.931034 -1.5517242 -16.191763107526835
23.931034 -1.7241379 -16.09008240051976
23.931034 -1.8965517 -16.008891384865066
23.931034 -2.0689654 -15.94811556547364
23.931034 -2.2413793 -15.904290693521245
23.931034 -2.4137931 -15.873398819272253
23.931034 -2.5862069 -15.851942490070895
23.931034 -2.7586207 -15.837188932906018
23.931034 -2.9310346 -15.827114937696336
23.931034 -3.1034484 -15.820269645582677
23.931034 -3.275862 -15.815633919129558
23.931034 -3.4482758 -15.812501806284576
23.931034 -3.6206896 -15.810388960336043
23.931034 -3.7931035 -15.808965222422561
23.931034 -3.9655173 -15.808006541163783
23.931034 -4.1379309 -15.807361327377995
23.931034 -4.3103447 -15.806927227994988
23.931034 -4.4827585 -15.80663523231893
23.931034 -4.6551723 -15.806438852031818
23.931034 -4.8275862 -15.806306790817477
23.931034 -5.0 -15.806217988893117

24.275862 0.0 -15.93143856008876
24.275862 -0.1724138 -16.10244808971983
24.275862 -0.34482759 -16.27121408228754
24.275862 -0.51724136 -16.433716595049212
24.275862 -0.68965518 -16.581866402969244
24.275862 -0.86206895 -16.701871354490347
24.275862 -1.0344827 -16.771339184398514
24.275862 -1.2068965 -16.773736531205667
24.275862 -1.3793104 -16.724128675423685
24.275862 -1.5517242 -16.654254495312472
24.275862 -1.7241379 -16.584939177065447
24.275862 -1.8965517 -16.52445993544313
24.275862 -2.0689654 -16.47527469959292
24.275862 -2.2413793 -16.43729911398147
24.275862 -2.4137931 -16.409137951455737
24.275862 -2.5862069 -16.388872857392514
24.275862 -2.7586207 -16.37459942029352
24.275862 -2.9310346 -16.364695012403075
24.275862 -3.1034484 -16.357892204980246
24.275862 -3.275862 -16.353252070147672
24.275862 -3.4482758 -16.350101908463447
24.275862 -3.6206896 -16.347970056848826
24.275862 -3.7931035 -16.34653041976978
24.275862 -3.9655173 -16.345559633688495
24.275862 -4.1379309 -16.344905640333607
24.275862 -4.3103447 -16.344465347938574
24.275862 -4.4827585 -16.34416905718514
24.275862 -4.6551723 -16.343969729778294
24.275862 -4.8275862 -16.343835660253696
24.275862 -5.0 -16.343745495928623

24.620689 0.0 -15.932073684515432
24.620689 -0.1724138 -16.104055487664528
24.620689 -0.34482759 -16.275305170498214
24.620689 -0.51724136 -16.444894195039787
24.620689 -0.68965518 -16.61044152469005
24.620689 -0.86206895 -16.765683637941134
24.620689 -1.0344827 -16.899421215628223
24.620689 -1.2068965 -16.998557934402317
24.620689 -1.3793104 -17.052398503544392
24.620689 -1.5517242 -17.059681235338886
24.620689 -1.7241379 -17.033981118832763
24.620689 -1.8965517 -16.994920006653995
24.620689 -2.0689654 -16.956392927997644
24.620689 -2.2413793 -16.924369313596806
24.620689 -2.4137931 -16.89994429246695
24.620689 -2.5862069 -16.882183257015583
24.620689 -2.7586207 -16.869627822797156
24.620689 -2.9310346 -16.860906052413796
24.620689 -3.1034484 -16.8549145044767
24.620689 -3.275862 -16.850828209529812
24.620689 -3.4482758 -16.848054547063917
24.620689 -3.6206896 -16.846177798116923
24.620689 -3.7931035 -16.844910596154442
24.620689 -3.9655173 -16.84405616953548
24.620689 -4.1379309 -16.843480603746592
24.620689 -4.3103447 -16.8430931300795
24.620689 -4.4827585 -16.842832391731196
24.620689 -4.6551723 -16.842656985856127
24.620689 -4.8275862 -16.84253900797157
24.620689 -5.0 -16.84245966639701

24.965517 0.0 -15.932247078246695
24.965517 -0.1724138 -16.104535072484254
24.965517 -0.34482759 -16.276629867136297
24.965517 -0.51724136 -16.44818691203069
24.965517 -0.68965518 -16.61837034830511
24.965517 -0.86206895 -16.785619195387152
24.965517 -1.0344827 -16.946777999643256
24.965517 -1.2068965 -17.094966708767902
24.965517 -1.3793104 -17.219395211275486
24.965517 -1.5517242 -17.310739304026566
24.965517 -1.7241379 -17.36750580139328
24.965517 -1.8965517 -17.396228703811826
24.965517 -2.0689654 -17.40667908395421
24.965517 -2.2413793 -17.407443963466527
24.965517 -2.4137931 -17.40419733687109
24.965517 -2.5862069 -17.39997418249196
24.965517 -2.7586207 -17.396097274796745
24.965517 -2.9310346 -17.392984419313983
24.965517 -3.1034484 -17.390650943087188
24.965517 -3.275862 -17.388969663980312
24.965517 -3.4482758 -17.387787347328462
24.965517 -3.6206896 -17.386968615360004
24.965517 -3.7931035 -17.386407280730236
24.965517 -3.9655173 -17.386024929329423
24.965517 -4.1379309 -17.385765615406424
24.965517 -4.3103447 -17.385590251062265
24.965517 -4.4827585 -17.385471886235436
24.965517 -4.6551723 -17.38539209661935
24.965517 -4.8275862 -17.385338356754424
24.965517 -5.0 -17.38530218283735

25.310345 0.0 -15.932299378791956
25.310345 -0.1724138 -16.104677089806117
25.310345 -0.34482759 -16.276992440895473
25.310345 -0.51724136 -16.449152726004275
25.310345 -0.68965518 -16.620953844033263
25.310345 -0.86206895 -16.791849490937278
25.310345 -1.0344827 -16.96058467093919
25.310345 -1.2068965 -17.125034139228713
25.310345 -1.3793104 -17.282093753942956
25.310345 -1.5517242 -17.427196718678413
25.310345 -1.7241379 -17.554511649309127
25.310345 -1.8965517 -17.659048885560658
25.310345 -2.0689654 -17.739172425725126
25.310345 -2.2413793 -17.797088894726436
25.310345 -2.4137931 -17.83725116583847
25.310345 -2.5862069 -17.86442653214197
25.310345 -2.7586207 -17.882598656511853
25.310345 -2.9310346 -17.89470155961545
25.310345 -3.1034484 -17.902761563686102
25.310345 -3.275862 -17.90813711458124
25.310345 -3.4482758 -17.9117288441105
25.310345 -3.6206896 -17.914132651952325
25.310345 -3.7931035 -17.91574354838749
25.310345 -3.9655173 -17.916824141759996
25.310345 -4.1379309 -17.91754951975356
25.310345 -4.3103447 -17.918036693170883
25.310345 -4.4827585 -17.91836399752624
25.310345 -4.6551723 -17.91858394680385
25.310345 -4.8275862 -17.918731777066498
25.310345 -5.0 -17.918831146088515

25.655172 0.0 -15.932315536249519
25.655172 -0.1724138 -16.104717095935456
25.655172 -0.34482759 -16.2771011622905
25.655172 -0.51724136 -16.449442563748033
25.655172 -0.68965518 -16.62166882741682
25.655172 -0.86206895 -16.79362045925097
25.655172 -1.0344827 -16.964997874512708
25.655172 -1.2068965 -17.135169809563383
25.655172 -1.3793104 -17.302859931399478
25.655172 -1.5517242 -17.466047484947552
25.655172 -1.7241379 -17.622182319851664
25.655172 -1.8965517 -17.76844825065869
25.655172 -2.0689654 -17.901982747485732
25.655172 -2.2413793 -18.02019648169268
25.655172 -2.4137931 -18.12122362170087
25.655172 -2.5862069 -18.204345508401445
25.655172 -2.7586207 -18.27017082520123
25.655172 -2.9310346 -18.32046479447577
25.655172 -3.1034484 -18.35770694879594
25.655172 -3.275862 -18.384583328360755
25.655172 -3.4482758 -18.40359327464817
25.655172 -3.6206896 -18.4168383943313
25.655172 -3.7931035 -18.42596668556792
25.655172 -3.9655173 -18.43220921248065
25.655172 -4.1379309 -18.4364552736664
25.655172 -4.3103447 -18.4393326479977
25.655172 -4.4827585 -18.441277560865522
25.655172 -4.6551723 -18.442589917441374
25.655172 -4.8275862 -18.443474409891273
25.655172 -5.0 -18.444070060293985

26.0 0.0 -15.932320605296256
26.0 -0.1724138 -16.104730885949305
26.0 -0.34482759 -16.27713527704128
26.0 -0.51724136 -16.449524391276075
26.0 -0.68965518 -16.621880014851328
26.0 -0.86206895 -16.79416183028068
26.0 -1.0344827 -16.966266766285646
26.0 -1.2068965 -17.137981429525848
26.0 -1.3793104 -17.30896134725667
26.0 -1.5517242 -17.47868907988624
26.0 -1.7241379 -17.646377540046988
26.0 -1.8965517 -17.810897249246143
26.0 -2.0689654 -17.97076676557345
26.0 -2.2413793 -18.124154585567766
26.0 -2.4137931 -18.268879766498355
26.0 -2.5862069 -18.402489437977145
26.0 -2.7586207 -18.522496445733708
26.0 -2.9310346 -18.626795690496248
26.0 -3.1034484 -18.714150402436108
26.0 -3.275862 -18.784537782604584
26.0 -3.4482758 -18.839167557394155
26.0 -3.6206896 -18.88016080664079
26.0 -3.7931035 -18.91005982187964
26.0 -3.9655173 -18.9313796384038
26.0 -4.1379309 -18.946322989878027
26.0 -4.3103447 -18.956665796945444
26.0 -4.4827585 -18.963760178008577
26.0 -4.6551723 -18.968595721165748
26.0 -4.8275862 -18.97187724780148
26.0 -5.0 -18.974097502832745
