# KROME file, XRAY H rate
# Distance = 5 kpc
# Xray rate including primary H ionization in 1/s
# first line indicates the size of the table (30x30)
# then first column is the parameter log10(nH), where nH is the H column density in cm-2
# second column is log10(xHe), where xHe = nHe/nH both in cm-2
# third column is log10(rate), where rate is in units of 1/s
30, 30
16.0 0.0 -17.204477131322346
16.0 -0.1724138 -17.354457474349
16.0 -0.34482759 -17.495511345824344
16.0 -0.51724136 -17.62510721988655
16.0 -0.68965518 -17.74075112739115
16.0 -0.86206895 -17.840454167266063
16.0 -1.0344827 -17.923213934517886
16.0 -1.2068965 -17.989292375649587
16.0 -1.3793104 -18.04014083153508
16.0 -1.5517242 -18.07801409670409
16.0 -1.7241379 -18.105470728642086
16.0 -1.8965517 -18.124957508965647
16.0 -2.0689654 -18.13856859416047
16.0 -2.2413793 -18.147965658236615
16.0 -2.4137931 -18.15439990609002
16.0 -2.5862069 -18.158780096856763
16.0 -2.7586207 -18.161750087615093
16.0 -2.9310346 -18.16375839862364
16.0 -3.1034484 -18.165113896623303
16.0 -3.275862 -18.166027629636442
16.0 -3.4482758 -18.166643048355112
16.0 -3.6206896 -18.16705730714316
16.0 -3.7931035 -18.167336050563872
16.0 -3.9655173 -18.167523560219916
16.0 -4.1379309 -18.167649675071093
16.0 -4.3103447 -18.167734487304593
16.0 -4.4827585 -18.167791518912836
16.0 -4.6551723 -18.167829867512154
16.0 -4.8275862 -18.167855652562057
16.0 -5.0 -18.167872989621205

16.344828 0.0 -17.20448153416568
16.344828 -0.1724138 -17.35446273579246
16.344828 -0.34482759 -17.495517473905714
16.344828 -0.51724136 -17.625114109390864
16.344828 -0.68965518 -17.740758549514037
16.344828 -0.86206895 -17.840461810329177
16.344828 -1.0344827 -17.923221484948414
16.344828 -1.2068965 -17.989299596868452
16.344828 -1.3793104 -18.040147601241436
16.344828 -1.5517242 -18.078020396239122
16.344828 -1.7241379 -18.105476606248576
16.344828 -1.8965517 -18.124963041952338
16.344828 -2.0689654 -18.138573862789855
16.344828 -2.2413793 -18.147970732515944
16.344828 -2.4137931 -18.15440484155571
16.344828 -2.5862069 -18.158784935101014
16.344828 -2.7586207 -18.16175485866689
16.344828 -2.9310346 -18.163763123652274
16.344828 -3.1034484 -18.165118590319285
16.344828 -3.275862 -18.166032302088176
16.344828 -3.4482758 -18.166647706442365
16.344828 -3.6206896 -18.167061955535765
16.344828 -3.7931035 -18.16734069242168
16.344828 -3.9655173 -18.16752819767656
16.344828 -4.1379309 -18.167654309565254
16.344828 -4.3103447 -18.167739119805407
16.344828 -4.4827585 -18.167796150072753
16.344828 -4.6551723 -18.16783449777022
16.344828 -4.8275862 -18.167860282213628
16.344828 -5.0 -18.167877618864946

16.689655 0.0 -17.204488081256702
16.689655 -0.1724138 -17.354470559938143
16.689655 -0.34482759 -17.49552658711546
16.689655 -0.51724136 -17.62512435523821
16.689655 -0.68965518 -17.740769587741614
16.689655 -0.86206895 -17.84047317738649
16.689655 -1.0344827 -17.923232714431318
16.689655 -1.2068965 -17.98931033686501
16.689655 -1.3793104 -18.040157669804344
16.689655 -1.5517242 -18.078029765578144
16.689655 -1.7241379 -18.10548534808904
16.689655 -1.8965517 -18.124971271259728
16.689655 -2.0689654 -18.13858169892963
16.689655 -2.2413793 -18.147978279604985
16.689655 -2.4137931 -18.154412182190683
16.689655 -2.5862069 -18.15879213114054
16.689655 -2.7586207 -18.16176195477228
16.689655 -2.9310346 -18.163770151308153
16.689655 -3.1034484 -18.165125571374563
16.689655 -3.275862 -18.16603925154718
16.689655 -3.4482758 -18.166654634537274
16.689655 -3.6206896 -18.16706886921195
16.689655 -3.7931035 -18.16734759637874
16.689655 -3.9655173 -18.167535095087832
16.689655 -4.1379309 -18.167661202570454
16.689655 -4.3103447 -18.16774600984593
16.689655 -4.4827585 -18.167803038118976
16.689655 -4.6551723 -18.16784138447513
16.689655 -4.8275862 -18.16786716801651
16.689655 -5.0 -18.167884504061266

17.034483 0.0 -17.204497815869356
17.034483 -0.1724138 -17.354482194025294
17.034483 -0.34482759 -17.49554013865977
17.034483 -0.51724136 -17.62513959172106
17.034483 -0.68965518 -17.74078600319912
17.034483 -0.86206895 -17.840490082406053
17.034483 -1.0344827 -17.923249415276434
17.034483 -1.2068965 -17.98932631003626
17.034483 -1.3793104 -18.040172644585226
17.034483 -1.5517242 -18.078043700550435
17.034483 -1.7241379 -18.10549834987089
17.034483 -1.8965517 -18.124983510802682
17.034483 -2.0689654 -18.138593353744415
17.034483 -2.2413793 -18.1479895045323
17.034483 -2.4137931 -18.154423100069486
17.034483 -2.5862069 -18.158802833969062
17.034483 -2.7586207 -18.161772508972852
17.034483 -2.9310346 -18.16378060370638
17.034483 -3.1034484 -18.165135954465416
17.034483 -3.275862 -18.166049587646
17.034483 -3.4482758 -18.166664938862006
17.034483 -3.6206896 -18.1670791520922
17.034483 -3.7931035 -18.167357864804064
17.034483 -3.9655173 -18.16754535377782
17.034483 -4.1379309 -18.167671454707435
17.034483 -4.3103447 -18.16775625757365
17.034483 -4.4827585 -18.167813282880633
17.034483 -4.6551723 -18.167851627241895
17.034483 -4.8275862 -18.167877409441722
17.034483 -5.0 -18.16789474458436

17.379311 0.0 -17.20451228750026
17.379311 -0.1724138 -17.35449949093069
17.379311 -0.34482759 -17.49556028785252
17.379311 -0.51724136 -17.625162247680958
17.379311 -0.68965518 -17.74081041364506
17.379311 -0.86206895 -17.84051522205383
17.379311 -1.0344827 -17.923274252234815
17.379311 -1.2068965 -17.98935006549796
17.379311 -1.3793104 -18.040194915686936
17.379311 -1.5517242 -18.07806442550236
17.379311 -1.7241379 -18.105517687112577
17.379311 -1.8965517 -18.125001714504062
17.379311 -2.0689654 -18.1386106878641
17.379311 -2.2413793 -18.14800619933279
17.379311 -2.4137931 -18.15443933822973
17.379311 -2.5862069 -18.158818752306118
17.379311 -2.7586207 -18.16178820626921
17.379311 -2.9310346 -18.163796149601044
17.379311 -3.1034484 -18.16515139728512
17.379311 -3.275862 -18.166064960578364
17.379311 -3.4482758 -18.16668026453937
17.379311 -3.6206896 -18.16709444587693
17.379311 -3.7931035 -18.167373137091143
17.379311 -3.9655173 -18.167560611586318
17.379311 -4.1379309 -18.167686702770173
17.379311 -4.3103447 -18.167771499078842
17.379311 -4.4827585 -18.167828519974638
17.379311 -4.6551723 -18.167866861369056
17.379311 -4.8275862 -18.167892641573694
17.379311 -5.0 -18.16790997537468

17.724138 0.0 -17.204533795995314
17.724138 -0.1724138 -17.35452520177759
17.724138 -0.34482759 -17.495590241817947
17.724138 -0.51724136 -17.62519593155762
17.724138 -0.68965518 -17.74084670911764
17.724138 -0.86206895 -17.84055260442456
17.724138 -1.0344827 -17.923311186589995
17.724138 -1.2068965 -17.98938539308509
17.724138 -1.3793104 -18.040228036838872
17.724138 -1.5517242 -18.0780952479043
17.724138 -1.7241379 -18.105546446111237
17.724138 -1.8965517 -18.125028787927658
17.724138 -2.0689654 -18.138636468172695
17.724138 -2.2413793 -18.148031028917707
17.724138 -2.4137931 -18.15446348874075
17.724138 -2.5862069 -18.15884242720066
17.724138 -2.7586207 -18.161811552446974
17.724138 -2.9310346 -18.163819270623517
17.724138 -3.1034484 -18.165174365020427
17.724138 -3.275862 -18.166087824381044
17.724138 -3.4482758 -18.166703058066922
17.724138 -3.6206896 -18.1671171919754
17.724138 -3.7931035 -18.167395851219403
17.724138 -3.9655173 -18.167583304182756
17.724138 -4.1379309 -18.1677093808732
17.724138 -4.3103447 -18.16779416742982
17.724138 -4.4827585 -18.167851181765517
17.724138 -4.6551723 -18.167889518747792
17.724138 -4.8275862 -18.16791529598528
17.724138 -5.0 -18.167932627791032

18.068966 0.0 -17.204565751783118
18.068966 -0.1724138 -17.354563408363045
18.068966 -0.34482759 -17.495634761138895
18.068966 -0.51724136 -17.625246001843852
18.068966 -0.68965518 -17.740900668338067
18.068966 -0.86206895 -17.840608185379025
18.068966 -1.0344827 -17.9233661060233
18.068966 -1.2068965 -17.98943792664647
18.068966 -1.3793104 -18.040277291572394
18.068966 -1.5517242 -18.078141085594456
18.068966 -1.7241379 -18.10558921612159
18.068966 -1.8965517 -18.125069051757233
18.068966 -2.0689654 -18.13867480924396
18.068966 -2.2413793 -18.148067956291637
18.068966 -2.4137931 -18.154499406330604
18.068966 -2.5862069 -18.15887763753807
18.068966 -2.7586207 -18.1618462739706
18.068966 -2.9310346 -18.163853657331007
18.068966 -3.1034484 -18.16520852378202
18.068966 -3.275862 -18.16612182858906
18.068966 -3.4482758 -18.16673695777173
18.068966 -3.6206896 -18.167151021150318
18.068966 -3.7931035 -18.167429632852667
18.068966 -3.9655173 -18.167617053796864
18.068966 -4.1379309 -18.167743108934708
18.068966 -4.3103447 -18.167827880989403
18.068966 -4.4827585 -18.167884885569826
18.068966 -4.6551723 -18.167923215990964
18.068966 -4.8275862 -18.167948988816118
18.068966 -5.0 -18.167966317654827

18.413794 0.0 -17.20461320405121
18.413794 -0.1724138 -17.35462015863185
18.413794 -0.34482759 -17.495700904414754
18.413794 -0.51724136 -17.62532040853982
18.413794 -0.68965518 -17.740980869312217
18.413794 -0.86206895 -17.840690809769153
18.413794 -1.0344827 -17.923447757185063
18.413794 -1.2068965 -17.989516037936554
18.413794 -1.3793104 -18.040350532559618
18.413794 -1.5517242 -18.07820924869169
18.413794 -1.7241379 -18.105652819450768
18.413794 -1.8965517 -18.12512892943498
18.413794 -2.0689654 -18.138731828349886
18.413794 -2.2413793 -18.14812287354362
18.413794 -2.4137931 -18.15455282220987
18.413794 -2.5862069 -18.158930001834435
18.413794 -2.7586207 -18.161897911461047
18.413794 -2.9310346 -18.16390479698656
18.413794 -3.1034484 -18.165259324504955
18.413794 -3.275862 -18.16617239950544
18.413794 -3.4482758 -18.16678737330131
18.413794 -3.6206896 -18.16720133180816
18.413794 -3.7931035 -18.16747987282016
18.413794 -3.9655173 -18.16766724615459
18.413794 -4.1379309 -18.167793269245525
18.413794 -4.3103447 -18.167878019737074
18.413794 -4.4827585 -18.167935009812208
18.413794 -4.6551723 -18.16797333047748
18.413794 -4.8275862 -18.167999096741855
18.413794 -5.0 -18.16801642116882

18.758621 0.0 -17.204683611747427
18.758621 -0.1724138 -17.354704397482198
18.758621 -0.34482759 -17.495799122103406
18.758621 -0.51724136 -17.625430932578464
18.758621 -0.68965518 -17.74110003362221
18.758621 -0.86206895 -17.840813603523912
18.758621 -1.0344827 -17.923569127004143
18.758621 -1.2068965 -17.989632162088512
18.758621 -1.3793104 -18.04045942717616
18.758621 -1.5517242 -18.078310600575495
18.758621 -1.7241379 -18.1057473959043
18.758621 -1.8965517 -18.12521796880213
18.758621 -2.0689654 -18.13881661878652
18.758621 -2.2413793 -18.14820453958974
18.758621 -2.4137931 -18.154632256370142
18.758621 -2.5862069 -18.1590078727015
18.758621 -2.7586207 -18.161974701829443
18.758621 -2.9310346 -18.163980847243746
18.758621 -3.1034484 -18.16533487088006
18.758621 -3.275862 -18.166247604231224
18.758621 -3.4482758 -18.16686234701536
18.758621 -3.6206896 -18.167276149610203
18.758621 -3.7931035 -18.167554585527217
18.758621 -3.9655173 -18.167741888080368
18.758621 -4.1379309 -18.167867863527224
18.758621 -4.3103447 -18.167952581960876
18.758621 -4.4827585 -18.16800955047101
18.758621 -4.6551723 -18.16804785663224
18.758621 -4.8275862 -18.168073613142706
18.758621 -5.0 -18.168090931010727

19.103449 0.0 -17.20478795825716
19.103449 -0.1724138 -17.354829319474668
19.103449 -0.34482759 -17.495944853340475
19.103449 -0.51724136 -17.625595002296574
19.103449 -0.68965518 -17.74127700323949
19.103449 -0.86206895 -17.840996026453922
19.103449 -1.0344827 -17.92374948406818
19.103449 -1.2068965 -17.98980475968974
19.103449 -1.3793104 -18.040621303455133
19.103449 -1.5517242 -18.078461279892128
19.103449 -1.7241379 -18.10588801216925
19.103449 -1.8965517 -18.125350358843455
19.103449 -2.0689654 -18.138942695252553
19.103449 -2.2413793 -18.148325972945255
19.103449 -2.4137931 -18.154750372718166
19.103449 -2.5862069 -18.15912366559092
19.103449 -2.7586207 -18.16208888876928
19.103449 -2.9310346 -18.16409393413117
19.103449 -3.1034484 -18.165447208820428
19.103449 -3.275862 -18.166359434355282
19.103449 -3.4482758 -18.166973833769134
19.103449 -3.6206896 -18.16738740461919
19.103449 -3.7931035 -18.167665684324497
19.103449 -3.9655173 -18.16785288166916
19.103449 -4.1379309 -18.16797878629832
19.103449 -4.3103447 -18.168063457081374
19.103449 -4.4827585 -18.168120393537457
19.103449 -4.6551723 -18.168158678139978
19.103449 -4.8275862 -18.168184420152304
19.103449 -5.0 -18.168201728271153

19.448277 0.0 -17.204942335536895
19.448277 -0.1724138 -17.355014306673432
19.448277 -0.34482759 -17.496160829326264
19.448277 -0.51724136 -17.625838329414393
19.448277 -0.68965518 -17.74153962390132
19.448277 -0.86206895 -17.8412668791052
19.448277 -1.0344827 -17.924017378635646
19.448277 -1.2068965 -17.990061207366537
19.448277 -1.3793104 -18.04086187440285
19.448277 -1.5517242 -18.078685245059514
19.448277 -1.7241379 -18.10609704188646
19.448277 -1.8965517 -18.12554717401825
19.448277 -2.0689654 -18.13913013338467
19.448277 -2.2413793 -18.148506513907744
19.448277 -2.4137931 -18.154925985869127
19.448277 -2.5862069 -18.159295826729394
19.448277 -2.7586207 -18.162258663806256
19.448277 -2.9310346 -18.164262074674046
19.448277 -3.1034484 -18.165614236530978
19.448277 -3.275862 -18.16652570751061
19.448277 -3.4482758 -18.167139596712133
19.448277 -3.6206896 -18.167552823211626
19.448277 -3.7931035 -18.167830870800366
19.448277 -3.9655173 -18.16801791181424
19.448277 -4.1379309 -18.168143711214192
19.448277 -4.3103447 -18.16822831119234
19.448277 -4.4827585 -18.16828520001867
19.448277 -4.6551723 -18.16832345258666
19.448277 -4.8275862 -18.168349173055887
19.448277 -5.0 -18.16836646668823

19.793104 0.0 -17.205170148745722
19.793104 -0.1724138 -17.35528765921863
19.793104 -0.34482759 -17.49648035361987
19.793104 -0.51724136 -17.626198697456783
19.793104 -0.68965518 -17.74192892134191
19.793104 -0.86206895 -17.84166868555124
19.793104 -1.0344827 -17.92441503716879
19.793104 -1.2068965 -17.99044204765685
19.793104 -1.3793104 -18.041219253969032
19.793104 -1.5517242 -18.079018032019288
19.793104 -1.7241379 -18.10640768492512
19.793104 -1.8965517 -18.125839695590106
19.793104 -2.0689654 -18.139408737771475
19.793104 -2.2413793 -18.148774879176425
19.793104 -2.4137931 -18.15518703446261
19.793104 -2.5862069 -18.159551749349667
19.793104 -2.7586207 -18.162511043011566
19.793104 -2.9310346 -18.16451202651064
19.793104 -3.1034484 -18.16586253566399
19.793104 -3.275862 -18.16677288600694
19.793104 -3.4482758 -18.16738601745052
19.793104 -3.6206896 -18.16779873252238
19.793104 -3.7931035 -18.168076435370782
19.793104 -3.9655173 -18.168263244200695
19.793104 -4.1379309 -18.168388887312812
19.793104 -4.3103447 -18.16847338213037
19.793104 -4.4827585 -18.168530200216136
19.793104 -4.6551723 -18.168568405205832
19.793104 -4.8275862 -18.16859409367882
19.793104 -5.0 -18.16861136579551

20.137932 0.0 -17.205505074042556
20.137932 -0.1724138 -17.355690332474605
20.137932 -0.34482759 -17.496951867542396
20.137932 -0.51724136 -17.6267313099736
20.137932 -0.68965518 -17.742505067824638
20.137932 -0.86206895 -17.842264015973132
20.137932 -1.0344827 -17.92500474962334
20.137932 -1.2068965 -17.99100720045608
20.137932 -1.3793104 -18.04174984987155
20.137932 -1.5517242 -18.079512283242572
20.137932 -1.7241379 -18.106869155104672
20.137932 -1.8965517 -18.12627431365954
20.137932 -2.0689654 -18.13982272160066
20.137932 -2.2413793 -18.14917367651214
20.137932 -2.4137931 -18.155574977295988
20.137932 -2.5862069 -18.15993208649819
20.137932 -2.7586207 -18.16288612207857
20.137932 -2.9310346 -18.16488350336178
20.137932 -3.1034484 -18.16623155979475
20.137932 -3.275862 -18.167140246990634
20.137932 -3.4482758 -18.167752253816698
20.137932 -3.6206896 -18.168164209849266
20.137932 -3.7931035 -18.168441401044092
20.137932 -3.9655173 -18.168627865271286
20.137932 -4.1379309 -18.168753276423253
20.137932 -4.3103447 -18.168837615162566
20.137932 -4.4827585 -18.168894328255742
20.137932 -4.6551723 -18.168932462630014
20.137932 -4.8275862 -18.168958103614337
20.137932 -5.0 -18.168975343797577

20.482758 0.0 -17.20599477630619
20.482758 -0.1724138 -17.356280796795374
20.482758 -0.34482759 -17.497645054047897
20.482758 -0.51724136 -17.62751610751311
20.482758 -0.68965518 -17.74335570107376
20.482758 -0.86206895 -17.84314443636336
20.482758 -1.0344827 -17.92587801614479
20.482758 -1.2068965 -17.99184493386617
20.482758 -1.3793104 -18.04253692559984
20.482758 -1.5517242 -18.08024581442234
20.482758 -1.7241379 -18.10755427017516
20.482758 -1.8965517 -18.12691971263753
20.482758 -2.0689654 -18.140437574768484
20.482758 -2.2413793 -18.14976603625893
20.482758 -2.4137931 -18.156151254363895
20.482758 -2.5862069 -18.160497091988404
20.482758 -2.7586207 -18.163443333969393
20.482758 -2.9310346 -18.16543537547543
20.482758 -3.1034484 -18.166779795858666
20.482758 -3.275862 -18.167686017404854
20.482758 -3.4482758 -18.168296356913658
20.482758 -3.6206896 -18.168707187600013
20.482758 -3.7931035 -18.168983620210955
20.482758 -3.9655173 -18.169169573521422
20.482758 -4.1379309 -18.169294640761347
20.482758 -4.3103447 -18.1693787480928
20.482758 -4.4827585 -18.169435305519336
20.482758 -4.6551723 -18.16947333519589
20.482758 -4.8275862 -18.16949890577121
20.482758 -5.0 -18.16951609860834

20.827587 0.0 -17.20670512430923
20.827587 -0.1724138 -17.35714090371073
20.827587 -0.34482759 -17.498658569363183
20.827587 -0.51724136 -17.628667397205476
20.827587 -0.68965518 -17.744607210761544
20.827587 -0.86206895 -17.844442942007333
20.827587 -1.0344827 -17.927168482750197
20.827587 -1.2068965 -17.99308471596541
20.827587 -1.3793104 -18.043702977833785
20.827587 -1.5517242 -18.081333348146885
20.827587 -1.7241379 -18.108570538133595
20.827587 -1.8965517 -18.127877395983703
20.827587 -2.0689654 -18.14135014247331
20.827587 -2.2413793 -18.150645354827756
20.827587 -2.4137931 -18.15700678772289
20.827587 -2.5862069 -18.16133594984783
20.827587 -2.7586207 -18.164270659210725
20.827587 -2.9310346 -18.16625479800156
20.827587 -3.1034484 -18.16759383661425
20.827587 -3.275862 -18.16849640847957
20.827587 -3.4482758 -18.16910427990059
20.827587 -3.6206896 -18.169513444716827
20.827587 -3.7931035 -18.16978875436058
20.827587 -3.9655173 -18.169973951327222
20.827587 -4.1379309 -18.17009850944693
20.827587 -4.3103447 -18.170182274204986
20.827587 -4.4827585 -18.1702386011836
20.827587 -4.6551723 -18.170276475865883
20.827587 -4.8275862 -18.170301942207697
20.827587 -5.0 -18.17031906495353

21.172413 0.0 -17.20772384670494
21.172413 -0.1724138 -17.358381814065453
21.172413 -0.34482759 -17.500128690341832
21.172413 -0.51724136 -17.63034543832545
21.172413 -0.68965518 -17.746439074200627
21.172413 -0.86206895 -17.846350398400766
21.172413 -1.0344827 -17.92906955390315
21.172413 -1.2068965 -17.994915078731886
21.172413 -1.3793104 -18.04542718800071
21.172413 -1.5517242 -18.082943218096577
21.172413 -1.7241379 -18.1100760419709
21.172413 -1.8965517 -18.129296831210056
21.172413 -2.0689654 -18.142703169708643
21.172413 -2.2413793 -18.151949382363647
21.172413 -2.4137931 -18.1582757358126
21.172413 -2.5862069 -18.162580291943204
21.172413 -2.7586207 -18.16549797846054
21.172413 -2.9310346 -18.16747044983449
21.172413 -3.1034484 -18.168801541758498
21.172413 -3.275862 -18.169698724008956
21.172413 -3.4482758 -18.17030295048124
21.172413 -3.6206896 -18.170709654982463
21.172413 -3.7931035 -18.170983306073705
21.172413 -3.9655173 -18.17116738594595
21.172413 -4.1379309 -18.171291192102395
21.172413 -4.3103447 -18.171374450880013
21.172413 -4.4827585 -18.17143043748535
21.172413 -4.6551723 -18.171468083239056
21.172413 -4.8275862 -18.171493395626186
21.172413 -5.0 -18.171510414845798

21.517242 0.0 -17.209161570517814
21.517242 -0.1724138 -17.3601479344853
21.517242 -0.34482759 -17.502237059468076
21.517242 -0.51724136 -17.63276866684601
21.517242 -0.68965518 -17.749100644644336
21.517242 -0.86206895 -17.849136195698232
21.517242 -1.0344827 -17.931857606493555
21.517242 -1.2068965 -17.99760794360659
21.517242 -1.3793104 -18.047969712549236
21.517242 -1.5517242 -18.085320960401763
21.517242 -1.7241379 -18.112302091171816
21.517242 -1.8965517 -18.131397184698752
21.517242 -2.0689654 -18.144706262627402
21.517242 -2.2413793 -18.153880582760582
21.517242 -2.4137931 -18.16015540886867
21.517242 -2.5862069 -18.164423795093
21.517242 -2.7586207 -18.167316446482054
21.517242 -2.9310346 -18.16927175331584
21.517242 -3.1034484 -18.17059115195151
21.517242 -3.275862 -18.171480402428983
21.517242 -3.4482758 -18.1720792642004
21.517242 -3.6206896 -18.172482347333773
21.517242 -3.7931035 -18.172753557076238
21.517242 -3.9655173 -18.172935992565346
21.517242 -4.1379309 -18.173058691796815
21.517242 -4.3103447 -18.173141205737938
21.517242 -4.4827585 -18.173196691287032
21.517242 -4.6551723 -18.17323400003787
21.517242 -4.8275862 -18.17325908578937
21.517242 -5.0 -18.173275952608325

21.862068 0.0 -17.211146248704395
21.862068 -0.1724138 -17.36261428841777
21.862068 -0.34482759 -17.505212753273447
21.862068 -0.51724136 -17.63622211862991
21.862068 -0.68965518 -17.752926842132034
21.862068 -0.86206895 -17.853170829828525
21.862068 -1.0344827 -17.935919839192522
21.862068 -1.2068965 -18.001549550366775
21.862068 -1.3793104 -18.051703735823217
21.862068 -1.5517242 -18.088821199628907
21.862068 -1.7241379 -18.115584317815728
21.862068 -1.8965517 -18.134497464424467
21.862068 -2.0689654 -18.147665153568877
21.862068 -2.2413793 -18.15673468493664
21.862068 -2.4137931 -18.162934278714374
21.862068 -2.5862069 -18.167149797069776
21.862068 -2.7586207 -18.170005829343054
21.862068 -2.9310346 -18.17193601744513
21.862068 -3.1034484 -18.17323829858605
21.862068 -3.275862 -18.17411593548837
21.862068 -3.4482758 -18.174706941235844
21.862068 -3.6206896 -18.17510472076354
21.862068 -3.7931035 -18.175372354846814
21.862068 -3.9655173 -18.175552381828986
21.862068 -4.1379309 -18.175673459714965
21.862068 -4.3103447 -18.175754882651137
21.862068 -4.4827585 -18.175809634264734
21.862068 -4.6551723 -18.175846449377325
21.862068 -4.8275862 -18.17587120315339
21.862068 -5.0 -18.175887846735286

22.206898 0.0 -17.213806642622078
22.206898 -0.1724138 -17.365971349875476
22.206898 -0.34482759 -17.509321499002677
22.206898 -0.51724136 -17.641054523319912
22.206898 -0.68965518 -17.75834596722408
22.206898 -0.86206895 -17.858945330835816
22.206898 -1.0344827 -17.941783807979455
22.206898 -1.2068965 -18.00727702777086
22.206898 -1.3793104 -18.057155842868493
22.206898 -1.5517242 -18.093949394999587
22.206898 -1.7241379 -18.120404391559042
22.206898 -1.8965517 -18.13905759155619
22.206898 -2.0689654 -18.152021982583857
22.206898 -2.2413793 -18.16094024373549
22.206898 -2.4137931 -18.1670309599678
22.206898 -2.5862069 -18.171169841868466
22.206898 -2.7586207 -18.17397273469266
22.206898 -2.9310346 -18.175866446159205
22.206898 -3.1034484 -18.17714385809207
22.206898 -3.275862 -18.178004616866662
22.206898 -3.4482758 -18.178584202971976
22.206898 -3.6206896 -18.17897427200679
22.206898 -3.7931035 -18.179236707230395
22.206898 -3.9655173 -18.17941323212142
22.206898 -4.1379309 -18.17953195238839
22.206898 -4.3103447 -18.17961178883501
22.206898 -4.4827585 -18.179665473172598
22.206898 -4.6551723 -18.179701570435903
22.206898 -4.8275862 -18.179725841448725
22.206898 -5.0 -18.17974216039432

22.551723 0.0 -17.217242064277293
22.551723 -0.1724138 -17.37039104685641
22.551723 -0.34482759 -17.514832069859857
22.551723 -0.51724136 -17.647651214037417
22.551723 -0.68965518 -17.76586568259787
22.551723 -0.86206895 -17.86707464537426
22.551723 -1.0344827 -17.950138412333757
22.551723 -1.2068965 -18.015513546900547
22.551723 -1.3793104 -18.065050477853095
22.551723 -1.5517242 -18.10141132976417
22.551723 -1.7241379 -18.12744167103613
22.551723 -1.8965517 -18.14573063968023
22.551723 -2.0689654 -18.15840741280577
22.551723 -2.2413793 -18.16711039030047
22.551723 -2.4137931 -18.173045571388922
22.551723 -2.5862069 -18.177074709183465
22.551723 -2.7586207 -18.179801384592107
22.551723 -2.9310346 -18.181642722911427
22.551723 -3.1034484 -18.182884402680475
22.551723 -3.275862 -18.183720899597994
22.551723 -3.4482758 -18.184284065156053
22.551723 -3.6206896 -18.184663044793325
22.551723 -3.7931035 -18.184918001857376
22.551723 -3.9655173 -18.185089488786232
22.551723 -4.1379309 -18.185204817266772
22.551723 -4.3103447 -18.18528237121483
22.551723 -4.4827585 -18.18533452000786
22.551723 -4.6551723 -18.185369584444917
22.551723 -4.8275862 -18.185393160859334
22.551723 -5.0 -18.185409012715073

22.896551 0.0 -17.22148347218158
22.896551 -0.1724138 -17.37597606075629
22.896551 -0.34482759 -17.52195666475359
22.896551 -0.51724136 -17.656373226420744
22.896551 -0.68965518 -17.776022228727335
22.896551 -0.86206895 -17.878267887529745
22.896551 -1.0344827 -17.96183060967367
22.896551 -1.2068965 -18.027189868752437
22.896551 -1.3793104 -18.076350275143756
22.896551 -1.5517242 -18.112165489108225
22.896551 -1.7241379 -18.137632385087677
22.896551 -1.8965517 -18.15542548682447
22.896551 -2.0689654 -18.16770490017237
22.896551 -2.2413793 -18.176107784393466
22.896551 -2.4137931 -18.18182493560952
22.896551 -2.5862069 -18.185699675398315
22.896551 -2.7586207 -18.18831886713295
22.896551 -2.9310346 -18.19008623216751
22.896551 -3.1034484 -18.191277390516376
22.896551 -3.275862 -18.192079560087425
22.896551 -3.4482758 -18.192619481995273
22.896551 -3.6206896 -18.192982759488956
22.896551 -3.7931035 -18.193227125582222
22.896551 -3.9655173 -18.19339147648575
22.896551 -4.1379309 -18.193502000218817
22.896551 -4.3103447 -18.193576320614895
22.896551 -4.4827585 -18.19362629395306
22.896551 -4.6551723 -18.193659895110784
22.896551 -4.8275862 -18.193682487418858
22.896551 -5.0 -18.193697677493677

23.241379 0.0 -17.226450799699645
23.241379 -0.1724138 -17.38270019884053
23.241379 -0.34482759 -17.53077146830978
23.241379 -0.51724136 -17.66746161363166
23.241379 -0.68965518 -17.789281177619582
23.241379 -0.86206895 -17.89324418305763
23.241379 -1.0344827 -17.977812050268412
23.241379 -1.2068965 -18.04342730376374
23.241379 -1.3793104 -18.092271146472722
23.241379 -1.5517242 -18.127461714114432
23.241379 -1.7241379 -18.152223597048785
23.241379 -1.8965517 -18.16937002913516
23.241379 -2.0689654 -18.18111929680426
23.241379 -2.2413793 -18.189116328514633
23.241379 -2.4137931 -18.194536103707073
23.241379 -2.5862069 -18.198199111824472
23.241379 -2.7586207 -18.20067038626268
23.241379 -2.9310346 -18.20233571383963
23.241379 -3.1034484 -18.20345707651798
23.241379 -3.275862 -18.204211774024582
23.241379 -3.4482758 -18.20471952975552
23.241379 -3.6206896 -18.205061067574913
23.241379 -3.7931035 -18.20529076592672
23.241379 -3.9655173 -18.20544523190554
23.241379 -4.1379309 -18.20554909911237
23.241379 -4.3103447 -18.205618939309506
23.241379 -4.4827585 -18.205665898290867
23.241379 -4.6551723 -18.205697471812336
23.241379 -4.8275862 -18.20571870042589
23.241379 -5.0 -18.205732973441144

23.586206 0.0 -17.231896769829717
23.586206 -0.1724138 -17.390336261573154
23.586206 -0.34482759 -17.54112345388555
23.586206 -0.51724136 -17.68091915278844
23.586206 -0.68965518 -17.805898625843085
23.586206 -0.86206895 -17.912591278196427
23.586206 -1.0344827 -17.999019994980628
23.586206 -1.2068965 -18.06545899579569
23.586206 -1.3793104 -18.11424779649718
23.586206 -1.5517242 -18.14884418627561
23.586206 -1.7241379 -18.172803447655866
23.586206 -1.8965517 -18.189159611370076
23.586206 -2.0689654 -18.20023690990351
23.586206 -2.2413793 -18.20770855297288
23.586206 -2.4137931 -18.212738362191956
23.586206 -2.5862069 -18.216121433915113
23.586206 -2.7586207 -18.218396105252694
23.586206 -2.9310346 -18.219925339448
23.586206 -3.1034484 -18.22095339789235
23.586206 -3.275862 -18.221644537027434
23.586206 -3.4482758 -18.222109182991986
23.586206 -3.6206896 -18.22242156503266
23.586206 -3.7931035 -18.22263158303595
23.586206 -3.9655173 -18.222772781924828
23.586206 -4.1379309 -18.222867713215507
23.586206 -4.3103447 -18.22293153823305
23.586206 -4.4827585 -18.222974449720752
23.586206 -4.6551723 -18.22300330048702
23.586206 -4.8275862 -18.22302269782455
23.586206 -5.0 -18.223035739305615

23.931034 0.0 -17.237345771545
23.931034 -0.1724138 -17.39835219900729
23.931034 -0.34482759 -17.552491070975282
23.931034 -0.51724136 -17.696343232229395
23.931034 -0.68965518 -17.825733291847076
23.931034 -0.86206895 -17.93656827731084
23.931034 -1.0344827 -18.02619138963382
23.931034 -1.2068965 -18.094478636099534
23.931034 -1.3793104 -18.143830436269834
23.931034 -1.5517242 -18.178095703841322
23.931034 -1.7241379 -18.201284240222282
23.931034 -1.8965517 -18.216768395062402
23.931034 -2.0689654 -18.227056262889235
23.931034 -2.2413793 -18.23388929743309
23.931034 -2.4137931 -18.23843543361391
23.931034 -2.5862069 -18.241466912623515
23.931034 -2.7586207 -18.243492663615616
23.931034 -2.9310346 -18.24484868571332
23.931034 -3.1034484 -18.245757582306076
23.931034 -3.275862 -18.246367363601156
23.931034 -3.4482758 -18.24677674303969
23.931034 -3.6206896 -18.247051709543207
23.931034 -3.7931035 -18.247236454635658
23.931034 -3.9655173 -18.247360608563035
23.931034 -4.1379309 -18.24744405587925
23.931034 -4.3103447 -18.24750014891377
23.931034 -4.4827585 -18.24753785698768
23.931034 -4.6551723 -18.247563207085104
23.931034 -4.8275862 -18.24758024978929
23.931034 -5.0 -18.24759170771178

24.275862 0.0 -17.24217990286431
24.275862 -0.1724138 -17.405894094955624
24.275862 -0.34482759 -17.563840312472422
24.275862 -0.51724136 -17.712667347835563
24.275862 -0.68965518 -17.847921514592887
24.275862 -0.86206895 -17.96477362488723
24.275862 -1.0344827 -18.05956733244309
24.275862 -1.2068965 -18.131402455170292
24.275862 -1.3793104 -18.182509584099787
24.275862 -1.5517242 -18.21712054610205
24.275862 -1.7241379 -18.23983297924938
24.275862 -1.8965517 -18.254515797269818
24.275862 -2.0689654 -18.263980085310244
24.275862 -2.2413793 -18.270105303538486
24.275862 -2.4137931 -18.274096995119944
24.275862 -2.5862069 -18.276717212659705
24.275862 -2.7586207 -18.27844809371641
24.275862 -2.9310346 -18.279597256272034
24.275862 -3.1034484 -18.280363086913002
24.275862 -3.275862 -18.2808748479587
24.275862 -3.4482758 -18.281217487507725
24.275862 -3.6206896 -18.28144720111052
24.275862 -3.7931035 -18.28160134783219
24.275862 -3.9655173 -18.2817048508351
24.275862 -4.1379309 -18.281774378217897
24.275862 -4.3103447 -18.28182109625737
24.275862 -4.4827585 -18.28185249389593
24.275862 -4.6551723 -18.28187359796403
24.275862 -4.8275862 -18.28188778441805
24.275862 -5.0 -18.28189732130838

24.620689 0.0 -17.246001828789552
24.620689 -0.1724138 -17.412155652977344
24.620689 -0.34482759 -17.573855414141672
24.620689 -0.51724136 -17.72810789740255
24.620689 -0.68965518 -17.8704932361299
24.620689 -0.86206895 -17.995542920252912
24.620689 -1.0344827 -18.09827172736345
24.620689 -1.2068965 -18.176372273577467
24.620689 -1.3793104 -18.23137857799747
24.620689 -1.5517242 -18.2677377755548
24.620689 -1.7241379 -18.290754755351905
24.620689 -1.8965517 -18.305008078495007
24.620689 -2.0689654 -18.31379399768577
24.620689 -2.2413793 -18.31924767244564
24.620689 -2.4137931 -18.322676526318514
24.620689 -2.5862069 -18.324863301934673
24.620689 -2.7586207 -18.326276360445313
24.620689 -2.9310346 -18.327199416646966
24.620689 -3.1034484 -18.327807459702925
24.620689 -3.275862 -18.3282104797281
24.620689 -3.4482758 -18.328478793980807
24.620689 -3.6206896 -18.32865798245029
24.620689 -3.7931035 -18.3287779076936
24.620689 -3.9655173 -18.328858288234816
24.620689 -4.1379309 -18.328912217845353
24.620689 -4.3103447 -18.32894842550785
24.620689 -4.4827585 -18.328972746044695
24.620689 -4.6551723 -18.328989087129365
24.620689 -4.8275862 -18.329000069089272
24.620689 -5.0 -18.329007450504566

24.965517 0.0 -17.248873081456658
24.965517 -0.1724138 -17.41693561535591
24.965517 -0.34482759 -17.581763669134837
24.965517 -0.51724136 -17.740988501960338
24.965517 -0.68965518 -17.89076157450566
24.965517 -0.86206895 -18.025597261799756
24.965517 -1.0344827 -18.139344572817496
24.965517 -1.2068965 -18.227620519514513
24.965517 -1.3793104 -18.290199323821028
24.965517 -1.5517242 -18.33105982871037
24.965517 -1.7241379 -18.356134775876765
24.965517 -1.8965517 -18.37095851530838
24.965517 -2.0689654 -18.379597026138466
24.965517 -2.2413793 -18.38464907391796
24.965517 -2.4137931 -18.38764905258067
24.965517 -2.5862069 -18.389468254393947
24.965517 -2.7586207 -18.39059595642501
24.965517 -2.9310346 -18.391309112752268
24.965517 -3.1034484 -18.391767636118765
24.965517 -3.275862 -18.39206625886614
24.965517 -3.4482758 -18.39226261073064
24.965517 -3.6206896 -18.39239260815777
24.965517 -3.7931035 -18.39247909302478
24.965517 -3.9655173 -18.392536823658823
24.965517 -4.1379309 -18.392575449359196
24.965517 -4.3103447 -18.392601333414607
24.965517 -4.4827585 -18.392618697531148
24.965517 -4.6551723 -18.392630354558023
24.965517 -4.8275862 -18.392638184087485
24.965517 -5.0 -18.39264344457937

25.310345 0.0 -17.250991704908405
25.310345 -0.1724138 -17.420516795744334
25.310345 -0.34482759 -17.587746256437836
25.310345 -0.51724136 -17.750917032162338
25.310345 -0.68965518 -17.907042786318954
25.310345 -0.86206895 -18.0514498352882
25.310345 -1.0344827 -18.17790553040549
25.310345 -1.2068965 -18.280279063465052
25.310345 -1.3793104 -18.3555578398736
25.310345 -1.5517242 -18.40572551345154
25.310345 -1.7241379 -18.43647214326421
25.310345 -1.8965517 -18.454235273325892
25.310345 -2.0689654 -18.46416786487585
25.310345 -2.2413793 -18.469668867671274
25.310345 -2.4137931 -18.472740496334726
25.310345 -2.5862069 -18.474490552616903
25.310345 -2.7586207 -18.475514471321716
25.310345 -2.9310346 -18.47613060930919
25.310345 -3.1034484 -18.47651117266477
25.310345 -3.275862 -18.47675149653138
25.310345 -3.4482758 -18.476905952807304
25.310345 -3.6206896 -18.477006550154506
25.310345 -3.7931035 -18.477072707610883
25.310345 -3.9655173 -18.47711651684013
25.310345 -4.1379309 -18.477145667274698
25.310345 -4.3103447 -18.477165128484646
25.310345 -4.4827585 -18.477178150630017
25.310345 -4.6551723 -18.477186877688517
25.310345 -4.8275862 -18.477192732452178
25.310345 -5.0 -18.477196663049533

25.655172 0.0 -17.252404322619746
25.655172 -0.1724138 -17.423046335083566
25.655172 -0.34482759 -17.592155538945143
25.655172 -0.51724136 -17.758423651169444
25.655172 -0.68965518 -17.919571652499496
25.655172 -0.86206895 -18.07192309989553
25.655172 -1.0344827 -18.210175674075355
25.655172 -1.2068965 -18.328006451106628
25.655172 -1.3793104 -18.42022954437639
25.655172 -1.5517242 -18.485648287349168
25.655172 -1.7241379 -18.527875228069796
25.655172 -1.8965517 -18.55317128250288
25.655172 -2.0689654 -18.567619041880427
25.655172 -2.2413793 -18.5756957587005
25.655172 -2.4137931 -18.580210457511555
25.655172 -2.5862069 -18.582772322202075
25.655172 -2.7586207 -18.584261291755034
25.655172 -2.9310346 -18.585150690771982
25.655172 -3.1034484 -18.585696256335392
25.655172 -3.275862 -18.58603877451729
25.655172 -3.4482758 -18.58625790189299
25.655172 -3.6206896 -18.58640012835808
25.655172 -3.7931035 -18.58649342956518
25.655172 -3.9655173 -18.586555104075853
25.655172 -4.1379309 -18.58659609145031
25.655172 -4.3103447 -18.586623431954965
25.655172 -4.4827585 -18.58664171580036
25.655172 -4.6551723 -18.586653964269807
25.655172 -4.8275862 -18.58666217926752
25.655172 -5.0 -18.586667693414725

26.0 0.0 -17.25323231475625
26.0 -0.1724138 -17.424598982785287
26.0 -0.34482759 -17.59504744529624
26.0 -0.51724136 -17.76370198499146
26.0 -0.68965518 -17.928897750815455
26.0 -0.86206895 -18.08774831383836
26.0 -1.0344827 -18.235874442780293
26.0 -1.2068965 -18.367663620576003
26.0 -1.3793104 -18.477467255867495
26.0 -1.5517242 -18.56179138762061
26.0 -1.7241379 -18.621197509159824
26.0 -1.8965517 -18.66000848248801
26.0 -2.0689654 -18.68405461332105
26.0 -2.2413793 -18.69854773858714
26.0 -2.4137931 -18.70723111649225
26.0 -2.5862069 -18.712479172389777
26.0 -2.7586207 -18.715703373017423
26.0 -2.9310346 -18.71772137293253
26.0 -3.1034484 -18.719006578500224
26.0 -3.275862 -18.719837105255746
26.0 -3.4482758 -18.720379952745493
26.0 -3.6206896 -18.720737785832867
26.0 -3.7931035 -18.720975105862554
26.0 -3.9655173 -18.721133178232453
26.0 -4.1379309 -18.721238780707097
26.0 -4.3103447 -18.721309474940256
26.0 -4.4827585 -18.721356866488474
26.0 -4.6551723 -18.72138866672492
26.0 -4.8275862 -18.721410018756664
26.0 -5.0 -18.721424361628014
