# KROME file, XRAY He rate
# Distance = 6 kpc
# Xray rate including primary He ionization in 1/s
# first line indicates the size of the table (30x30)
# then first column is the parameter log10(nH), where nH is the H column density in cm-2
# second column is log10(xHe), where xHe = nHe/nH both in cm-2
# third column is log10(rate), where rate is in units of 1/s
30, 30
16.0 0.0 -17.101485362186594
16.0 -0.1724138 -17.099289631992168
16.0 -0.34482759 -17.09604936203625
16.0 -0.51724136 -17.091278572361897
16.0 -0.68965518 -17.084282076762705
16.0 -0.86206895 -17.074083337740372
16.0 -1.0344827 -17.05934684718423
16.0 -1.2068965 -17.038316251096308
16.0 -1.3793104 -17.00880910982976
16.0 -1.5517242 -16.968327526509285
16.0 -1.7241379 -16.914338495495493
16.0 -1.8965517 -16.84471969794623
16.0 -2.0689654 -16.758254011230523
16.0 -2.2413793 -16.654960820635296
16.0 -2.4137931 -16.536090969661913
16.0 -2.5862069 -16.403786405061933
16.0 -2.7586207 -16.26058479420128
16.0 -2.9310346 -16.10897746244628
16.0 -3.1034484 -15.95113490460459
16.0 -3.275862 -15.788800322713582
16.0 -3.4482758 -15.623296951496693
16.0 -3.6206896 -15.455591875925979
16.0 -3.7931035 -15.286372768150107
16.0 -3.9655173 -15.116120228533463
16.0 -4.1379309 -14.945165789998546
16.0 -4.3103447 -14.773735801215544
16.0 -4.4827585 -14.601984707800808
16.0 -4.6551723 -14.430017038318416
16.0 -4.8275862 -14.257903345805953
16.0 -5.0 -14.085691502616596

16.344828 0.0 -17.101512095104404
16.344828 -0.1724138 -17.09931213222905
16.344828 -0.34482759 -17.096068157060458
16.344828 -0.51724136 -17.09129407654791
16.344828 -0.68965518 -17.08429466689662
16.344828 -0.86206895 -17.07409340047105
16.344828 -1.0344827 -17.059354785618822
16.344828 -1.2068965 -17.038322460367585
16.344828 -1.3793104 -17.008813944809297
16.344828 -1.5517242 -16.968331280724314
16.344828 -1.7241379 -16.91434139761832
16.344828 -1.8965517 -16.844721922003515
16.344828 -2.0689654 -16.758255692434137
16.344828 -2.2413793 -16.654962069337703
16.344828 -2.4137931 -16.536091879568545
16.344828 -2.5862069 -16.403787056075505
16.344828 -2.7586207 -16.26058525264558
16.344828 -2.9310346 -16.1089777811745
16.344828 -3.1034484 -15.951135124039046
16.344828 -3.275862 -15.788800472705235
16.344828 -3.4482758 -15.623297053496175
16.344828 -3.6206896 -15.455591945039801
16.344828 -3.7931035 -15.286372814864432
16.344828 -3.9655173 -15.116120260054029
16.344828 -4.1379309 -14.945165811242394
16.344828 -4.3103447 -14.77373581552192
16.344828 -4.4827585 -14.601984717430105
16.344828 -4.6551723 -14.430017044797346
16.344828 -4.8275862 -14.257903350164145
16.344828 -5.0 -14.085691505547748

16.689655 0.0 -17.101551853753286
16.689655 -0.1724138 -17.099345596116144
16.689655 -0.34482759 -17.096096110526815
16.689655 -0.51724136 -17.091317135777437
16.689655 -0.68965518 -17.08431339219778
16.689655 -0.86206895 -17.074108366843287
16.689655 -1.0344827 -17.059366592559236
16.689655 -1.2068965 -17.038331695529592
16.689655 -1.3793104 -17.00882113597864
16.689655 -1.5517242 -16.968336864457665
16.689655 -1.7241379 -16.91434571401839
16.689655 -1.8965517 -16.84472522990098
16.689655 -2.0689654 -16.758258192931567
16.689655 -2.2413793 -16.65496392656472
16.689655 -2.4137931 -16.53609323289566
16.689655 -2.5862069 -16.403788024344216
16.689655 -2.7586207 -16.26058593450108
16.689655 -2.9310346 -16.10897825522675
16.689655 -3.1034484 -15.95113545040922
16.689655 -3.275862 -15.78880069579143
16.689655 -3.4482758 -15.62329720520245
16.689655 -3.6206896 -15.455592047834442
16.689655 -3.7931035 -15.286372884343761
16.689655 -3.9655173 -15.116120306935315
16.689655 -4.1379309 -14.945165842838874
16.689655 -4.3103447 -14.773735836800137
16.689655 -4.4827585 -14.601984731751989
16.689655 -4.6551723 -14.430017054433609
16.689655 -4.8275862 -14.257903356646185
16.689655 -5.0 -14.085691509907322

17.034483 0.0 -17.10161098351993
17.034483 -0.1724138 -17.099395364890263
17.034483 -0.34482759 -17.096137684488227
17.034483 -0.51724136 -17.09135143111274
17.034483 -0.68965518 -17.084341242056578
17.034483 -0.86206895 -17.074130626273732
17.034483 -1.0344827 -17.05938415308699
17.034483 -1.2068965 -17.03834543110221
17.034483 -1.3793104 -17.008831831531555
17.034483 -1.5517242 -16.9683451692612
17.034483 -1.7241379 -16.914352133898845
17.034483 -1.8965517 -16.844730149815312
17.034483 -2.0689654 -16.75826191198104
17.034483 -2.2413793 -16.654966688862245
17.034483 -2.4137931 -16.536095245730355
17.034483 -2.5862069 -16.403789464472165
17.034483 -2.7586207 -16.260586948639876
17.034483 -2.9310346 -16.108978960294994
17.034483 -3.1034484 -15.951135935826608
17.034483 -3.275862 -15.788801027592285
17.034483 -3.4482758 -15.623297430838406
17.034483 -3.6206896 -15.455592200723075
17.034483 -3.7931035 -15.286372987681826
17.034483 -3.9655173 -15.116120376662835
17.034483 -4.1379309 -14.945165889832978
17.034483 -4.3103447 -14.773735868447673
17.034483 -4.4827585 -14.601984753053223
17.034483 -4.6551723 -14.430017068765826
17.034483 -4.8275862 -14.25790336628706
17.034483 -5.0 -14.085691516391405

17.379311 0.0 -17.101698918157023
17.379311 -0.1724138 -17.09946937988077
17.379311 -0.34482759 -17.096199513436066
17.379311 -0.51724136 -17.091402436050842
17.379311 -0.68965518 -17.084382661666595
17.379311 -0.86206895 -17.07416373191393
17.379311 -1.0344827 -17.059410270460678
17.379311 -1.2068965 -17.03836585985106
17.379311 -1.3793104 -17.00884773897663
17.379311 -1.5517242 -16.96835752099701
17.379311 -1.7241379 -16.91436168220646
17.379311 -1.8965517 -16.844737467225052
17.379311 -2.0689654 -16.758267443340102
17.379311 -2.2413793 -16.654970797238683
17.379311 -2.4137931 -16.536098239426256
17.379311 -2.5862069 -16.40379160637831
17.379311 -2.7586207 -16.26058845697054
17.379311 -2.9310346 -16.108980008944034
17.379311 -3.1034484 -15.951136657788402
17.379311 -3.275862 -15.788801521079947
17.379311 -3.4482758 -15.623297766426884
17.379311 -3.6206896 -15.455592428114402
17.379311 -3.7931035 -15.286373141376561
17.379311 -3.9655173 -15.116120480368592
17.379311 -4.1379309 -14.945165959727321
17.379311 -4.3103447 -14.773735915517056
17.379311 -4.4827585 -14.601984784734555
17.379311 -4.6551723 -14.430017090082133
17.379311 -4.8275862 -14.257903380625933
17.379311 -5.0 -14.085691526035184

17.724138 0.0 -17.10182968058096
17.724138 -0.1724138 -17.099579446582382
17.724138 -0.34482759 -17.096291460860854
17.724138 -0.51724136 -17.09147828855705
17.724138 -0.68965518 -17.084444260486507
17.724138 -0.86206895 -17.074212967114853
17.724138 -1.0344827 -17.059449113139024
17.724138 -1.2068965 -17.03839624252453
17.724138 -1.3793104 -17.008871397514913
17.724138 -1.5517242 -16.968375891354597
17.724138 -1.7241379 -16.9143758831517
17.724138 -1.8965517 -16.844748350228798
17.724138 -2.0689654 -16.758275669996287
17.724138 -2.2413793 -16.654976907524805
17.724138 -2.4137931 -16.53610269187266
17.724138 -2.5862069 -16.4037947919775
17.724138 -2.7586207 -16.260590700268537
17.724138 -2.9310346 -16.10898156856957
17.724138 -3.1034484 -15.951137731540955
17.724138 -3.275862 -15.788802255029418
17.724138 -3.4482758 -15.623298265537507
17.724138 -3.6206896 -15.455592766306612
17.724138 -3.7931035 -15.286373369962046
17.724138 -3.9655173 -15.116120634606984
17.724138 -4.1379309 -14.945166063679027
17.724138 -4.3103447 -14.773735985521904
17.724138 -4.4827585 -14.60198483185322
17.724138 -4.6551723 -14.43001712178522
17.724138 -4.8275862 -14.257903401951697
17.724138 -5.0 -14.085691540378077

18.068966 0.0 -17.10202411133837
18.068966 -0.1724138 -17.099743112286617
18.068966 -0.34482759 -17.096428189129796
18.068966 -0.51724136 -17.091591087111684
18.068966 -0.68965518 -17.084535865425313
18.068966 -0.86206895 -17.07428618768698
18.068966 -1.0344827 -17.059506879552607
18.068966 -1.2068965 -17.03844142801386
18.068966 -1.3793104 -17.008906583179474
18.068966 -1.5517242 -16.968403212483572
18.068966 -1.7241379 -16.914397003453463
18.068966 -1.8965517 -16.84476453596541
18.068966 -2.0689654 -16.758287905086444
18.068966 -2.2413793 -16.65498599503911
18.068966 -2.4137931 -16.536109313760406
18.068966 -2.5862069 -16.403799529745264
18.068966 -2.7586207 -16.260594036599883
18.068966 -2.9310346 -16.10898388811133
18.068966 -3.1034484 -15.951139328470674
18.068966 -3.275862 -15.78880334658929
18.068966 -3.4482758 -15.623299007835136
18.068966 -3.6206896 -15.455593269279717
18.068966 -3.7931035 -15.286373709923554
18.068966 -3.9655173 -15.116120863996489
18.068966 -4.1379309 -14.945166218280152
18.068966 -4.3103447 -14.773736089635898
18.068966 -4.4827585 -14.601984901929976
18.068966 -4.6551723 -14.430017168935308
18.068966 -4.8275862 -14.25790343366822
18.068966 -5.0 -14.085691561709398

18.413794 0.0 -17.10231316687542
18.413794 -0.1724138 -17.0999864465688
18.413794 -0.34482759 -17.09663148530127
18.413794 -0.51724136 -17.09175881160445
18.413794 -0.68965518 -17.08467208232885
18.413794 -0.86206895 -17.0743950710287
18.413794 -1.0344827 -17.059592784239122
18.413794 -1.2068965 -17.038508625109163
18.413794 -1.3793104 -17.008958910015128
18.413794 -1.5517242 -16.968443843911597
18.413794 -1.7241379 -16.91442841333452
18.413794 -1.8965517 -16.84478860728318
18.413794 -2.0689654 -16.758306101038063
18.413794 -2.2413793 -16.654999509922742
18.413794 -2.4137931 -16.53611916176752
18.413794 -2.5862069 -16.40380657569591
18.413794 -2.7586207 -16.26059899834404
18.413794 -2.9310346 -16.108987337696473
18.413794 -3.1034484 -15.95114170339667
18.413794 -3.275862 -15.788804969936994
18.413794 -3.4482758 -15.623300111765953
18.413794 -3.6206896 -15.455594017291439
18.413794 -3.7931035 -15.286374215507514
18.413794 -3.9655173 -15.116121205139924
18.413794 -4.1379309 -14.945166448199792
18.413794 -4.3103447 -14.773736244472099
18.413794 -4.4827585 -14.601985006146684
18.413794 -4.6551723 -14.43001723905595
18.413794 -4.8275862 -14.25790348083638
18.413794 -5.0 -14.085691593432898

18.758621 0.0 -17.102742802354605
18.758621 -0.1724138 -17.10034816080385
18.758621 -0.34482759 -17.09693370934082
18.758621 -0.51724136 -17.092008172906446
18.758621 -0.68965518 -17.08487461357349
18.758621 -0.86206895 -17.074556970915957
18.758621 -1.0344827 -17.059720522638248
18.758621 -1.2068965 -17.038608549166376
18.758621 -1.3793104 -17.009036723477077
18.758621 -1.5517242 -16.968504266507793
18.758621 -1.7241379 -16.91447512309516
18.758621 -1.8965517 -16.844824403986763
18.758621 -2.0689654 -16.75833316044305
18.758621 -2.2413793 -16.65501960803142
18.758621 -2.4137931 -16.53613380679683
18.758621 -2.5862069 -16.403817053745055
18.758621 -2.7586207 -16.260606376948882
18.758621 -2.9310346 -16.108992467562047
18.758621 -3.1034484 -15.951145235135737
18.758621 -3.275862 -15.788807384005827
18.758621 -3.4482758 -15.623301753412468
18.758621 -3.6206896 -15.455595129653021
18.758621 -3.7931035 -15.286374967356673
18.758621 -3.9655173 -15.116121712451001
18.758621 -4.1379309 -14.945166790110996
18.758621 -4.3103447 -14.773736474727443
18.758621 -4.4827585 -14.601985161126283
18.758621 -4.6551723 -14.430017343331631
18.758621 -4.8275862 -14.257903550979659
18.758621 -5.0 -14.085691640608584

19.103449 0.0 -17.10338118236305
19.103449 -0.1724138 -17.10088569876179
19.103449 -0.34482759 -17.097382897344936
19.103449 -0.51724136 -17.092378833828196
19.103449 -0.68965518 -17.085175693643677
19.103449 -0.86206895 -17.074797668797245
19.103449 -1.0344827 -17.059910445024403
19.103449 -1.2068965 -17.038757124580915
19.103449 -1.3793104 -17.009152427253568
19.103449 -1.5517242 -16.96859411330986
19.103449 -1.7241379 -16.91454458023685
19.103449 -1.8965517 -16.844877633807428
19.103449 -2.0689654 -16.758373397911946
19.103449 -2.2413793 -16.655049493957854
19.103449 -2.4137931 -16.536155583910013
19.103449 -2.5862069 -16.403832634515215
19.103449 -2.7586207 -16.26061734883603
19.103449 -2.9310346 -16.10900009558372
19.103449 -3.1034484 -15.951150486760282
19.103449 -3.275862 -15.788810973672057
19.103449 -3.4482758 -15.62330419450147
19.103449 -3.6206896 -15.455596783706811
19.103449 -3.7931035 -15.28637608533696
19.103449 -3.9655173 -15.116122466809214
19.103449 -4.1379309 -14.945167298523833
19.103449 -4.3103447 -14.773736817110942
19.103449 -4.4827585 -14.60198539157675
19.103449 -4.6551723 -14.430017498386736
19.103449 -4.8275862 -14.257903655280805
19.103449 -5.0 -14.08569171075754

19.448277 0.0 -17.104329266364633
19.448277 -0.1724138 -17.10168419327047
19.448277 -0.34482759 -17.09805027746776
19.448277 -0.51724136 -17.092929633813824
19.448277 -0.68965518 -17.085623161386238
19.448277 -0.86206895 -17.075155439692967
19.448277 -1.0344827 -17.060192771680367
19.448277 -1.2068965 -17.03897800419472
19.448277 -1.3793104 -17.00932444760625
19.448277 -1.5517242 -16.96872769607656
19.448277 -1.7241379 -16.91464785011424
19.448277 -1.8965517 -16.84495677740126
19.448277 -2.0689654 -16.758433224202143
19.448277 -2.2413793 -16.655093929126554
19.448277 -2.4137931 -16.536187962522284
19.448277 -2.5862069 -16.403855800165935
19.448277 -2.7586207 -16.26063366187286
19.448277 -2.9310346 -16.109011436906208
19.448277 -3.1034484 -15.95115829483843
19.448277 -3.275862 -15.788816310750676
19.448277 -3.4482758 -15.623307823881687
19.448277 -3.6206896 -15.45559924293036
19.448277 -3.7931035 -15.28637774753283
19.448277 -3.9655173 -15.116123588376812
19.448277 -4.1379309 -14.945168054423558
19.448277 -4.3103447 -14.773737326160893
19.448277 -4.4827585 -14.601985734206526
19.448277 -4.6551723 -14.43001772891996
19.448277 -4.8275862 -14.257903810353916
19.448277 -5.0 -14.085691815053773

19.793104 0.0 -17.10573629149408
19.793104 -0.1724138 -17.102869600315447
19.793104 -0.34482759 -17.099041315754253
19.793104 -0.51724136 -17.093747754828666
19.793104 -0.68965518 -17.086287941497872
19.793104 -0.86206895 -17.075687057870265
19.793104 -1.0344827 -17.060612347461195
19.793104 -1.2068965 -17.039306298264282
19.793104 -1.3793104 -17.00958014262744
19.793104 -1.5517242 -16.968926267105687
19.793104 -1.7241379 -16.914801365667866
19.793104 -1.8965517 -16.845074429704553
19.793104 -2.0689654 -16.75852216022478
19.793104 -2.2413793 -16.655159984858685
19.793104 -2.4137931 -16.536236095048093
19.793104 -2.5862069 -16.40389023685932
19.793104 -2.7586207 -16.260657911699354
19.793104 -2.9310346 -16.109028296029432
19.793104 -3.1034484 -15.951169901665242
19.793104 -3.275862 -15.788824244373302
19.793104 -3.4482758 -15.623313218980455
19.793104 -3.6206896 -15.455602898577233
19.793104 -3.7931035 -15.286380218391713
19.793104 -3.9655173 -15.116125255588953
19.793104 -4.1379309 -14.945169178069198
19.793104 -4.3103447 -14.77373808286385
19.793104 -4.4827585 -14.601986243525701
19.793104 -4.6551723 -14.430018071607556
19.793104 -4.8275862 -14.257904040870043
19.793104 -5.0 -14.085691970090075

20.137932 0.0 -17.107822231121634
20.137932 -0.1724138 -17.10462782315336
20.137932 -0.34482759 -17.100511852417895
20.137932 -0.51724136 -17.094962149767273
20.137932 -0.68965518 -17.087275032573967
20.137932 -0.86206895 -17.076476636010003
20.137932 -1.0344827 -17.06123565156325
20.137932 -1.2068965 -17.039794079389374
20.137932 -1.3793104 -17.009960101101917
20.137932 -1.5517242 -16.96922136346996
20.137932 -1.7241379 -16.915029515428678
20.137932 -1.8965517 -16.84524928422615
20.137932 -2.0689654 -16.758654337119708
20.137932 -2.2413793 -16.655258156360624
20.137932 -2.4137931 -16.536307628425227
20.137932 -2.5862069 -16.4039414152164
20.137932 -2.7586207 -16.260693950380574
20.137932 -2.9310346 -16.10905335086008
20.137932 -3.1034484 -15.951187150792144
20.137932 -3.275862 -15.788836034624254
20.137932 -3.4482758 -15.623321236673267
20.137932 -3.6206896 -15.45560833124572
20.137932 -3.7931035 -15.286383890336882
20.137932 -3.9655173 -15.1161277332313
20.137932 -4.1379309 -14.945170847916605
20.137932 -4.3103447 -14.773739207397925
20.137932 -4.4827585 -14.601987000423186
20.137932 -4.6551723 -14.430018580874297
20.137932 -4.8275862 -14.257904383439133
20.137932 -5.0 -14.085692200488877

20.482758 0.0 -17.110909875046616
20.482758 -0.1724138 -17.107232184275315
20.482758 -0.34482759 -17.10269139522486
20.482758 -0.51724136 -17.0967630099325
20.482758 -0.68965518 -17.088739496088866
20.482758 -0.86206895 -17.07764852789799
20.482758 -1.0344827 -17.06216105601062
20.482758 -1.2068965 -17.040518454550455
20.482758 -1.3793104 -17.010524454917483
20.482758 -1.5517242 -16.969659722191405
20.482758 -1.7241379 -16.91536844923854
20.482758 -1.8965517 -16.84550905167834
20.482758 -2.0689654 -16.75885070274039
20.482758 -2.2413793 -16.655404001170364
20.482758 -2.4137931 -16.536413897536278
20.482758 -2.5862069 -16.404017443808772
20.482758 -2.7586207 -16.260747487203552
20.482758 -2.9310346 -16.109090570277708
20.482758 -3.1034484 -15.951212774439394
20.482758 -3.275862 -15.788853548963289
20.482758 -3.4482758 -15.623333146841352
20.482758 -3.6206896 -15.455616401368221
20.482758 -3.7931035 -15.286389344925947
20.482758 -3.9655173 -15.116131413705114
20.482758 -4.1379309 -14.94517332842901
20.482758 -4.3103447 -14.77374087786107
20.482758 -4.4827585 -14.601988124772117
20.482758 -4.6551723 -14.43001933737478
20.482758 -4.8275862 -14.257904892315128
20.482758 -5.0 -14.085692542739253

20.827587 0.0 -17.11547008245183
20.827587 -0.1724138 -17.111082497318332
20.827587 -0.34482759 -17.10591648463358
20.827587 -0.51724136 -17.099429824125355
20.827587 -0.68965518 -17.090909627155792
20.827587 -0.86206895 -17.07938611289339
20.827587 -1.0344827 -17.063533816487144
20.827587 -1.2068965 -17.04159339476546
20.827587 -1.3793104 -17.011362149017334
20.827587 -1.5517242 -16.970310508052147
20.827587 -1.7241379 -16.915871678923335
20.827587 -1.8965517 -16.845894756624265
20.827587 -2.0689654 -16.75914227006221
20.827587 -2.2413793 -16.65562055098483
20.827587 -2.4137931 -16.53657168159119
20.827587 -2.5862069 -16.404130324988348
20.827587 -2.7586207 -16.260826972521173
20.827587 -2.9310346 -16.109145828328426
20.827587 -3.1034484 -15.951250816197792
20.827587 -3.275862 -15.788879551082301
20.827587 -3.4482758 -15.623350828767512
20.827587 -3.6206896 -15.455628382269738
20.827587 -3.7931035 -15.286397442777556
20.827587 -3.9655173 -15.116136877701674
20.827587 -4.1379309 -14.945177010967942
20.827587 -4.3103447 -14.773743357807719
20.827587 -4.4827585 -14.601989793963801
20.827587 -4.6551723 -14.43002046046354
20.827587 -4.8275862 -14.257905647784188
20.827587 -5.0 -14.085693050838497

21.172413 0.0 -17.12218331099332
21.172413 -0.1724138 -17.11675885293949
21.172413 -0.34482759 -17.11067711788812
21.172413 -0.51724136 -17.103370787850658
21.172413 -0.68965518 -17.094119765331357
21.172413 -0.86206895 -17.081958581035963
21.172413 -1.0344827 -17.065567569143806
21.172413 -1.2068965 -17.043186772563974
21.172413 -1.3793104 -17.012604333891534
21.172413 -1.5517242 -16.97127577705302
21.172413 -1.7241379 -16.916618195633887
21.172413 -1.8965517 -16.846466967969167
21.172413 -2.0689654 -16.75957482790515
21.172413 -2.2413793 -16.65594180848545
21.172413 -2.4137931 -16.53680574983149
21.172413 -2.5862069 -16.404297774477303
21.172413 -2.7586207 -16.260944877982958
21.172413 -2.9310346 -16.109227793657006
21.172413 -3.1034484 -15.951307243042756
21.172413 -3.275862 -15.788918119073758
21.172413 -3.4482758 -15.6233770554247
21.172413 -3.6206896 -15.455646152760941
21.172413 -3.7931035 -15.286409453728137
21.172413 -3.9655173 -15.116144982017612
21.172413 -4.1379309 -14.945182472974164
21.172413 -4.3103447 -14.773747036101689
21.172413 -4.4827585 -14.601992269730996
21.172413 -4.6551723 -14.430022126242344
21.172413 -4.8275862 -14.257906768304423
21.172413 -5.0 -14.085693804456762

21.517242 0.0 -17.132021046259258
21.517242 -0.1724138 -17.12509406930642
21.517242 -0.34482759 -17.11768024551626
21.517242 -0.51724136 -17.1091774323461
21.517242 -0.68965518 -17.098856312506882
21.517242 -0.86206895 -17.085758876047116
21.517242 -1.0344827 -17.068575030645004
21.517242 -1.2068965 -17.045544846055908
21.517242 -1.3793104 -17.014443697957528
21.517242 -1.5517242 -16.972705624983718
21.517242 -1.7241379 -16.9177242413716
21.517242 -1.8965517 -16.84731484062816
21.517242 -2.0689654 -16.760215777503507
21.517242 -2.2413793 -16.656417820568716
21.517242 -2.4137931 -16.537152553065884
21.517242 -2.5862069 -16.40454585862362
21.517242 -2.7586207 -16.261119551225324
21.517242 -2.9310346 -16.109349217572504
21.517242 -3.1034484 -15.951390831401024
21.517242 -3.275862 -15.78897525072765
21.517242 -3.4482758 -15.623415904923316
21.517242 -3.6206896 -15.455672475847697
21.517242 -3.7931035 -15.286427245174144
21.517242 -3.9655173 -15.116156986621244
21.517242 -4.1379309 -14.945190563598121
21.517242 -4.3103447 -14.773752484579072
21.517242 -4.4827585 -14.601995936957813
21.517242 -4.6551723 -14.43002459367208
21.517242 -4.8275862 -14.257908428070275
21.517242 -5.0 -14.085694920750033

21.862068 0.0 -17.146345508161474
21.862068 -0.1724138 -17.137264894869247
21.862068 -0.34482759 -17.12793161180275
21.862068 -0.51724136 -17.117696497750817
21.862068 -0.68965518 -17.1058193695056
21.862068 -0.86206895 -17.091355295295912
21.862068 -1.0344827 -17.07301026877915
21.862068 -1.2068965 -17.049026293766357
21.862068 -1.3793104 -17.017161525336633
21.862068 -1.5517242 -16.974819484155947
21.862068 -1.7241379 -16.919359899637538
21.862068 -1.8965517 -16.848568871942625
21.862068 -2.0689654 -16.761163778168022
21.862068 -2.2413793 -16.657121832186043
21.862068 -2.4137931 -16.537665425000984
21.862068 -2.5862069 -16.404912707201632
21.862068 -2.7586207 -16.261377825055167
21.862068 -2.9310346 -16.109528745039633
21.862068 -3.1034484 -15.951514412385324
21.862068 -3.275862 -15.789059713909184
21.862068 -3.4482758 -15.623473338417021
21.862068 -3.6206896 -15.45571139013437
21.862068 -3.7931035 -15.286453546539379
21.862068 -3.9655173 -15.11617473306364
21.862068 -4.1379309 -14.945202523925554
21.862068 -4.3103447 -14.773760539004435
21.862068 -4.4827585 -14.602001358165806
21.862068 -4.6551723 -14.430028241231227
21.862068 -4.8275862 -14.25791088167087
21.862068 -5.0 -14.08569657094406

22.206898 0.0 -17.167022739643848
22.206898 -0.1724138 -17.154900028601162
22.206898 -0.34482759 -17.142836166028335
22.206898 -0.51724136 -17.13012079484686
22.206898 -0.68965518 -17.116002687503272
22.206898 -0.86206895 -17.09955989520806
22.206898 -1.0344827 -17.079525741627165
22.206898 -1.2068965 -17.054148770918776
22.206898 -1.3793104 -17.021165071147756
22.206898 -1.5517242 -16.977935727814728
22.206898 -1.7241379 -16.921772239173958
22.206898 -1.8965517 -16.85041872118039
22.206898 -2.0689654 -16.76256222018442
22.206898 -2.2413793 -16.658160269413887
22.206898 -2.4137931 -16.53842183131816
22.206898 -2.5862069 -16.405453681200093
22.206898 -2.7586207 -16.261758644986347
22.206898 -2.9310346 -16.10979343018299
22.206898 -3.1034484 -15.951696600247567
22.206898 -3.275862 -15.789184226329942
22.206898 -3.4482758 -15.623558001570903
22.206898 -3.6206896 -15.45576875250447
22.206898 -3.7931035 -15.28649231589523
22.206898 -3.9655173 -15.116200891773254
22.206898 -4.1379309 -14.94522015360805
22.206898 -4.3103447 -14.773772411268562
22.206898 -4.4827585 -14.602009349023817
22.206898 -4.6551723 -14.43003361771794
22.206898 -4.8275862 -14.257914498261517
22.206898 -5.0 -14.085699003316048

22.551723 0.0 -17.196524382724714
22.551723 -0.1724138 -17.180187641699376
22.551723 -0.34482759 -17.164305279725035
22.551723 -0.51724136 -17.148091586852864
22.551723 -0.68965518 -17.130787748463373
22.551723 -0.86206895 -17.11151188035855
22.551723 -1.0344827 -17.089043816751513
22.551723 -1.2068965 -17.061648548000857
22.551723 -1.3793104 -17.027036172269117
22.551723 -1.5517242 -16.98251055135326
22.551723 -1.7241379 -16.925315870948634
22.551723 -1.8965517 -16.853136781131887
22.551723 -2.0689654 -16.764617038898354
22.551723 -2.2413793 -16.659685915884197
22.551723 -2.4137931 -16.5395329155362
22.551723 -2.5862069 -16.40624816232665
22.551723 -2.7586207 -16.26231782559836
22.551723 -2.9310346 -16.110182029278118
22.551723 -3.1034484 -15.951964052309116
22.551723 -3.275862 -15.789366996716645
22.551723 -3.4482758 -15.623682270883183
22.551723 -3.6206896 -15.455852946282395
22.551723 -3.7931035 -15.286549218230537
22.551723 -3.9655173 -15.116239284594126
22.551723 -4.1379309 -14.945246028163258
22.551723 -4.3103447 -14.773789835689662
22.551723 -4.4827585 -14.60202107680336
22.551723 -4.6551723 -14.430041508486731
22.551723 -4.8275862 -14.257919806115803
22.551723 -5.0 -14.08570257315716

22.896551 0.0 -17.2379701306516
22.896551 -0.1724138 -17.215950391213248
22.896551 -0.34482759 -17.1948494646719
22.896551 -0.51724136 -17.173798660301916
22.896551 -0.68965518 -17.152043528629957
22.896551 -0.86206895 -17.128771394191737
22.896551 -1.0344827 -17.102840814214805
22.896551 -1.2068965 -17.072552877201854
22.896551 -1.3793104 -17.03559155854814
22.896551 -1.5517242 -16.98918688900312
22.896551 -1.7241379 -16.930491669489243
22.896551 -1.8965517 -16.857108109414614
22.896551 -2.0689654 -16.767619302751985
22.896551 -2.2413793 -16.661914563328185
22.896551 -2.4137931 -16.54115551154522
22.896551 -2.5862069 -16.407408062184484
22.896551 -2.7586207 -16.263133990645752
22.896551 -2.9310346 -16.110749101748617
22.896551 -3.1034484 -15.95235427743629
22.896551 -3.275862 -15.789633637098214
22.896551 -3.4482758 -15.6238635505372
22.896551 -3.6206896 -15.455975758283314
22.896551 -3.7931035 -15.286632217469732
22.896551 -3.9655173 -15.116295283889942
22.896551 -4.1379309 -14.945283767792718
22.896551 -4.3103447 -14.77381524996965
22.896551 -4.4827585 -14.602038182141852
22.896551 -4.6551723 -14.430053017359448
22.896551 -4.8275862 -14.257927547717735
22.896551 -5.0 -14.08570777982218

23.241379 0.0 -17.294964519995187
23.241379 -0.1724138 -17.265587044003144
23.241379 -0.34482759 -17.237587292745435
23.241379 -0.51724136 -17.210030290861894
23.241379 -0.68965518 -17.182198795906473
23.241379 -0.86206895 -17.153400700613137
23.241379 -1.0344827 -17.122627687850066
23.241379 -1.2068965 -17.088254166511852
23.241379 -1.3793104 -17.04794729191988
23.241379 -1.5517242 -16.998847968084686
23.241379 -1.7241379 -16.937989654457514
23.241379 -1.8965517 -16.862863640810158
23.241379 -2.0689654 -16.77197016553744
23.241379 -2.2413793 -16.66514325629964
23.241379 -2.4137931 -16.543505182844132
23.241379 -2.5862069 -16.40908697519629
23.241379 -2.7586207 -16.26431491271051
23.241379 -2.9310346 -16.11156935969431
23.241379 -3.1034484 -15.952918600620364
23.241379 -3.275862 -15.790019174404858
23.241379 -3.4482758 -15.624125633246468
23.241379 -3.6206896 -15.456153297558059
23.241379 -3.7931035 -15.286752195899249
23.241379 -3.9655173 -15.116376229785695
23.241379 -4.1379309 -14.945338318260998
23.241379 -4.3103447 -14.773851984198624
23.241379 -4.4827585 -14.602062906189179
23.241379 -4.6551723 -14.430069652143056
23.241379 -4.8275862 -14.25793873727311
23.241379 -5.0 -14.085715305403129

23.586206 0.0 -17.37093249828105
23.586206 -0.1724138 -17.332657993582234
23.586206 -0.34482759 -17.29601481058081
23.586206 -0.51724136 -17.260069325153278
23.586206 -0.68965518 -17.22421906950881
23.586206 -0.86206895 -17.18798785789163
23.586206 -1.0344827 -17.150596729142894
23.586206 -1.2068965 -17.110564384680455
23.586206 -1.3793104 -17.06557165917002
23.586206 -1.5517242 -17.012663769433924
23.586206 -1.7241379 -16.948727006283537
23.586206 -1.8965517 -16.871109609633695
23.586206 -2.0689654 -16.77820262959072
23.586206 -2.2413793 -16.669765823838326
23.586206 -2.4137931 -16.546867020273005
23.586206 -2.5862069 -16.411487556752085
23.586206 -2.7586207 -16.26600250416367
23.586206 -2.9310346 -16.1127410268026
23.586206 -3.1034484 -15.95372441866374
23.586206 -3.275862 -15.790569564356773
23.586206 -3.4482758 -15.62449971636425
23.586206 -3.6206896 -15.456406677606687
23.586206 -3.7931035 -15.286923412358352
23.586206 -3.9655173 -15.116491737988976
23.586206 -4.1379309 -14.945416157742603
23.586206 -4.3103447 -14.773904399872956
23.586206 -4.4827585 -14.602098184050275
23.586206 -4.6551723 -14.430093387443303
23.586206 -4.8275862 -14.25795470293632
23.586206 -5.0 -14.085726043117546

23.931034 0.0 -17.467669915314577
23.931034 -0.1724138 -17.4197541491212
23.931034 -0.34482759 -17.373208424209796
23.931034 -0.51724136 -17.32718415841438
23.931034 -0.68965518 -17.281314082267386
23.931034 -0.86206895 -17.235497974972446
23.931034 -1.0344827 -17.189358115940717
23.931034 -1.2068965 -17.141697014237664
23.931034 -1.3793104 -17.090288185603765
23.931034 -1.5517242 -17.032101359531204
23.931034 -1.7241379 -16.96385868516213
23.931034 -1.8965517 -16.882735556424507
23.931034 -2.0689654 -16.786986420709535
23.931034 -2.2413793 -16.676275233164137
23.931034 -2.4137931 -16.55159638402478
23.931034 -2.5862069 -16.414861426415982
23.931034 -2.7586207 -16.268372386958305
23.931034 -2.9310346 -16.114385345770184
23.931034 -3.1034484 -15.954854762975375
23.931034 -3.275862 -15.791341344681413
23.931034 -3.4482758 -15.625024143209892
23.931034 -3.6206896 -15.456761830397456
23.931034 -3.7931035 -15.287163371575291
23.931034 -3.9655173 -15.116653609345942
23.931034 -4.1379309 -14.945525234824279
23.931034 -4.3103447 -14.773977847669567
23.931034 -4.4827585 -14.60214761614852
23.931034 -4.6551723 -14.430126645299302
23.931034 -4.8275862 -14.257977073739506
23.931034 -5.0 -14.085741088497487

24.275862 0.0 -17.58403638451406
24.275862 -0.1724138 -17.52684709253474
24.275862 -0.34482759 -17.470258600364506
24.275862 -0.51724136 -17.413370312207828
24.275862 -0.68965518 -17.35604699986084
24.275862 -0.86206895 -17.29870103207024
24.275862 -1.0344827 -17.241593722885273
24.275862 -1.2068965 -17.18406047643217
24.275862 -1.3793104 -17.12414820368173
24.275862 -1.5517242 -17.058840487857157
24.275862 -1.7241379 -16.98471650539257
24.275862 -1.8965517 -16.89876719294014
24.275862 -2.0689654 -16.79909032070749
24.275862 -2.2413793 -16.685233559693813
24.275862 -2.4137931 -16.558095507323156
24.275862 -2.5862069 -16.41949148061103
24.275862 -2.7586207 -16.271620902743628
24.275862 -2.9310346 -16.116637266429255
24.275862 -3.1034484 -15.95640174805709
24.275862 -3.275862 -15.792397088812859
24.275862 -3.4482758 -15.625741279173674
24.275862 -3.6206896 -15.457247374599891
24.275862 -3.7931035 -15.2874913763492
24.275862 -3.9655173 -15.116874849737844
24.275862 -4.1379309 -14.945674306492705
24.275862 -4.3103447 -14.774078220961243
24.275862 -4.4827585 -14.60221516740669
24.275862 -4.6551723 -14.430172092645776
24.275862 -4.8275862 -14.258007643289496
24.275862 -5.0 -14.085761647689397

24.620689 0.0 -17.718012877059014
24.620689 -0.1724138 -17.65147320050063
24.620689 -0.34482759 -17.585194759059267
24.620689 -0.51724136 -17.517720627574175
24.620689 -0.68965518 -17.448713511986927
24.620689 -0.86206895 -17.378865026266347
24.620689 -1.0344827 -17.30912679351958
24.620689 -1.2068965 -17.239632717175397
24.620689 -1.3793104 -17.16901047287503
24.620689 -1.5517242 -17.09448059282452
24.620689 -1.7241379 -17.012595469298702
24.620689 -1.8965517 -16.920205418644088
24.620689 -2.0689654 -16.815259485097407
24.620689 -2.2413793 -16.697179147018982
24.620689 -2.4137931 -16.566744472037872
24.620689 -2.5862069 -16.425641644332632
24.620689 -2.7586207 -16.275929249525696
24.620689 -2.9310346 -16.11962026608502
24.620689 -3.1034484 -15.95844911526355
24.620689 -3.275862 -15.79379341628294
24.620689 -3.4482758 -15.626689331402606
24.620689 -3.6206896 -15.457889060213727
24.620689 -3.7931035 -15.287924766927475
24.620689 -3.9655173 -15.117167129981434
24.620689 -4.1379309 -14.945871224999697
24.620689 -4.3103447 -14.774210801589454
24.620689 -4.4827585 -14.602304390118087
24.620689 -4.6551723 -14.430232118322673
24.620689 -4.8275862 -14.258048017916844
24.620689 -5.0 -14.08578880078987

24.965517 0.0 -17.87175253750728
24.965517 -0.1724138 -17.793222631370732
24.965517 -0.34482759 -17.715607056999833
24.965517 -0.51724136 -17.636975425925048
24.965517 -0.68965518 -17.55639631666251
24.965517 -0.86206895 -17.474163189798197
24.965517 -1.0344827 -17.391338070024684
24.965517 -1.2068965 -17.308679288480974
24.965517 -1.3793104 -17.22559198543999
24.965517 -1.5517242 -17.139854631470406
24.965517 -1.7241379 -17.048254650629683
24.965517 -1.8965517 -16.94765940143095
24.965517 -2.0689654 -16.83594514297913
24.965517 -2.2413793 -16.71242905958452
24.965517 -2.4137931 -16.577758835191574
24.965517 -2.5862069 -16.43345583349361
24.965517 -2.7586207 -16.281392773549925
24.965517 -2.9310346 -16.12339742337794
24.965517 -3.1034484 -15.961038667377318
24.965517 -3.275862 -15.795558108143718
24.965517 -3.4482758 -15.627886814747074
24.965517 -3.6206896 -15.458699256197491
24.965517 -3.7931035 -15.2884718218697
24.965517 -3.9655173 -15.117535998546572
24.965517 -4.1379309 -14.94611971270403
24.965517 -4.3103447 -14.774378088526548
24.965517 -4.4827585 -14.602416962741767
24.965517 -4.6551723 -14.430307850049559
24.965517 -4.8275862 -14.258098955478715
24.965517 -5.0 -14.08582305717524

25.310345 0.0 -18.04716006715383
25.310345 -0.1724138 -17.954938825578807
25.310345 -0.34482759 -17.8628403748717
25.310345 -0.51724136 -17.769899347854157
25.310345 -0.68965518 -17.675654820290518
25.310345 -0.86206895 -17.58026692103823
25.310345 -1.0344827 -17.48432462329823
25.310345 -1.2068965 -17.38836299354782
25.310345 -1.3793104 -17.292098911411525
25.310345 -1.5517242 -17.19389907105743
25.310345 -1.7241379 -17.09105181513421
25.310345 -1.8965517 -16.980706574676166
25.310345 -2.0689654 -16.860841100507315
25.310345 -2.2413793 -16.730749046097284
25.310345 -2.4137931 -16.59095808136956
25.310345 -2.5862069 -16.442797487542613
25.310345 -2.7586207 -16.287910801530458
25.310345 -2.9310346 -16.127896292169275
25.310345 -3.1034484 -15.964119276499943
25.310345 -3.275862 -15.797655604733961
25.310345 -3.4482758 -15.629309256054068
25.310345 -3.6206896 -15.459661243440253
25.310345 -3.7931035 -15.289121177581588
25.310345 -3.9655173 -15.117973758872436
25.310345 -4.1379309 -14.94641456914486
25.310345 -4.3103447 -14.774576573572952
25.310345 -4.4827585 -14.602550521254233
25.310345 -4.6551723 -14.430397695988875
25.310345 -4.8275862 -14.258159384629613
25.310345 -5.0 -14.085863696045232

25.655172 0.0 -18.23043784490839
25.655172 -0.1724138 -18.129650819082595
25.655172 -0.34482759 -18.025009048879564
25.655172 -0.51724136 -17.916645555879523
25.655172 -0.68965518 -17.805804591915788
25.655172 -0.86206895 -17.69427464871364
25.655172 -1.0344827 -17.583402831899107
25.655172 -1.2068965 -17.473517785122617
25.655172 -1.3793104 -17.36390873843282
25.655172 -1.5517242 -17.25291723434808
25.655172 -1.7241379 -17.13817778993203
25.655172 -1.8965517 -17.017252065825254
25.655172 -2.0689654 -16.888398966377707
25.655172 -2.2413793 -16.75100627801466
25.655172 -2.4137931 -16.605524619334368
25.655172 -2.5862069 -16.45308526223167
25.655172 -2.7586207 -16.29507565704735
25.655172 -2.9310346 -16.132834257668605
25.655172 -3.1034484 -15.96749676311073
25.655172 -3.275862 -15.79995336341964
25.655172 -3.4482758 -15.630866609373196
25.655172 -3.6206896 -15.460714048474868
25.655172 -3.7931035 -15.289831640650528
25.655172 -3.9655173 -15.118452624265586
25.655172 -4.1379309 -14.946737070922925
25.655172 -4.3103447 -14.774793649504758
25.655172 -4.4827585 -14.602696580834143
25.655172 -4.6551723 -14.430495947625161
25.655172 -4.8275862 -14.258225465580736
25.655172 -5.0 -14.08590813498037

26.0 0.0 -18.400695544482566
26.0 -0.1724138 -18.29517765366942
26.0 -0.34482759 -18.184133662665662
26.0 -0.51724136 -18.06596627730151
26.0 -0.68965518 -17.94149297130769
26.0 -0.86206895 -17.813661348489298
26.0 -1.0344827 -17.685902379845775
26.0 -1.2068965 -17.560162099503177
26.0 -1.3793104 -17.43617298333061
26.0 -1.5517242 -17.31207718759406
26.0 -1.7241379 -17.185406021745784
26.0 -1.8965517 -17.053883701532307
26.0 -2.0689654 -16.916001671153307
26.0 -2.2413793 -16.77126368450981
26.0 -2.4137931 -16.6200619448376
26.0 -2.5862069 -16.463332138470705
26.0 -2.7586207 -16.302199952233366
26.0 -2.9310346 -16.13773771121344
26.0 -3.1034484 -15.97084729270943
26.0 -3.275862 -15.802231137863087
26.0 -3.4482758 -15.632409632089889
26.0 -3.6206896 -15.461756797006244
26.0 -3.7931035 -15.290535146415918
26.0 -3.9655173 -15.118926721749544
26.0 -4.1379309 -14.947056325740103
26.0 -4.3103447 -14.775008523548998
26.0 -4.4827585 -14.602841151441158
26.0 -4.6551723 -14.430593194285027
26.0 -4.8275862 -14.258290869088952
26.0 -5.0 -14.08595211764878
