# KROME file, XRAY H rate
# Distance = 2 kpc
# Xray rate including primary H ionization in 1/s
# first line indicates the size of the table (30x30)
# then first column is the parameter log10(nH), where nH is the H column density in cm-2
# second column is log10(xHe), where xHe = nHe/nH both in cm-2
# third column is log10(rate), where rate is in units of 1/s
30, 30
16.0 0.0 -14.419204456438848
16.0 -0.1724138 -14.426456436384957
16.0 -0.34482759 -14.431204501976314
16.0 -0.51724136 -14.4342435924244
16.0 -0.68965518 -14.436139763690141
16.0 -0.86206895 -14.43729253020784
16.0 -1.0344827 -14.437977995251646
16.0 -1.2068965 -14.438379897050618
16.0 -1.3793104 -14.438614742221228
16.0 -1.5517242 -14.438752966390561
16.0 -1.7241379 -14.43883558421772
16.0 -1.8965517 -14.438885954836351
16.0 -2.0689654 -14.438917304890849
16.0 -2.2413793 -14.43893718726234
16.0 -2.4137931 -14.43894999580257
16.0 -2.5862069 -14.438958348806173
16.0 -2.7586207 -14.438963846071474
16.0 -2.9310346 -14.438967487827624
16.0 -3.1034484 -14.438969911608611
16.0 -3.275862 -14.438971529982545
16.0 -3.4482758 -14.438972612986827
16.0 -3.6206896 -14.438973338824393
16.0 -3.7931035 -14.438973825787727
16.0 -3.9655173 -14.438974152718215
16.0 -4.1379309 -14.438974372311499
16.0 -4.3103447 -14.438974519855538
16.0 -4.4827585 -14.438974619010999
16.0 -4.6551723 -14.438974685657014
16.0 -4.8275862 -14.438974730456605
16.0 -5.0 -14.438974760572917

16.344828 0.0 -14.4222513276228
16.344828 -0.1724138 -14.429093240495035
16.344828 -0.34482759 -14.433461732503554
16.344828 -0.51724136 -14.436151784887674
16.344828 -0.68965518 -14.43773282974575
16.344828 -0.86206895 -14.43861021381924
16.344828 -1.0344827 -14.439065013840501
16.344828 -1.2068965 -14.439282219136263
16.344828 -1.3793104 -14.439375229437397
16.344828 -1.5517242 -14.439408304527081
16.344828 -1.7241379 -14.439415103102698
16.344828 -1.8965517 -14.439411929174511
16.344828 -2.0689654 -14.439406031721443
16.344828 -2.2413793 -14.439400278666602
16.344828 -2.4137931 -14.439395574538413
16.344828 -2.5862069 -14.439392024995218
16.344828 -2.7586207 -14.439389460914622
16.344828 -2.9310346 -14.439387655859214
16.344828 -3.1034484 -14.43938640532042
16.344828 -3.275862 -14.439385547762464
16.344828 -3.4482758 -14.439384963586523
16.344828 -3.6206896 -14.439384567377463
16.344828 -3.7931035 -14.439384299431515
16.344828 -3.9655173 -14.439384118575996
16.344828 -4.1379309 -14.439383996661128
16.344828 -4.3103447 -14.439383914548866
16.344828 -4.4827585 -14.439383859276555
16.344828 -4.6551723 -14.439383822085478
16.344828 -4.8275862 -14.43938379706723
16.344828 -5.0 -14.439383780240542

16.689655 0.0 -14.426749858032677
16.689655 -0.1724138 -14.432991208392682
16.689655 -0.34482759 -14.436802005144898
16.689655 -0.51724136 -14.438977991099161
16.689655 -0.68965518 -14.440094042590198
16.689655 -0.86206895 -14.440564468687487
16.689655 -1.0344827 -14.44067798468873
16.689655 -1.2068965 -14.440621661597937
16.689655 -1.3793104 -14.440504468264312
16.689655 -1.5517242 -14.440381625486381
16.689655 -1.7241379 -14.440275953468687
16.689655 -1.8965517 -14.440193329377397
16.689655 -2.0689654 -14.440132152864242
16.689655 -2.2413793 -14.440088349174271
16.689655 -2.4137931 -14.44005764863677
16.689655 -2.5862069 -14.440036429443365
16.689655 -2.7586207 -14.440021897573617
16.689655 -2.9310346 -14.440012006008523
16.689655 -3.1034484 -14.44000530035269
16.689655 -3.275862 -14.440000766829023
16.689655 -3.4482758 -14.439997707402878
16.689655 -3.6206896 -14.439995645289653
16.689655 -3.7931035 -14.43999425652442
16.689655 -3.9655173 -14.43999332175332
16.689655 -4.1379309 -14.439992692796567
16.689655 -4.3103447 -14.439992269710002
16.689655 -4.4827585 -14.439991985156174
16.689655 -4.6551723 -14.439991793796334
16.689655 -4.8275862 -14.439991665118262
16.689655 -5.0 -14.439991578594435

17.034483 0.0 -14.43336824178419
17.034483 -0.1724138 -14.438736643382482
17.034483 -0.34482759 -14.441732895106817
17.034483 -0.51724136 -14.443155361515911
17.034483 -0.68965518 -14.443587919096109
17.034483 -0.86206895 -14.443458823065312
17.034483 -1.0344827 -14.443068669950241
17.034483 -1.2068965 -14.442608106143341
17.034483 -1.3793104 -14.442179924871587
17.034483 -1.5517242 -14.441826223694962
17.034483 -1.7241379 -14.441553926734452
17.034483 -1.8965517 -14.441353549035881
17.034483 -2.0689654 -14.441210419543959
17.034483 -2.2413793 -14.441110193382809
17.034483 -2.4137931 -14.44104093945926
17.034483 -2.5862069 -14.44099351326862
17.034483 -2.7586207 -14.440961230086497
17.034483 -2.9310346 -14.440939343637183
17.034483 -3.1034484 -14.44092454606378
17.034483 -3.275862 -14.440914559644211
17.034483 -3.4482758 -14.44090782840551
17.034483 -3.6206896 -14.440903295050664
17.034483 -3.7931035 -14.440900243625823
17.034483 -3.9655173 -14.44089819046752
17.034483 -4.1379309 -14.440896809343439
17.034483 -4.3103447 -14.440895880440298
17.034483 -4.4827585 -14.440895255759576
17.034483 -4.6551723 -14.440894835698415
17.034483 -4.8275862 -14.44089455324632
17.034483 -5.0 -14.440894363330328

17.379311 0.0 -14.443054804480658
17.379311 -0.1724138 -14.447168496678467
17.379311 -0.34482759 -14.448985533840746
17.379311 -0.51724136 -14.44931128943735
17.379311 -0.68965518 -14.448744918150878
17.379311 -0.86206895 -14.447736714750299
17.379311 -1.0344827 -14.4466060526463
17.379311 -1.2068965 -14.445549925592807
17.379311 -1.3793104 -14.444662839449943
17.379311 -1.5517242 -14.443968071633183
17.379311 -1.7241379 -14.443449393972521
17.379311 -1.8965517 -14.443074793119573
17.379311 -2.0689654 -14.442810357822138
17.379311 -2.2413793 -14.44262659120226
17.379311 -2.4137931 -14.442500242698106
17.379311 -2.5862069 -14.442414000641874
17.379311 -2.7586207 -14.442355423079926
17.379311 -2.9310346 -14.442315767921283
17.379311 -3.1034484 -14.442288982817018
17.379311 -3.275862 -14.442270918135286
17.379311 -3.4482758 -14.442258747138037
17.379311 -3.6206896 -14.442250552612517
17.379311 -3.7931035 -14.442245037918292
17.379311 -3.9655173 -14.442241327833253
17.379311 -4.1379309 -14.44223883234459
17.379311 -4.3103447 -14.442237154052908
17.379311 -4.4827585 -14.44223602545898
17.379311 -4.6551723 -14.442235266566179
17.379311 -4.8275862 -14.44223475629053
17.379311 -5.0 -14.44223441319403

17.724138 0.0 -14.457124281088443
17.724138 -0.1724138 -14.459464411899678
17.724138 -0.34482759 -14.459596536406313
17.724138 -0.51724136 -14.4583427451094
17.724138 -0.68965518 -14.45632876630138
17.724138 -0.86206895 -14.45404033213216
17.724138 -1.0344827 -14.451827043955147
17.724138 -1.2068965 -14.449897514709983
17.724138 -1.3793104 -14.448335847543627
17.724138 -1.5517242 -14.447138836822168
17.724138 -1.7241379 -14.446256884681503
17.724138 -1.8965517 -14.445625168856607
17.724138 -2.0689654 -14.445181599572093
17.724138 -2.2413793 -14.444874413627158
17.724138 -2.4137931 -14.44466369060994
17.724138 -2.5862069 -14.444520074670388
17.724138 -2.7586207 -14.444422625906112
17.724138 -2.9310346 -14.444356700658089
17.724138 -3.1034484 -14.444312191509475
17.724138 -3.275862 -14.444282182285265
17.724138 -3.4482758 -14.444261967814237
17.724138 -3.6206896 -14.44424835961118
17.724138 -3.7931035 -14.444239202497496
17.724138 -3.9655173 -14.444233042304905
17.724138 -4.1379309 -14.444228898988937
17.724138 -4.3103447 -14.444226112561015
17.724138 -4.4827585 -14.44422423881829
17.724138 -4.6551723 -14.444222978885946
17.724138 -4.8275862 -14.444222131721027
17.724138 -5.0 -14.444221562111895

18.068966 0.0 -14.477335983011903
18.068966 -0.1724138 -14.477230404376924
18.068966 -0.34482759 -14.475001174702179
18.068966 -0.51724136 -14.471507339979322
18.068966 -0.68965518 -14.467421613524273
18.068966 -0.86206895 -14.463287641722614
18.068966 -1.0344827 -14.45950461097387
18.068966 -1.2068965 -14.456302917045418
18.068966 -1.3793104 -14.45375524226944
18.068966 -1.5517242 -14.451822210656326
18.068966 -1.7241379 -14.45040688478508
18.068966 -1.8965517 -14.44939715561478
18.068966 -2.0689654 -14.448689974178805
18.068966 -2.2413793 -14.448201047502987
18.068966 -2.4137931 -14.447866023850262
18.068966 -2.5862069 -14.447637859056144
18.068966 -2.7586207 -14.447483116101905
18.068966 -2.9310346 -14.447378464693633
18.068966 -3.1034484 -14.447307825124142
18.068966 -3.275862 -14.447260205041474
18.068966 -3.4482758 -14.447228130885998
18.068966 -3.6206896 -14.447206540267915
18.068966 -3.7931035 -14.447192012338567
18.068966 -3.9655173 -14.447182239369706
18.068966 -4.1379309 -14.447175666248855
18.068966 -4.3103447 -14.447171245808297
18.068966 -4.4827585 -14.447168273295125
18.068966 -4.6551723 -14.44716627454538
18.068966 -4.8275862 -14.447164930613079
18.068966 -5.0 -14.447164026994438

18.413794 0.0 -14.505920538094434
18.413794 -0.1724138 -14.502562721821091
18.413794 -0.34482759 -14.497116440267781
18.413794 -0.51724136 -14.490516937086825
18.413794 -0.68965518 -14.48352007481435
18.413794 -0.86206895 -14.476765066668602
18.413794 -1.0344827 -14.470733622456885
18.413794 -1.2068965 -14.465697481423145
18.413794 -1.3793104 -14.461720650720046
18.413794 -1.5517242 -14.458716695196808
18.413794 -1.7241379 -14.456523130377507
18.413794 -1.8965517 -14.454960750077365
18.413794 -2.0689654 -14.45386763484533
18.413794 -2.2413793 -14.453112380214716
18.413794 -2.4137931 -14.452595083012957
18.413794 -2.5862069 -14.452242880803544
18.413794 -2.7586207 -14.452004058834582
18.413794 -2.9310346 -14.451842565238744
18.413794 -3.1034484 -14.451733566159957
18.413794 -3.275862 -14.451660090882607
18.413794 -3.4482758 -14.451610603959738
18.413794 -3.6206896 -14.451577292807638
18.413794 -3.7931035 -14.45155487871538
18.413794 -3.9655173 -14.45153980087453
18.413794 -4.1379309 -14.451529659868642
18.413794 -4.3103447 -14.451522840050286
18.413794 -4.4827585 -14.451518254097437
18.413794 -4.6551723 -14.451515170460489
18.413794 -4.8275862 -14.451513097067844
18.413794 -5.0 -14.451511702983975

18.758621 0.0 -14.545488284436718
18.758621 -0.1724138 -14.538024821273376
18.758621 -0.34482759 -14.528369137303185
18.758621 -0.51724136 -14.51760121939
18.758621 -0.68965518 -14.506620503219128
18.758621 -0.86206895 -14.496222930083084
18.758621 -1.0344827 -14.48702787414737
18.758621 -1.2068965 -14.479385188861455
18.758621 -1.3793104 -14.473362303482645
18.758621 -1.5517242 -14.468816475873524
18.758621 -1.7241379 -14.465497818699603
18.758621 -1.8965517 -14.463134133271476
18.758621 -2.0689654 -14.46148029271709
18.758621 -2.2413793 -14.460337539592821
18.758621 -2.4137931 -14.459554782351427
18.758621 -2.5862069 -14.45902181449443
18.758621 -2.7586207 -14.458660405082442
18.758621 -2.9310346 -14.458416010215894
18.758621 -3.1034484 -14.458251054374001
18.758621 -3.275862 -14.458139857727224
18.758621 -3.4482758 -14.458064964124281
18.758621 -3.6206896 -14.458014550662286
18.758621 -3.7931035 -14.45798062879258
18.758621 -3.9655173 -14.45795780966855
18.758621 -4.1379309 -14.457942462026915
18.758621 -4.3103447 -14.45793214073735
18.758621 -4.4827585 -14.457925200231836
18.758621 -4.6551723 -14.457920533369355
18.758621 -4.8275862 -14.457917395437695
18.758621 -5.0 -14.457915285590806

19.103449 0.0 -14.598773544113056
19.103449 -0.1724138 -14.586475441567732
19.103449 -0.34482759 -14.571602804362815
19.103449 -0.51724136 -14.55548256029018
19.103449 -0.68965518 -14.539247067566325
19.103449 -0.86206895 -14.523940248905173
19.103449 -1.0344827 -14.510406151402774
19.103449 -1.2068965 -14.499138002085575
19.103449 -1.3793104 -14.490238050649317
19.103449 -1.5517242 -14.483506247331986
19.103449 -1.7241379 -14.47858289732881
19.103449 -1.8965517 -14.47507141859372
19.103449 -2.0689654 -14.472611972561886
19.103449 -2.2413793 -14.470911331399057
19.103449 -2.4137931 -14.469745840186102
19.103449 -2.5862069 -14.468951994605959
19.103449 -2.7586207 -14.468413552151821
19.103449 -2.9310346 -14.468049382914234
19.103449 -3.1034484 -14.467803557240732
19.103449 -3.275862 -14.467637833807707
19.103449 -3.4482758 -14.467526209438782
19.103449 -3.6206896 -14.467451068661145
19.103449 -3.7931035 -14.467400507276453
19.103449 -3.9655173 -14.467366494280524
19.103449 -4.1379309 -14.467343617647602
19.103449 -4.3103447 -14.467328233003045
19.103449 -4.4827585 -14.467317887617982
19.103449 -4.6551723 -14.467310931259732
19.103449 -4.8275862 -14.467306253893831
19.103449 -5.0 -14.467303108975093

19.448277 0.0 -14.668337016355467
19.448277 -0.1724138 -14.650781135503399
19.448277 -0.34482759 -14.629836922830615
19.448277 -0.51724136 -14.607204712268823
19.448277 -0.68965518 -14.584357038332827
19.448277 -0.86206895 -14.56269939394811
19.448277 -1.0344827 -14.543419956216793
19.448277 -1.2068965 -14.527258299406055
19.448277 -1.3793104 -14.514415304827988
19.448277 -1.5517242 -14.504652468645295
19.448277 -1.7241379 -14.497484837315714
19.448277 -1.8965517 -14.492358115399785
19.448277 -2.0689654 -14.48876001697681
19.448277 -2.2413793 -14.486268457859493
19.448277 -2.4137931 -14.484559233577897
19.448277 -2.5862069 -14.483394243533626
19.448277 -2.7586207 -14.482603697165555
19.448277 -2.9310346 -14.482068851716573
19.448277 -3.1034484 -14.481707737178962
19.448277 -3.275862 -14.48146425664987
19.448277 -3.4482758 -14.481300242420653
19.448277 -3.6206896 -14.48118982779108
19.448277 -3.7931035 -14.481115527754323
19.448277 -3.9655173 -14.48106554411975
19.448277 -4.1379309 -14.481031925203332
19.448277 -4.3103447 -14.481009316018671
19.448277 -4.4827585 -14.480994112363453
19.448277 -4.6551723 -14.480983889185346
19.448277 -4.8275862 -14.48097701522371
19.448277 -5.0 -14.480972393368054

19.793104 0.0 -14.756612228936723
19.793104 -0.1724138 -14.733728353377584
19.793104 -0.34482759 -14.706068382761117
19.793104 -0.51724136 -14.675887517766933
19.793104 -0.68965518 -14.645113682283014
19.793104 -0.86206895 -14.61561946409824
19.793104 -1.0344827 -14.58906018649694
19.793104 -1.2068965 -14.566550058664339
19.793104 -1.3793104 -14.548489296489782
19.793104 -1.5517242 -14.534652032673431
19.793104 -1.7241379 -14.524431498143782
19.793104 -1.8965517 -14.517088421782196
19.793104 -2.0689654 -14.511918256195397
19.793104 -2.2413793 -14.508330009372216
19.793104 -2.4137931 -14.50586459854869
19.793104 -2.5862069 -14.504182394711123
19.793104 -2.7586207 -14.5030400383904
19.793104 -2.9310346 -14.502266791349168
19.793104 -3.1034484 -14.501744538403821
19.793104 -3.275862 -14.501392330805984
19.793104 -3.4482758 -14.501155039150373
19.793104 -3.6206896 -14.500995277577964
19.793104 -3.7931035 -14.500887763614275
19.793104 -3.9655173 -14.500815432699438
19.793104 -4.1379309 -14.500766781508018
19.793104 -4.3103447 -14.500734062219873
19.793104 -4.4827585 -14.50071205966417
19.793104 -4.6551723 -14.500697264656523
19.793104 -4.8275862 -14.50068731657899
19.793104 -5.0 -14.500680627746625

20.137932 0.0 -14.866094437874937
20.137932 -0.1724138 -14.838434179527098
20.137932 -0.34482759 -14.803565298840239
20.137932 -0.51724136 -14.764789899602516
20.137932 -0.68965518 -14.724756942778376
20.137932 -0.86206895 -14.685936496668994
20.137932 -1.0344827 -14.65053874314078
20.137932 -1.2068965 -14.620150784511795
20.137932 -1.3793104 -14.595475913409741
20.137932 -1.5517242 -14.57637695764253
20.137932 -1.7241379 -14.562154660792599
20.137932 -1.8965517 -14.551873367009827
20.137932 -2.0689654 -14.544601904125344
20.137932 -2.2413793 -14.539539201590573
20.137932 -2.4137931 -14.536052987984032
20.137932 -2.5862069 -14.533670623594343
20.137932 -2.7586207 -14.532051105738827
20.137932 -2.9310346 -14.530954093371847
20.137932 -3.1034484 -14.53021281118547
20.137932 -3.275862 -14.529712727252164
20.137932 -3.4482758 -14.529375733288314
20.137932 -3.6206896 -14.5291488114353
20.137932 -3.7931035 -14.528996085711041
20.137932 -3.9655173 -14.528893331308653
20.137932 -4.1379309 -14.528824213560776
20.137932 -4.3103447 -14.528777728527993
20.137932 -4.4827585 -14.528746468360563
20.137932 -4.6551723 -14.528725448040081
20.137932 -4.8275862 -14.528711313967602
20.137932 -5.0 -14.528701810520468

20.482758 0.0 -14.996865500566846
20.482758 -0.1724138 -14.967709173850132
20.482758 -0.34482759 -14.926247913514032
20.482758 -0.51724136 -14.877952568667329
20.482758 -0.68965518 -14.827058025473587
20.482758 -0.86206895 -14.777143336512133
20.482758 -1.0344827 -14.731190708605578
20.482758 -1.2068965 -14.69132554390471
20.482758 -1.3793104 -14.658590996128805
20.482758 -1.5517242 -14.632981457804526
20.482758 -1.7241379 -14.613734635152252
20.482758 -1.8965517 -14.599718718172944
20.482758 -2.0689654 -14.589750974550757
20.482758 -2.2413793 -14.582783081091785
20.482758 -2.4137931 -14.577971276223
20.482758 -2.5862069 -14.574676530810748
20.482758 -2.7586207 -14.5724337282586
20.482758 -2.9310346 -14.57091310762171
20.482758 -3.1034484 -14.569884931636109
20.482758 -3.275862 -14.569191006396231
20.482758 -3.4482758 -14.568723252428173
20.482758 -3.6206896 -14.56840821918862
20.482758 -3.7931035 -14.568196163796529
20.482758 -3.9655173 -14.568053479562101
20.482758 -4.1379309 -14.567957497298083
20.482758 -4.3103447 -14.567892941991163
20.482758 -4.4827585 -14.567849528790001
20.482758 -4.6551723 -14.567820335858109
20.482758 -4.8275862 -14.567800706279012
20.482758 -5.0 -14.567787507662969

20.827587 0.0 -15.138995880422588
20.827587 -0.1724138 -15.118272296645273
20.827587 -0.34482759 -15.075718178186332
20.827587 -0.51724136 -15.01952074706109
20.827587 -0.68965518 -14.956852836214296
20.827587 -0.86206895 -14.893778565145565
20.827587 -1.0344827 -14.835016698419881
20.827587 -1.2068965 -14.783670552090186
20.827587 -1.3793104 -14.741213148578094
20.827587 -1.5517242 -14.70774124896179
20.827587 -1.7241379 -14.682392404425022
20.827587 -1.8965517 -14.66380730447965
20.827587 -2.0689654 -14.650517230200006
20.827587 -2.2413793 -14.64118788401275
20.827587 -2.4137931 -14.634725579238603
20.827587 -2.5862069 -14.63029105914118
20.827587 -2.7586207 -14.627267798729658
20.827587 -2.9310346 -14.62521587982879
20.827587 -3.1034484 -14.623827469908473
20.827587 -3.275862 -14.62288996326358
20.827587 -3.4482758 -14.62225781001889
20.827587 -3.6206896 -14.62183195864596
20.827587 -3.7931035 -14.621545266177309
20.827587 -3.9655173 -14.621352341868922
20.827587 -4.1379309 -14.621222554753643
20.827587 -4.3103447 -14.621135259128343
20.827587 -4.4827585 -14.62107655133507
20.827587 -4.6551723 -14.621037072831372
20.827587 -4.8275862 -14.621010526774144
20.827587 -5.0 -14.620992677460729

21.172413 0.0 -15.271064481528198
21.172413 -0.1724138 -15.272868677217733
21.172413 -0.34482759 -15.242337053920263
21.172413 -0.51724136 -15.187230998686491
21.172413 -0.68965518 -15.116882137784078
21.172413 -0.86206895 -15.040838173612348
21.172413 -1.0344827 -14.96733012635076
21.172413 -1.2068965 -14.901987153368447
21.172413 -1.3793104 -14.847541102705632
21.172413 -1.5517242 -14.804424755236667
21.172413 -1.7241379 -14.771641554777288
21.172413 -1.8965517 -14.747511129490654
21.172413 -2.0689654 -14.730193498385866
21.172413 -2.2413793 -14.71800034899678
21.172413 -2.4137931 -14.709534557380913
21.172413 -2.5862069 -14.703715127643031
21.172413 -2.7586207 -14.699742747860306
21.172413 -2.9310346 -14.697044288313652
21.172413 -3.1034484 -14.695217294900637
21.172413 -3.275862 -14.693983126581863
21.172413 -3.4482758 -14.693150700682875
21.172413 -3.6206896 -14.692589827305904
21.172413 -3.7931035 -14.692212185922257
21.172413 -3.9655173 -14.691958036922893
21.172413 -4.1379309 -14.691787051630408
21.172413 -4.3103447 -14.691672041265099
21.172413 -4.4827585 -14.691594692760319
21.172413 -4.6551723 -14.691542678227894
21.172413 -4.8275862 -14.69150770229387
21.172413 -5.0 -14.691484184620123

21.517242 0.0 -15.379733353096883
21.517242 -0.1724138 -15.410226321994486
21.517242 -0.34482759 -15.403646372031995
21.517242 -0.51724136 -15.363933808724727
21.517242 -0.68965518 -15.298389008023111
21.517242 -0.86206895 -15.217175357512076
21.517242 -1.0344827 -15.131694287440961
21.517242 -1.2068965 -15.051716234740036
21.517242 -1.3793104 -14.983214184432123
21.517242 -1.5517242 -14.928247695331665
21.517242 -1.7241379 -14.88620380381713
21.517242 -1.8965517 -14.855164359096916
21.517242 -2.0689654 -14.832846975458793
21.517242 -2.2413793 -14.817112168770176
21.517242 -2.4137931 -14.806175941351299
21.517242 -2.5862069 -14.798652347390295
21.517242 -2.7586207 -14.793513683512991
21.517242 -2.9310346 -14.790021489992242
21.517242 -3.1034484 -14.787656396963415
21.517242 -3.275862 -14.786058403176906
21.517242 -3.4482758 -14.784980430541923
21.517242 -3.6206896 -14.784254042119885
21.517242 -3.7931035 -14.783764925810546
21.517242 -3.9655173 -14.783435740654525
21.517242 -4.1379309 -14.783214266214246
21.517242 -4.3103447 -14.783065292166082
21.517242 -4.4827585 -14.782965100528763
21.517242 -4.6551723 -14.78289772406211
21.517242 -4.8275862 -14.782852418081575
21.517242 -5.0 -14.782821954400704

21.862068 0.0 -15.468017311625003
21.862068 -0.1724138 -15.526822751799905
21.862068 -0.34482759 -15.546508697796597
21.862068 -0.51724136 -15.52888216992038
21.862068 -0.68965518 -15.479588961906892
21.862068 -0.86206895 -15.406688024274825
21.862068 -1.0344827 -15.320412659942734
21.862068 -1.2068965 -15.232195310844311
21.862068 -1.3793104 -15.151733657652803
21.862068 -1.5517242 -15.084542286020843
21.862068 -1.7241379 -15.031948575319538
21.862068 -1.8965517 -14.992629383369817
21.862068 -2.0689654 -14.964167771058934
21.862068 -2.2413793 -14.944027104052513
21.862068 -2.4137931 -14.929999446746404
21.862068 -2.5862069 -14.920337180691709
21.862068 -2.7586207 -14.913732778802308
21.862068 -2.9310346 -14.909242325431512
21.862068 -3.1034484 -14.90620021613981
21.862068 -3.275862 -14.904144373675011
21.862068 -3.4482758 -14.902757360107362
21.862068 -3.6206896 -14.901822642177878
21.862068 -3.7931035 -14.901193209030517
21.862068 -3.9655173 -14.900769570973281
21.862068 -4.1379309 -14.900484541414896
21.862068 -4.3103447 -14.900292813803357
21.862068 -4.4827585 -14.900163866957707
21.862068 -4.6551723 -14.900077152606832
21.862068 -4.8275862 -14.900018842930784
21.862068 -5.0 -14.899979635439882

22.206898 0.0 -15.535295631372616
22.206898 -0.1724138 -15.624101270378459
22.206898 -0.34482759 -15.673551812408109
22.206898 -0.51724136 -15.680397760796291
22.206898 -0.68965518 -15.649192628177724
22.206898 -0.86206895 -15.589745652384382
22.206898 -1.0344827 -15.5126728497497
22.206898 -1.2068965 -15.427863660968905
22.206898 -1.3793104 -15.344704208984425
22.206898 -1.5517242 -15.270774181439403
22.206898 -1.7241379 -15.210130273054222
22.206898 -1.8965517 -15.163325493359666
22.206898 -2.0689654 -15.128741608661286
22.206898 -2.2413793 -15.103948296072357
22.206898 -2.4137931 -15.086537781352375
22.206898 -2.5862069 -15.074482552321085
22.206898 -2.7586207 -15.066214727208138
22.206898 -2.9310346 -15.060580960039628
22.206898 -3.1034484 -15.05675880855043
22.206898 -3.275862 -15.054173360926665
22.206898 -3.4482758 -15.052427936817491
22.206898 -3.6206896 -15.051251187866043
22.206898 -3.7931035 -15.050458549271783
22.206898 -3.9655173 -15.049924965597375
22.206898 -4.1379309 -15.049565917662857
22.206898 -4.3103447 -15.04932438042886
22.206898 -4.4827585 -15.04916192473929
22.206898 -4.6551723 -15.049052672127992
22.206898 -4.8275862 -15.048979205067633
22.206898 -5.0 -15.048929804879569

22.551723 0.0 -15.580616006018033
22.551723 -0.1724138 -15.695708676863884
22.551723 -0.34482759 -15.777995419265801
22.551723 -0.51724136 -15.817734578614886
22.551723 -0.68965518 -15.811628347916765
22.551723 -0.86206895 -15.767039557471671
22.551723 -1.0344827 -15.698549083819877
22.551723 -1.2068965 -15.620156061790787
22.551723 -1.3793104 -15.541620487980563
22.551723 -1.5517242 -15.469432536714757
22.551723 -1.7241379 -15.407752440176276
22.551723 -1.8965517 -15.358303996979311
22.551723 -2.0689654 -15.320644274487613
22.551723 -2.2413793 -15.29304151300878
22.551723 -2.4137931 -15.273355285206042
22.551723 -2.5862069 -15.259578780971385
22.551723 -2.7586207 -15.25006218207147
22.551723 -2.9310346 -15.243545916285283
22.551723 -3.1034484 -15.23911056795873
22.551723 -3.275862 -15.236103726341526
22.551723 -3.4482758 -15.234070817874429
22.551723 -3.6206896 -15.232698886805904
22.551723 -3.7931035 -15.23177415916605
22.551723 -3.9655173 -15.231151376931027
22.551723 -4.1379309 -15.230732180816677
22.551723 -4.3103447 -15.230450123698464
22.551723 -4.4827585 -15.230260388820465
22.551723 -4.6551723 -15.2301327790519
22.551723 -4.8275862 -15.230046962403541
22.551723 -5.0 -15.229989255801728

22.896551 0.0 -15.611391305106691
22.896551 -0.1724138 -15.745109737032436
22.896551 -0.34482759 -15.853982504639447
22.896551 -0.51724136 -15.9275100078339
22.896551 -0.68965518 -15.956586933721484
22.896551 -0.86206895 -15.939342029396634
22.896551 -1.0344827 -15.885400079547223
22.896551 -1.2068965 -15.812127663625066
22.896551 -1.3793104 -15.735522783276172
22.896551 -1.5517242 -15.665226766603407
22.896551 -1.7241379 -15.605463168222117
22.896551 -1.8965517 -15.557364577290882
22.896551 -2.0689654 -15.52035151941106
22.896551 -2.2413793 -15.492894868555618
22.896551 -2.4137931 -15.473100483023012
22.896551 -2.5862069 -15.459128958316589
22.896551 -2.7586207 -15.449415798858627
22.896551 -2.9310346 -15.442734421306934
22.896551 -3.1034484 -15.438172078544419
22.896551 -3.275862 -15.435072286164399
22.896551 -3.4482758 -15.432973355801337
22.896551 -3.6206896 -15.431555408255125
22.896551 -3.7931035 -15.430598996222184
22.896551 -3.9655173 -15.429954571200389
22.896551 -4.1379309 -15.4295206691288
22.896551 -4.3103447 -15.42922865441408
22.896551 -4.4827585 -15.429032192848297
22.896551 -4.6551723 -15.42890004606767
22.896551 -4.8275862 -15.428811172496262
22.896551 -5.0 -15.428751407664702

23.241379 0.0 -15.632316550939958
23.241379 -0.1724138 -15.780325190105652
23.241379 -0.34482759 -15.909780446906701
23.241379 -0.51724136 -16.010572432435
23.241379 -0.68965518 -16.0724316854514
23.241379 -0.86206895 -16.089388680093744
23.241379 -1.0344827 -16.063745716735422
23.241379 -1.2068965 -16.00704645101751
23.241379 -1.3793104 -15.93612041915974
23.241379 -1.5517242 -15.865833943723215
23.241379 -1.7241379 -15.804746986069667
23.241379 -1.8965517 -15.755715083766248
23.241379 -2.0689654 -15.71833071042769
23.241379 -2.2413793 -15.690826480359998
23.241379 -2.4137931 -15.671109185361106
23.241379 -2.5862069 -15.657240061090212
23.241379 -2.7586207 -15.647617657245627
23.241379 -2.9310346 -15.6410065530941
23.241379 -3.1034484 -15.636495357072398
23.241379 -3.275862 -15.63343160884513
23.241379 -3.4482758 -15.631357624364085
23.241379 -3.6206896 -15.629956758624457
23.241379 -3.7931035 -15.629011967475225
23.241379 -3.9655173 -15.628375415918956
23.241379 -4.1379309 -15.627946834349768
23.241379 -4.3103447 -15.627658408844722
23.241379 -4.4827585 -15.627464365839852
23.241379 -4.6551723 -15.627333847577333
23.241379 -4.8275862 -15.6272460700139
23.241379 -5.0 -15.627187042561804

23.586206 0.0 -15.644602483365055
23.586206 -0.1724138 -15.802929560849226
23.586206 -0.34482759 -15.949234039890305
23.586206 -0.51724136 -16.074327685955428
23.586206 -0.68965518 -16.16610172732917
23.586206 -0.86206895 -16.21460179091357
23.586206 -1.0344827 -16.21880694329535
23.586206 -1.2068965 -16.187417286938192
23.586206 -1.3793104 -16.134052058884986
23.586206 -1.5517242 -16.07271628658998
23.586206 -1.7241379 -16.014340797007513
23.586206 -1.8965517 -15.964941448481108
23.586206 -2.0689654 -15.926225279252687
23.586206 -2.2413793 -15.897375711699508
23.586206 -2.4137931 -15.87658661799659
23.586206 -2.5862069 -15.861938611130531
23.586206 -2.7586207 -15.851772946016006
23.586206 -2.9310346 -15.844790101925776
23.586206 -3.1034484 -15.840026826098288
23.586206 -3.275862 -15.836792877872321
23.586206 -3.4482758 -15.834604216483577
23.586206 -3.6206896 -15.833126163162781
23.586206 -3.7931035 -15.832129444653878
23.586206 -3.9655173 -15.831457968655432
23.586206 -4.1379309 -15.83100590151557
23.586206 -4.3103447 -15.830701683918965
23.586206 -4.4827585 -15.830497022542641
23.586206 -4.6551723 -15.83035936483533
23.586206 -4.8275862 -15.830266787020818
23.586206 -5.0 -15.830204532126986

23.931034 0.0 -15.651418822216604
23.931034 -0.1724138 -15.81557049987217
23.931034 -0.34482759 -15.972777538955427
23.931034 -0.51724136 -16.116933040259376
23.931034 -0.68965518 -16.237515690672005
23.931034 -0.86206895 -16.320708098705367
23.931034 -1.0344827 -16.357071326924654
23.931034 -1.2068965 -16.350543643751866
23.931034 -1.3793104 -16.31591853248141
23.931034 -1.5517242 -16.26872642403963
23.931034 -1.7241379 -16.220075653689268
23.931034 -1.8965517 -16.17647614350566
23.931034 -2.0689654 -16.140776497874132
23.931034 -2.2413793 -16.113312498289364
23.931034 -2.4137931 -16.093077604179058
23.931034 -2.5862069 -16.07860414197451
23.931034 -2.7586207 -16.068458137910028
23.931034 -2.9310346 -16.061441993296746
23.931034 -3.1034484 -16.056634621629097
23.931034 -3.275862 -16.053361018001812
23.931034 -3.4482758 -16.051141113584706
23.931034 -3.6206896 -16.04963996673682
23.931034 -3.7931035 -16.048626772892916
23.931034 -3.9655173 -16.047943789594875
23.931034 -4.1379309 -16.047483790711176
23.931034 -4.3103447 -16.04717415203782
23.931034 -4.4827585 -16.046965805933752
23.931034 -4.6551723 -16.046825652783756
23.931034 -4.8275862 -16.046731389021772
23.931034 -5.0 -16.046667996911104

24.275862 0.0 -15.655653656674465
24.275862 -0.1724138 -15.823108893859326
24.275862 -0.34482759 -15.986297378378863
24.275862 -0.51724136 -16.141626995996948
24.275862 -0.68965518 -16.282550866720467
24.275862 -0.86206895 -16.398103928745183
24.275862 -1.0344827 -16.47435297519433
24.275862 -1.2068965 -16.503182313063704
24.275862 -1.3793104 -16.491700055954894
24.275862 -1.5517242 -16.45762783975693
24.275862 -1.7241379 -16.41700755943416
24.275862 -1.8965517 -16.379036878005127
24.275862 -2.0689654 -16.347440684333073
24.275862 -2.2413793 -16.322896106462366
24.275862 -2.4137931 -16.30467362415273
24.275862 -2.5862069 -16.291559070023485
24.275862 -2.7586207 -16.282321747260887
24.275862 -2.9310346 -16.275911351763963
24.275862 -3.1034484 -16.271507862179206
24.275862 -3.275862 -16.26850392624592
24.275862 -3.4482758 -16.266464369211903
24.275862 -3.6206896 -16.26508400697151
24.275862 -3.7931035 -16.26415179775663
24.275862 -3.9655173 -16.263523158964453
24.275862 -4.1379309 -16.263099649595492
24.275862 -4.3103447 -16.262814522049936
24.275862 -4.4827585 -16.262622645559688
24.275862 -4.6551723 -16.262493560927158
24.275862 -4.8275862 -16.262406736843467
24.275862 -5.0 -16.262348345745586

24.620689 0.0 -15.65819208938981
24.620689 -0.1724138 -15.827849206351743
24.620689 -0.34482759 -15.99489923013708
24.620689 -0.51724136 -16.15693776133276
24.620689 -0.68965518 -16.30968699712711
24.620689 -0.86206895 -16.446111954105533
24.620689 -1.0344827 -16.555862946275976
24.620689 -1.2068965 -16.6273057539691
24.620689 -1.3793104 -16.655121034902386
24.620689 -1.5517242 -16.64729399475343
24.620689 -1.7241379 -16.620259009537673
24.620689 -1.8965517 -16.588317583753437
24.620689 -2.0689654 -16.55929130647726
24.620689 -2.2413793 -16.53592140225312
24.620689 -2.4137931 -16.518314464370828
24.620689 -2.5862069 -16.505566855022508
24.620689 -2.7586207 -16.496566377281507
24.620689 -2.9310346 -16.490314491521655
24.620689 -3.1034484 -16.486018422883536
24.620689 -3.275862 -16.483087459153687
24.620689 -3.4482758 -16.481097414877354
24.620689 -3.6206896 -16.47975057988983
24.620689 -3.7931035 -16.47884103029988
24.620689 -3.9655173 -16.47822768290778
24.620689 -4.1379309 -16.47781448100532
24.620689 -4.3103447 -16.477536295829857
24.620689 -4.4827585 -16.4773490925844
24.620689 -4.6551723 -16.477223152518544
24.620689 -4.8275862 -16.477138443813637
24.620689 -5.0 -16.477081475492362

24.965517 0.0 -15.659528664523839
24.965517 -0.1724138 -15.830465681842874
24.965517 -0.34482759 -15.999994343475429
24.965517 -0.51724136 -16.166640297127117
24.965517 -0.68965518 -16.327480466933803
24.965517 -0.86206895 -16.477355736924753
24.965517 -1.0344827 -16.608622989102926
24.965517 -1.2068965 -16.712214543257076
24.965517 -1.3793104 -16.7805853936293
24.965517 -1.5517242 -16.81250851639413
24.965517 -1.7241379 -16.815693345879545
24.965517 -1.8965517 -16.802636907256293
24.965517 -2.0689654 -16.78404349873773
24.965517 -2.2413793 -16.766087253086077
24.965517 -2.4137931 -16.75123323456131
24.965517 -2.5862069 -16.739895614103315
24.965517 -2.7586207 -16.73163493331705
24.965517 -2.9310346 -16.725784505285315
24.965517 -3.1034484 -16.721714640126283
24.965517 -3.275862 -16.71891594466062
24.965517 -3.4482758 -16.71700586433312
24.965517 -3.6206896 -16.715708739536637
24.965517 -3.7931035 -16.71483078051946
24.965517 -3.9655173 -16.714237844971034
24.965517 -4.1379309 -16.713837992649637
24.965517 -4.3103447 -16.713568613849525
24.965517 -4.4827585 -16.713387255044392
24.965517 -4.6551723 -16.71326520987227
24.965517 -4.8275862 -16.71318310423605
24.965517 -5.0 -16.713127878994268

25.310345 0.0 -15.6602635264654
25.310345 -0.1724138 -15.831848003210368
25.310345 -0.34482759 -16.00267175345285
25.310345 -0.51724136 -16.17196983437958
25.310345 -0.68965518 -16.338111263737765
25.310345 -0.86206895 -16.49777103111261
25.310345 -1.0344827 -16.645071539255202
25.310345 -1.2068965 -16.771900327400054
25.310345 -1.3793104 -16.870504185573438
25.310345 -1.5517242 -16.93721525141966
25.310345 -1.7241379 -16.97453646401541
25.310345 -1.8965517 -16.989931491713733
25.310345 -2.0689654 -16.992218397455083
25.310345 -2.2413793 -16.988426497463827
25.310345 -2.4137931 -16.982817522163614
25.310345 -2.5862069 -16.977437696407517
25.310345 -2.7586207 -16.97301984327744
25.310345 -2.9310346 -16.969664356151164
25.310345 -3.1034484 -16.967227025265984
25.310345 -3.275862 -16.965504151622323
25.310345 -3.4482758 -16.964307077510735
25.310345 -3.6206896 -16.963484531909558
25.310345 -3.7931035 -16.962923436702606
25.310345 -3.9655173 -16.962542526467374
25.310345 -4.1379309 -16.962284764127112
25.310345 -4.3103447 -16.962110707543747
25.310345 -4.4827585 -16.961993341934495
25.310345 -4.6551723 -16.961914278467088
25.310345 -4.8275862 -16.96186105141514
25.310345 -5.0 -16.96182523340934

25.655172 0.0 -15.660689103188902
25.655172 -0.1724138 -15.832650737022892
25.655172 -0.34482759 -16.004172724530758
25.655172 -0.51724136 -16.174824705563925
25.655172 -0.68965518 -16.343746776771304
25.655172 -0.86206895 -16.50919241335156
25.655172 -1.0344827 -16.66770050568387
25.655172 -1.2068965 -16.81327352832446
25.655172 -1.3793104 -16.9379966332918
25.655172 -1.5517242 -17.03520979778189
25.655172 -1.7241379 -17.103242582321922
25.655172 -1.8965517 -17.146075618215914
25.655172 -2.0689654 -17.17064598301768
25.655172 -2.2413793 -17.183704852859655
25.655172 -2.4137931 -17.19023689165222
25.655172 -2.5862069 -17.19334689047469
25.655172 -2.7586207 -17.194763676694958
25.655172 -2.9310346 -17.195379485696073
25.655172 -3.1034484 -17.19563087948503
25.655172 -3.275862 -17.195723071898907
25.655172 -3.4482758 -17.195749290242233
25.655172 -3.6206896 -17.195750428876458
25.655172 -3.7931035 -17.195743641882956
25.655172 -3.9655173 -17.195735634391397
25.655172 -4.1379309 -17.195728684428836
25.655172 -4.3103447 -17.195723300884467
25.655172 -4.4827585 -17.195719359152275
25.655172 -4.6551723 -17.195716563084172
25.655172 -4.8275862 -17.19571461715455
25.655172 -5.0 -17.19571327896426

26.0 0.0 -15.660906886045437
26.0 -0.1724138 -15.833087206016872
26.0 -0.34482759 -16.005034559394296
26.0 -0.51724136 -16.17649421045485
26.0 -0.68965518 -16.3469459898128
26.0 -0.86206895 -16.515387094686627
26.0 -1.0344827 -16.679966093433507
26.0 -1.2068965 -16.837371947373796
26.0 -1.3793104 -16.982271468898293
26.0 -1.5517242 -17.107949352357245
26.0 -1.7241379 -17.208910854257766
26.0 -1.8965517 -17.283740413531227
26.0 -2.0689654 -17.335503912293106
26.0 -2.2413793 -17.36963964387891
26.0 -2.4137931 -17.3915838267131
26.0 -2.5862069 -17.40557842874496
26.0 -2.7586207 -17.414528763500986
26.0 -2.9310346 -17.420298541549784
26.0 -3.1034484 -17.424052233709332
26.0 -3.275862 -17.426514871923988
26.0 -3.4482758 -17.428141597003894
26.0 -3.6206896 -17.42922176510167
26.0 -3.7931035 -17.429941748836303
26.0 -3.9655173 -17.430422952211938
26.0 -4.1379309 -17.430745173600442
26.0 -4.3103447 -17.430961219533568
26.0 -4.4827585 -17.43110620466101
26.0 -4.6551723 -17.431203560815096
26.0 -4.8275862 -17.431268961372478
26.0 -5.0 -17.431312907355007
