# KROME file, XRAY He rate
# Distance = 4 kpc
# Xray rate including primary He ionization in 1/s
# first line indicates the size of the table (30x30)
# then first column is the parameter log10(nH), where nH is the H column density in cm-2
# second column is log10(xHe), where xHe = nHe/nH both in cm-2
# third column is log10(rate), where rate is in units of 1/s
30, 30
16.0 0.0 -16.062256795019323
16.0 -0.1724138 -16.05877618085913
16.0 -0.34482759 -16.05365054424641
16.0 -0.51724136 -16.046137233905664
16.0 -0.68965518 -16.03519744136097
16.0 -0.86206895 -16.01941951625212
16.0 -1.0344827 -15.99696406972465
16.0 -1.2068965 -15.965575807385491
16.0 -1.3793104 -15.92272302179202
16.0 -1.5517242 -15.865912656618887
16.0 -1.7241379 -15.793158059128759
16.0 -1.8965517 -15.703459787946542
16.0 -2.0689654 -15.597083070214785
16.0 -2.2413793 -15.475481513463125
16.0 -2.4137931 -15.34091139896941
16.0 -2.5862069 -15.195931241847278
16.0 -2.7586207 -15.04298704692846
16.0 -2.9310346 -14.884171813020572
16.0 -3.1034484 -14.721146269646827
16.0 -3.275862 -14.555160781402694
16.0 -3.4482758 -14.38712295202404
16.0 -3.6206896 -14.217676258482971
16.0 -3.7931035 -14.047268708597247
16.0 -3.9655173 -13.876209078278599
16.0 -4.1379309 -13.704708313679717
16.0 -4.3103447 -13.53290932683655
16.0 -4.4827585 -13.360909377546456
16.0 -4.6551723 -13.188774046044964
16.0 -4.8275862 -13.016547470888739
16.0 -5.0 -12.844259661427603

16.344828 0.0 -16.062257786519645
16.344828 -0.1724138 -16.058776858242783
16.344828 -0.34482759 -16.053651010439133
16.344828 -0.51724136 -16.046137558108992
16.344828 -0.68965518 -16.035197670102473
16.344828 -0.86206895 -16.019419680815112
16.344828 -1.0344827 -15.996964191143313
16.344828 -1.2068965 -15.965575899803246
16.344828 -1.3793104 -15.922723094719258
16.344828 -1.5517242 -15.865912716450582
16.344828 -1.7241379 -15.79315811016448
16.344828 -1.8965517 -15.703459833076153
16.344828 -2.0689654 -15.597083111379709
16.344828 -2.2413793 -15.475481551966885
16.344828 -2.4137931 -15.340911435686838
16.344828 -2.5862069 -15.195931277365384
16.344828 -2.7586207 -15.042987081641146
16.344828 -2.9310346 -14.88417184719223
16.344828 -3.1034484 -14.721146303454972
16.344828 -3.275862 -14.555160814966555
16.344828 -3.4482758 -14.387122985423712
16.344828 -3.6206896 -14.217676291772282
16.344828 -3.7931035 -14.04726874181237
16.344828 -3.9655173 -13.876209111443847
16.344828 -4.1379309 -13.704708346811433
16.344828 -4.3103447 -13.532909359945727
16.344828 -4.4827585 -13.360909410640476
16.344828 -4.6551723 -13.188774079128795
16.344828 -4.8275862 -13.01654750396572
16.344828 -5.0 -12.844259694499979

16.689655 0.0 -16.062259979914185
16.689655 -0.1724138 -16.058778356751695
16.689655 -0.34482759 -16.053652041752375
16.689655 -0.51724136 -16.046138275313314
16.689655 -0.68965518 -16.03519817612589
16.689655 -0.86206895 -16.01942004486254
16.689655 -1.0344827 -15.996964459746609
16.689655 -1.2068965 -15.965576104250545
16.689655 -1.3793104 -15.922723256049489
16.689655 -1.5517242 -15.865912848810758
16.689655 -1.7241379 -15.793158223066136
16.689655 -1.8965517 -15.703459932912265
16.689655 -2.0689654 -15.59708320244511
16.689655 -2.2413793 -15.475481637145233
16.689655 -2.4137931 -15.34091151691345
16.689655 -2.5862069 -15.195931355938843
16.689655 -2.7586207 -15.042987158432853
16.689655 -2.9310346 -14.884171922787068
16.689655 -3.1034484 -14.721146378245647
16.689655 -3.275862 -14.55516088921682
16.689655 -3.4482758 -14.387123059310762
16.689655 -3.6206896 -14.217676365415185
16.689655 -3.7931035 -14.047268815291151
16.689655 -3.9655173 -13.876209184812295
16.689655 -4.1379309 -13.704708420105707
16.689655 -4.3103447 -13.532909433190131
16.689655 -4.4827585 -13.360909483851355
16.689655 -4.6551723 -13.188774152317132
16.689655 -4.8275862 -13.016547577138901
16.689655 -5.0 -12.84425976766297

17.034483 0.0 -16.062264832134897
17.034483 -0.1724138 -16.058781671760695
17.034483 -0.34482759 -16.05365432323438
17.034483 -0.51724136 -16.046139861922885
17.034483 -0.68965518 -16.03519929555932
17.034483 -0.86206895 -16.01942085021492
17.034483 -1.0344827 -15.996965053956037
17.034483 -1.2068965 -15.965576556532982
17.034483 -1.3793104 -15.922723612947564
17.034483 -1.5517242 -15.865913141620723
17.034483 -1.7241379 -15.793158472829576
17.034483 -1.8965517 -15.703460153771848
17.034483 -2.0689654 -15.597083403901946
17.034483 -2.2413793 -15.47548182557861
17.034483 -2.4137931 -15.340911696604714
17.034483 -2.5862069 -15.19593152976075
17.034483 -2.7586207 -15.042987328313131
17.034483 -2.9310346 -14.884172090019609
17.034483 -3.1034484 -14.7211465436992
17.034483 -3.275862 -14.555161053474865
17.034483 -3.4482758 -14.387123222765293
17.034483 -3.6206896 -14.217676528329614
17.034483 -3.7931035 -14.047268977842505
17.034483 -3.9655173 -13.876209347119568
17.034483 -4.1379309 -13.70470858224889
17.034483 -4.3103447 -13.532909595222993
17.034483 -4.4827585 -13.360909645810047
17.034483 -4.6551723 -13.18877431422596
17.034483 -4.8275862 -13.016547739014204
17.034483 -5.0 -12.844259929515733

17.379311 0.0 -16.062275566031488
17.379311 -0.1724138 -16.058789005155973
17.379311 -0.34482759 -16.05365937030985
17.379311 -0.51724136 -16.04614337182023
17.379311 -0.68965518 -16.035201771975803
17.379311 -0.86206895 -16.019422631822625
17.379311 -1.0344827 -15.996966368472886
17.379311 -1.2068965 -15.965577557078078
17.379311 -1.3793104 -15.922724402482528
17.379311 -1.5517242 -15.865913789379281
17.379311 -1.7241379 -15.7931590253601
17.379311 -1.8965517 -15.70346064236089
17.379311 -2.0689654 -15.597083849567973
17.379311 -2.2413793 -15.475482242433962
17.379311 -2.4137931 -15.34091209412064
17.379311 -2.5862069 -15.195931914292403
17.379311 -2.7586207 -15.042987704125052
17.379311 -2.9310346 -14.88417245997417
17.379311 -3.1034484 -14.721146909718255
17.379311 -3.275862 -14.555161416849204
17.379311 -3.4482758 -14.38712358436209
17.379311 -3.6206896 -14.217676888731582
17.379311 -3.7931035 -14.047269337441275
17.379311 -3.9655173 -13.876209706178381
17.379311 -4.1379309 -13.704708940944695
17.379311 -4.3103447 -13.532909953674748
17.379311 -4.4827585 -13.360910004097725
17.379311 -4.6551723 -13.188774672403325
17.379311 -4.8275862 -13.0165480971174
17.379311 -5.0 -12.844260287569067

17.724138 0.0 -16.06229931030802
17.724138 -0.1724138 -16.058805227530378
17.724138 -0.34482759 -16.053670535197675
17.724138 -0.51724136 -16.0461511363025
17.724138 -0.68965518 -16.035207250254764
17.724138 -0.86206895 -16.019426573073964
17.724138 -1.0344827 -15.996969276438566
17.724138 -1.2068965 -15.965579770481142
17.724138 -1.3793104 -15.922726149091515
17.724138 -1.5517242 -15.86591522235162
17.724138 -1.7241379 -15.79316024766947
17.724138 -1.8965517 -15.703461723219117
17.724138 -2.0689654 -15.597084835471993
17.724138 -2.2413793 -15.475483164603043
17.724138 -2.4137931 -15.340912973507058
17.724138 -2.5862069 -15.19593276495501
17.724138 -2.7586207 -15.042988535497871
17.724138 -2.9310346 -14.884173278389333
17.724138 -3.1034484 -14.721147719427295
17.724138 -3.275862 -14.5551622207076
17.724138 -3.4482758 -14.387124384288201
17.724138 -3.6206896 -14.217677686014495
17.724138 -3.7931035 -14.047270132947357
17.724138 -3.9655173 -13.876210500489966
17.724138 -4.1379309 -13.704709734453237
17.724138 -4.3103447 -13.532910746643404
17.724138 -4.4827585 -13.360910796703406
17.724138 -4.6551723 -13.188775464764971
17.724138 -4.8275862 -13.016548889314977
17.724138 -5.0 -12.844261079656334

18.068966 0.0 -16.06235183134297
18.068966 -0.1724138 -16.05884111195447
18.068966 -0.34482759 -16.053695232954478
18.068966 -0.51724136 -16.046168312358184
18.068966 -0.68965518 -16.035219369074316
18.068966 -0.86206895 -16.019435291816016
18.068966 -1.0344827 -15.996975709405849
18.068966 -1.2068965 -15.96558466696316
18.068966 -1.3793104 -15.922730012942926
18.068966 -1.5517242 -15.865918392380745
18.068966 -1.7241379 -15.79316295167184
18.068966 -1.8965517 -15.703464114303944
18.068966 -2.0689654 -15.597087016499314
18.068966 -2.2413793 -15.475485204635941
18.068966 -2.4137931 -15.340914918896097
18.068966 -2.5862069 -15.195934646801183
18.068966 -2.7586207 -15.042990374671126
18.068966 -2.9310346 -14.884175088897626
18.068966 -3.1034484 -14.721149510675872
18.068966 -3.275862 -14.555163999013363
18.068966 -3.4482758 -14.387126153894956
18.068966 -3.6206896 -14.217679449773957
18.068966 -3.7931035 -14.047271892776104
18.068966 -3.9655173 -13.876212257676242
18.068966 -4.1379309 -13.70471148986302
18.068966 -4.3103447 -13.532912500858844
18.068966 -4.4827585 -13.360912550115875
18.068966 -4.6551723 -13.188777217637584
18.068966 -4.8275862 -13.016550641824635
18.068966 -5.0 -12.844262831921965

18.413794 0.0 -16.062467987122194
18.413794 -0.1724138 -16.0589204810784
18.413794 -0.34482759 -16.053749862642817
18.413794 -0.51724136 -16.046206306083384
18.413794 -0.68965518 -16.03524617682284
18.413794 -0.86206895 -16.01945457868102
18.413794 -1.0344827 -15.9969899400445
18.413794 -1.2068965 -15.96559549876566
18.413794 -1.3793104 -15.922738560447684
18.413794 -1.5517242 -15.865925405056766
18.413794 -1.7241379 -15.793168933427346
18.413794 -1.8965517 -15.703469403836444
18.413794 -2.0689654 -15.597091841350162
18.413794 -2.2413793 -15.47548971758342
18.413794 -2.4137931 -15.340919222475193
18.413794 -2.5862069 -15.195938809812482
18.413794 -2.7586207 -15.042994443282511
18.413794 -2.9310346 -14.884179094097105
18.413794 -3.1034484 -14.721153473269483
18.413794 -3.275862 -14.555167932975191
18.413794 -3.4482758 -14.387130068613047
18.413794 -3.6206896 -14.21768335155681
18.413794 -3.7931035 -14.04727578586352
18.413794 -3.9655173 -13.876216144918049
18.413794 -4.1379309 -13.704715373174908
18.413794 -4.3103447 -13.532916381528638
18.413794 -4.4827585 -13.360916429009356
18.413794 -4.6551723 -13.188781095336813
18.413794 -4.8275862 -13.016554518720936
18.413794 -5.0 -12.844266708278434

18.758621 0.0 -16.062724790650186
18.758621 -0.1724138 -16.059095988587284
18.758621 -0.34482759 -16.053870680012007
18.758621 -0.51724136 -16.046290339221454
18.758621 -0.68965518 -16.03530547272044
18.758621 -0.86206895 -16.019497240873193
18.758621 -1.0344827 -15.997021418795882
18.758621 -1.2068965 -15.965619459582735
18.758621 -1.3793104 -15.922757468442452
18.758621 -1.5517242 -15.865940917971733
18.758621 -1.7241379 -15.793182165889306
18.758621 -1.8965517 -15.703481105049029
18.758621 -2.0689654 -15.597102514645691
18.758621 -2.2413793 -15.475499700918187
18.758621 -2.4137931 -15.340928742665335
18.758621 -2.5862069 -15.195948019051476
18.758621 -2.7586207 -15.043003443698439
18.758621 -2.9310346 -14.88418795423875
18.758621 -3.1034484 -14.7211622391621
18.758621 -3.275862 -14.555176635531025
18.758621 -3.4482758 -14.387138728599512
18.758621 -3.6206896 -14.21769198292903
18.758621 -3.7931035 -14.047284398000428
18.758621 -3.9655173 -13.876224744123789
18.758621 -4.1379309 -13.704723963687217
18.758621 -4.3103447 -13.532924966196326
18.758621 -4.4827585 -13.360925009747628
18.758621 -4.6551723 -13.188789673433261
18.758621 -4.8275862 -13.016563095041215
18.758621 -5.0 -12.844275283404547

19.103449 0.0 -16.063292130832156
19.103449 -0.1724138 -16.0594838912938
19.103449 -0.34482759 -16.05413778439221
19.103449 -0.51724136 -16.04647615652092
19.103449 -0.68965518 -16.035436607148743
19.103449 -0.86206895 -16.01959159769068
19.103449 -1.0344827 -15.997091045077497
19.103449 -1.2068965 -15.965672459419851
19.103449 -1.3793104 -15.92279929286468
19.103449 -1.5517242 -15.865975233102557
19.103449 -1.7241379 -15.79321143692699
19.103449 -1.8965517 -15.703506989075551
19.103449 -2.0689654 -15.597126124964465
19.103449 -2.2413793 -15.475521785059968
19.103449 -2.4137931 -15.34094980233585
19.103449 -2.5862069 -15.19596839089835
19.103449 -2.7586207 -15.043023353627618
19.103449 -2.9310346 -14.88420755387993
19.103449 -3.1034484 -14.721181630323303
19.103449 -3.275862 -14.55519588659039
19.103449 -3.4482758 -14.387157885494798
19.103449 -3.6206896 -14.217711076529152
19.103449 -3.7931035 -14.047303449051727
19.103449 -3.9655173 -13.876243766571127
19.103449 -4.1379309 -13.704742966904533
19.103449 -4.3103447 -13.532943956485239
19.103449 -4.4827585 -13.360943991344609
19.103449 -4.6551723 -13.188808649186477
19.103449 -4.8275862 -13.016582066865519
19.103449 -5.0 -12.844294252587332

19.448277 0.0 -16.06454349927789
19.448277 -0.1724138 -16.060340272524886
19.448277 -0.34482759 -16.054727847153927
19.448277 -0.51724136 -16.04688682160303
19.448277 -0.68965518 -16.035726503537933
19.448277 -0.86206895 -16.019800230799053
19.448277 -1.0344827 -15.99724501632001
19.448277 -1.2068965 -15.965789673272658
19.448277 -1.3793104 -15.922891796735355
19.448277 -1.5517242 -15.866051131531021
19.448277 -1.7241379 -15.793276180516642
19.448277 -1.8965517 -15.70356424207349
19.448277 -2.0689654 -15.597178349362274
19.448277 -2.2413793 -15.475570634051373
19.448277 -2.4137931 -15.340996385499995
19.448277 -2.5862069 -15.196013452786396
19.448277 -2.7586207 -15.043067393874972
19.448277 -2.9310346 -14.884250907848884
19.448277 -3.1034484 -14.721224523186125
19.448277 -3.275862 -14.555238469582031
19.448277 -3.4482758 -14.38720026021815
19.448277 -3.6206896 -14.217753311258713
19.448277 -3.7931035 -14.047345589673391
19.448277 -3.9655173 -13.876285843927604
19.448277 -4.1379309 -13.70478500172874
19.448277 -4.3103447 -13.532985962714868
19.448277 -4.4827585 -13.360985978349728
19.448277 -4.6551723 -13.188850623266566
19.448277 -4.8275862 -13.016624032255777
19.448277 -5.0 -12.84433621213517

19.793104 0.0 -16.0672940237559
19.793104 -0.1724138 -16.062226362090815
19.793104 -0.34482759 -16.056029168884283
19.793104 -0.51724136 -16.047793339535197
19.793104 -0.68965518 -16.036366833648167
19.793104 -0.86206895 -16.020261260087572
19.793104 -1.0344827 -15.997585353307292
19.793104 -1.2068965 -15.96604881192027
19.793104 -1.3793104 -15.923096332610122
19.793104 -1.5517242 -15.866218965651024
19.793104 -1.7241379 -15.793419356344117
19.793104 -1.8965517 -15.703690857974777
19.793104 -2.0689654 -15.597293847486005
19.793104 -2.2413793 -15.47567866912828
19.793104 -2.4137931 -15.341099410668281
19.793104 -2.5862069 -15.196113114235587
19.793104 -2.7586207 -15.043164796326984
19.793104 -2.9310346 -14.884346792825173
19.793104 -3.1034484 -14.721319388573866
19.793104 -3.275862 -14.555332649786097
19.793104 -3.4482758 -14.387293979900454
19.793104 -3.6206896 -14.217846721386904
19.793104 -3.7931035 -14.047438791710045
19.793104 -3.9655173 -13.876378906072057
19.793104 -4.1379309 -13.704877969825636
19.793104 -4.3103447 -13.533078867583274
19.793104 -4.4827585 -13.361078840708783
19.793104 -4.6551723 -13.18894345704571
19.793104 -4.8275862 -13.016716846819909
19.793104 -5.0 -12.844429013780504

20.137932 0.0 -16.073295835601833
20.137932 -0.1724138 -16.06635901671034
20.137932 -0.34482759 -16.05888875913944
20.137932 -0.51724136 -16.04978932799138
20.137932 -0.68965518 -16.03777864015448
20.137932 -0.86206895 -16.021278681170646
20.137932 -1.0344827 -15.998336894885153
20.137932 -1.2068965 -15.96662129096635
20.137932 -1.3793104 -15.92354831412472
20.137932 -1.5517242 -15.866589915138368
20.137932 -1.7241379 -15.793735846543306
20.137932 -1.8965517 -15.703970766720039
20.137932 -2.0689654 -15.597549193113327
20.137932 -2.2413793 -15.475917524629056
20.137932 -2.4137931 -15.341327195699145
20.137932 -2.5862069 -15.196333466079174
20.137932 -2.7586207 -15.043380156063664
20.137932 -2.9310346 -14.884558799059876
20.137932 -3.1034484 -14.721529141568004
20.137932 -3.275862 -14.555540888544419
20.137932 -3.4482758 -14.387501200913054
20.137932 -3.6206896 -14.218053258287089
20.137932 -3.7931035 -14.047644868728154
20.137932 -3.9655173 -13.876584673927976
20.137932 -4.1379309 -13.70508352983592
20.137932 -4.3103447 -13.533284287858116
20.137932 -4.4827585 -13.361284167037585
20.137932 -4.6551723 -13.189148720212632
20.137932 -4.8275862 -13.016922067521456
20.137932 -5.0 -12.844634205931369

20.482758 0.0 -16.08620293533598
20.482758 -0.1724138 -16.075319225440296
20.482758 -0.34482759 -16.06512513628198
20.482758 -0.51724136 -16.054160286825066
20.482758 -0.68965518 -16.04087919173298
20.482758 -0.86206895 -16.023517514610127
20.482758 -1.0344827 -15.999992893426986
20.482758 -1.2068965 -15.96788388812676
20.482758 -1.3793104 -15.92454577433615
20.482758 -1.5517242 -15.867408892293884
20.482758 -1.7241379 -15.794434786674492
20.482758 -1.8965517 -15.704589037496882
20.482758 -2.0689654 -15.598113280179463
20.482758 -2.2413793 -15.476445228415967
20.482758 -2.4137931 -15.34183047045886
20.482758 -2.5862069 -15.196820336563608
20.482758 -2.7586207 -15.043856008770934
20.482758 -2.9310346 -14.885027250133513
20.482758 -3.1034484 -14.721992619288603
20.482758 -3.275862 -14.556001023977654
20.482758 -3.4482758 -14.387959089903815
20.482758 -3.6206896 -14.218509637241686
20.482758 -3.7931035 -14.04810023258245
20.482758 -3.9655173 -13.87703935536409
20.482758 -4.1379309 -13.705537752490097
20.482758 -4.3103447 -13.533738202070834
20.482758 -4.4827585 -13.361737873880653
20.482758 -4.6551723 -13.189602287636653
20.482758 -4.8275862 -13.017375541210374
20.482758 -5.0 -12.845087616599482

20.827587 0.0 -16.113222722893607
20.827587 -0.1724138 -16.09435698973794
20.827587 -0.34482759 -16.078522990935298
20.827587 -0.51724136 -16.063626744876867
20.827587 -0.68965518 -16.04763319740471
20.827587 -0.86206895 -16.028414322240117
20.827587 -1.0344827 -16.00362518328063
20.827587 -1.2068965 -15.970658684667658
20.827587 -1.3793104 -15.926740799621133
20.827587 -1.5517242 -15.869212773988474
20.827587 -1.7241379 -15.795975215527157
20.827587 -1.8965517 -15.705952236993582
20.827587 -2.0689654 -15.599357357479041
20.827587 -2.2413793 -15.477609280664607
20.827587 -2.4137931 -15.34294077436386
20.827587 -2.5862069 -15.197894540513726
20.827587 -2.7586207 -15.044905963119993
20.827587 -2.9310346 -14.886060912301854
20.827587 -3.1034484 -14.72301533361535
20.827587 -3.275862 -14.55701638061337
20.827587 -3.4482758 -14.388969501092792
20.827587 -3.6206896 -14.219516724086656
20.827587 -3.7931035 -14.04910508465552
20.827587 -3.9655173 -13.878042705061189
20.827587 -4.1379309 -13.706540092151116
20.827587 -4.3103447 -13.534739862676703
20.827587 -4.4827585 -13.362739077946731
20.827587 -4.6551723 -13.190603184760722
20.827587 -4.8275862 -13.018376231968986
20.827587 -5.0 -12.846088168612551

21.172413 0.0 -16.16724753303212
21.172413 -0.1724138 -16.133378753293968
21.172413 -0.34482759 -16.106518183601413
21.172413 -0.51724136 -16.083698381167935
21.172413 -0.68965518 -16.062110049634317
21.172413 -0.86206895 -16.038993686631127
21.172413 -1.0344827 -16.011517044072676
21.172413 -1.2068965 -15.976711444991965
21.172413 -1.3793104 -15.931542084385773
21.172413 -1.5517242 -15.873165960256772
21.172413 -1.7241379 -15.7993554039222
21.172413 -1.8965517 -15.708946145601775
21.172413 -2.0689654 -15.602091260986555
21.172413 -2.2413793 -15.4801683457467
21.172413 -2.4137931 -15.345382333228526
21.172413 -2.5862069 -15.200257141684183
21.172413 -2.7586207 -15.047215509850929
21.172413 -2.9310346 -14.888334807073651
21.172413 -3.1034484 -14.725265268142357
21.172413 -3.275862 -14.559250210772445
21.172413 -3.4482758 -14.391192506096012
21.172413 -3.6206896 -14.221732452089428
21.172413 -3.7931035 -14.051315920599997
21.172413 -3.9655173 -13.880250252147817
21.172413 -4.1379309 -13.708745428135728
21.172413 -4.3103447 -13.536943712107698
21.172413 -4.4827585 -13.364941927937975
21.172413 -4.6551723 -13.192805362803515
21.172413 -4.8275862 -13.020577958241418
21.172413 -5.0 -12.848289591146015

21.517242 0.0 -16.267540230724173
21.517242 -0.1724138 -16.20878354920222
21.517242 -0.34482759 -16.16232731679998
21.517242 -0.51724136 -16.12469711850025
21.517242 -0.68965518 -16.0922404123808
21.517242 -0.86206895 -16.06132606242608
21.517242 -1.0344827 -16.02835125951481
21.517242 -1.2068965 -15.989720639201106
21.517242 -1.3793104 -15.941917061573816
21.517242 -1.5517242 -15.881740467391886
21.517242 -1.7241379 -15.806706143953173
21.517242 -1.8965517 -15.71546845658982
21.517242 -2.0689654 -15.608054359453552
21.517242 -2.2413793 -15.48575467194708
21.517242 -2.4137931 -15.350715101103598
21.517242 -2.5862069 -15.205419379666859
21.517242 -2.7586207 -15.052263093510815
21.517242 -2.9310346 -14.893305312959642
21.517242 -3.1034484 -14.730183958936935
21.517242 -3.275862 -14.564134068719808
21.517242 -3.4482758 -14.3960529469245
21.517242 -3.6206896 -14.226577149898278
21.517242 -3.7931035 -14.056150034363416
21.517242 -3.9655173 -13.88507725014606
21.517242 -4.1379309 -13.713567642077079
21.517242 -4.3103447 -13.541762709608243
21.517242 -4.4827585 -13.369758762936108
21.517242 -4.6551723 -13.197620743885707
21.517242 -4.8275862 -13.025392361808825
21.517242 -5.0 -12.85310333749817

21.862068 0.0 -16.432715255058188
21.862068 -0.1724138 -16.341090943055722
21.862068 -0.34482759 -16.265431557410675
21.862068 -0.51724136 -16.20348332154258
21.862068 -0.68965518 -16.151919874199017
21.862068 -0.86206895 -16.106604383404456
21.862068 -1.0344827 -16.063094102459612
21.862068 -1.2068965 -16.01692745878258
21.862068 -1.3793104 -15.963825663262169
21.862068 -1.5517242 -15.899972816993882
21.862068 -1.7241379 -15.822412673969174
21.862068 -1.8965517 -15.729452085692284
21.862068 -2.0689654 -15.620868816285965
21.862068 -2.2413793 -15.497778519208765
21.862068 -2.4137931 -15.362205561930415
21.862068 -2.5862069 -15.21655050549761
21.862068 -2.7586207 -15.06315234642285
21.862068 -2.9310346 -14.904031837847239
21.862068 -3.1034484 -14.740801033671534
21.862068 -3.275862 -14.57467753935833
21.862068 -3.4482758 -14.406546923919498
21.862068 -3.6206896 -14.237037847661405
21.862068 -3.7931035 -14.066588356069023
21.862068 -3.9655173 -13.895500527106377
21.862068 -4.1379309 -13.723980803693422
21.862068 -4.3103447 -13.552169070204371
21.862068 -4.4827585 -13.380160550917227
21.862068 -4.6551723 -13.20801945751371
21.862068 -4.8275862 -13.035789008429116
21.862068 -5.0 -12.863498594392112

22.206898 0.0 -16.67951337483406
22.206898 -0.1724138 -16.54517243959522
22.206898 -0.34482759 -16.434068631792645
22.206898 -0.51724136 -16.340477061803732
22.206898 -0.68965518 -16.26103025576376
22.206898 -0.86206895 -16.192593835105416
22.206898 -1.0344827 -16.13098957604301
22.206898 -1.2068965 -16.071253034440726
22.206898 -1.3793104 -16.008279057706662
22.206898 -1.5517242 -15.93740311019179
22.206898 -1.7241379 -15.854929622518501
22.206898 -1.8965517 -15.758574049980636
22.206898 -2.0689654 -15.647665931078162
22.206898 -2.2413793 -15.522993609137005
22.206898 -2.4137931 -15.386348703204451
22.206898 -2.5862069 -15.239969351133281
22.206898 -2.7586207 -15.086082678870861
22.206898 -2.9310346 -14.926633059330621
22.206898 -3.1034484 -14.763180692986179
22.206898 -3.275862 -14.596908107988895
22.206898 -3.4482758 -14.428677197523799
22.206898 -3.6206896 -14.259100664512326
22.206898 -3.7931035 -14.088605808231561
22.206898 -3.9655173 -13.917487474023881
22.206898 -4.1379309 -13.745947238632935
22.206898 -4.3103447 -13.57412171318433
22.206898 -4.4827585 -13.402103920617144
22.206898 -4.6551723 -13.229956592251778
22.206898 -4.8275862 -13.057721951085297
22.206898 -5.0 -12.885428718522142

22.551723 0.0 -17.034672372912365
22.551723 -0.1724138 -16.84859760393494
22.551723 -0.34482759 -16.68568449458606
22.551723 -0.51724136 -16.550244783074447
22.551723 -0.68965518 -16.436954502118375
22.551723 -0.86206895 -16.33926915458861
22.551723 -1.0344827 -16.25240122991222
22.551723 -1.2068965 -16.17192168812839
22.551723 -1.3793104 -16.092826902471415
22.551723 -1.5517242 -16.009949234293714
22.551723 -1.7241379 -15.918812654007166
22.551723 -1.8965517 -15.816339944341363
22.551723 -2.0689654 -15.701179367043387
22.551723 -2.2413793 -15.573583058539192
22.551723 -2.4137931 -15.434942710644348
22.551723 -2.5862069 -15.287208479731971
22.551723 -2.7586207 -15.13240495002119
22.551723 -2.9310346 -14.972336254249923
22.551723 -3.1034484 -14.808466483337904
22.551723 -3.275862 -14.64191273591274
22.551723 -3.4482758 -14.473492553519833
22.551723 -3.6206896 -14.303788660144365
22.551723 -3.7931035 -14.133208127153987
22.551723 -3.9655173 -13.96203216795628
22.551723 -4.1379309 -13.790453179555843
22.551723 -4.3103447 -13.618601594656228
22.551723 -4.4827585 -13.446566279410284
22.551723 -4.6551723 -13.274407169027961
22.551723 -4.8275862 -13.102164605982804
22.551723 -5.0 -12.929866047078729

22.896551 0.0 -17.446130782602353
22.896551 -0.1724138 -17.239196320725103
22.896551 -0.34482759 -17.045193869214827
22.896551 -0.51724136 -16.86169559072276
22.896551 -0.68965518 -16.698963927108434
22.896551 -0.86206895 -16.56109500085182
22.896551 -1.0344827 -16.443026201371563
22.896551 -1.2068965 -16.33728777352347
22.896551 -1.3793104 -16.237432133859425
22.896551 -1.5517242 -16.137969332167977
22.896551 -1.7241379 -16.034134442122586
22.896551 -1.8965517 -15.922301619157109
22.896551 -2.0689654 -15.800437657661805
22.896551 -2.2413793 -15.668137980095661
22.896551 -2.4137931 -15.526243778054193
22.896551 -2.5862069 -15.376279836116316
22.896551 -2.7586207 -15.21995809198219
22.896551 -2.9310346 -15.058860007159106
22.896551 -3.1034484 -14.894294242213386
22.896551 -3.275862 -14.72727079430229
22.896551 -3.4482758 -14.558534021241398
22.896551 -3.6206896 -14.38861691435087
22.896551 -3.7931035 -14.217892868446167
22.896551 -3.9655173 -14.046620347383845
22.896551 -4.1379309 -13.874976404040318
22.896551 -4.3103447 -13.703081132632992
22.896551 -4.4827585 -13.531016438645525
22.896551 -4.6551723 -13.358837572838636
22.896551 -4.8275862 -13.186581726132172
22.896551 -5.0 -13.01427423553169

23.241379 0.0 -17.926470821689286
23.241379 -0.1724138 -17.68783077441543
23.241379 -0.34482759 -17.459120598264597
23.241379 -0.51724136 -17.25526681894471
23.241379 -0.68965518 -17.066809637135353
23.241379 -0.86206895 -16.888587330234845
23.241379 -1.0344827 -16.72662968674243
23.241379 -1.2068965 -16.583966648314203
23.241379 -1.3793104 -16.45626930755509
23.241379 -1.5517242 -16.33620622590971
23.241379 -1.7241379 -16.217041812571992
23.241379 -1.8965517 -16.093851744703564
23.241379 -2.0689654 -15.963706438444879
23.241379 -2.2413793 -15.825483439796718
23.241379 -2.4137931 -15.679424815217178
23.241379 -2.5862069 -15.526572103808384
23.241379 -2.7586207 -15.36826598273332
23.241379 -2.9310346 -15.205814096891933
23.241379 -3.1034484 -15.040329081366547
23.241379 -3.275862 -14.872683452765607
23.241379 -3.4482758 -14.703526480783749
23.241379 -3.6206896 -14.533326003281502
23.241379 -3.7931035 -14.362411048964464
23.241379 -3.9655173 -14.191009997619163
23.241379 -4.1379309 -14.019279559262845
23.241379 -4.3103447 -13.847326098073067
23.241379 -4.4827585 -13.675222264725987
23.241379 -4.6551723 -13.50301707676236
23.241379 -4.8275862 -13.33074352938995
23.241379 -5.0 -13.158424136501528

23.586206 0.0 -18.394524842293904
23.586206 -0.1724138 -18.16243546239036
23.586206 -0.34482759 -17.94068053009524
23.586206 -0.51724136 -17.70964392011241
23.586206 -0.68965518 -17.48651579954798
23.586206 -0.86206895 -17.287706989712554
23.586206 -1.0344827 -17.107837702240534
23.586206 -1.2068965 -16.93884198459243
23.586206 -1.3793104 -16.779859704494157
23.586206 -1.5517242 -16.630908048005264
23.586206 -1.7241379 -16.488829606716727
23.586206 -1.8965517 -16.348840501852813
23.586206 -2.0689654 -16.206838305220245
23.586206 -2.2413793 -16.060400574956446
23.586206 -2.4137931 -15.908707776021824
23.586206 -2.5862069 -15.752014933778078
23.586206 -2.7586207 -15.591102508624278
23.586206 -2.9310346 -15.426886911024939
23.586206 -3.1034484 -15.260210816808856
23.586206 -3.275862 -15.091761961469357
23.586206 -3.4482758 -14.922063843162663
23.586206 -3.6206896 -14.751499029160557
23.586206 -3.7931035 -14.580338889047166
23.586206 -3.9655173 -14.408772886660346
23.586206 -4.1379309 -14.236931498812998
23.586206 -4.3103447 -14.064903420878487
23.586206 -4.4827585 -13.892749410374034
23.586206 -4.6551723 -13.720510482147455
23.586206 -4.8275862 -13.548214248004765
23.586206 -5.0 -13.37587960110754

23.931034 0.0 -18.92017833479046
23.931034 -0.1724138 -18.66506885404133
23.931034 -0.34482759 -18.410112053044664
23.931034 -0.51724136 -18.181598166441795
23.931034 -0.68965518 -17.96921673981062
23.931034 -0.86206895 -17.753099625310202
23.931034 -1.0344827 -17.541444683126684
23.931034 -1.2068965 -17.349320399516525
23.931034 -1.3793104 -17.17703385292842
23.931034 -1.5517242 -17.017033831107675
23.931034 -1.7241379 -16.86295034920142
23.931034 -1.8965517 -16.71088233023337
23.931034 -2.0689654 -16.558228915655803
23.931034 -2.2413793 -16.403273441697426
23.931034 -2.4137931 -16.245186347767657
23.931034 -2.5862069 -16.083880233176384
23.931034 -2.7586207 -15.919721555589721
23.931034 -2.9310346 -15.753257554546495
23.931034 -3.1034484 -15.585039951112545
23.931034 -3.275862 -15.415541196859307
23.931034 -3.4482758 -15.245131098085935
23.931034 -3.6206896 -15.074084840511249
23.931034 -3.7931035 -14.902599764381506
23.931034 -3.9655173 -14.730814733874704
23.931034 -4.1379309 -14.558825831684
23.931034 -4.3103447 -14.38669845962928
23.931034 -4.4827585 -14.214477638245775
23.931034 -4.6551723 -14.042193767222106
23.931034 -4.8275862 -13.869867305814466
23.931034 -5.0 -13.697512331268726

24.275862 0.0 -19.427234445327507
24.275862 -0.1724138 -19.173791942489732
24.275862 -0.34482759 -18.93547009037899
24.275862 -0.51724136 -18.689667327569474
24.275862 -0.68965518 -18.443009206187615
24.275862 -0.86206895 -18.220547209285204
24.275862 -1.0344827 -18.021357945546413
24.275862 -1.2068965 -17.829010332903962
24.275862 -1.3793104 -17.63925097684645
24.275862 -1.5517242 -17.45793687519587
24.275862 -1.7241379 -17.28748086530361
24.275862 -1.8965517 -17.12494042836697
24.275862 -2.0689654 -16.96589637396122
24.275862 -2.2413793 -16.806961837580136
24.275862 -2.4137931 -16.646304844039577
24.275862 -2.5862069 -16.48329279038896
24.275862 -2.7586207 -16.31798556812614
24.275862 -2.9310346 -16.150744301212296
24.275862 -3.1034484 -15.982000320045955
24.275862 -3.275862 -15.8121454499308
24.275862 -3.4482758 -15.641494760915847
24.275862 -3.6206896 -15.470286171033296
24.275862 -3.7931035 -15.298691677522728
24.275862 -3.9655173 -15.126832952480326
24.275862 -4.1379309 -14.954794442903479
24.275862 -4.3103447 -14.782633690424234
24.275862 -4.4827585 -14.610390413592155
24.275862 -4.6551723 -14.438091439231712
24.275862 -4.8275862 -14.265754820700359
24.275862 -5.0 -14.093393015980288

24.620689 0.0 -19.928177114516945
24.620689 -0.1724138 -19.69602995286887
24.620689 -0.34482759 -19.444036452892224
24.620689 -0.51724136 -19.19591793919202
24.620689 -0.68965518 -18.966402958206054
24.620689 -0.86206895 -18.73800380059145
24.620689 -1.0344827 -18.50853646058511
24.620689 -1.2068965 -18.295890000836714
24.620689 -1.3793104 -18.106957985148338
24.620689 -1.5517242 -17.934372890839835
24.620689 -1.7241379 -17.769089409903756
24.620689 -1.8965517 -17.606228151578765
24.620689 -2.0689654 -17.44377371529242
24.620689 -2.2413793 -17.280670949960022
24.620689 -2.4137931 -17.116273187586913
24.620689 -2.5862069 -16.95031093243031
24.620689 -2.7586207 -16.782825016054726
24.620689 -2.9310346 -16.614032414412897
24.620689 -3.1034484 -16.44420711256826
24.620689 -3.275862 -16.27360822750058
24.620689 -3.4482758 -16.102449730984436
24.620689 -3.6206896 -15.930896333773974
24.620689 -3.7931035 -15.759068492861303
24.620689 -3.9655173 -15.58705219620374
24.620689 -4.1379309 -15.414907437666248
24.620689 -4.3103447 -15.242675111219093
24.620689 -4.4827585 -15.070383649972095
24.620689 -4.6551723 -14.898052251207258
24.620689 -4.8275862 -14.72569381979697
24.620689 -5.0 -14.553317343733895

24.965517 0.0 -20.43450083920549
24.965517 -0.1724138 -20.175397295418783
24.965517 -0.34482759 -19.941573138476077
24.965517 -0.51724136 -19.71753212826964
24.965517 -0.68965518 -19.47862814778481
24.965517 -0.86206895 -19.241195332198252
24.965517 -1.0344827 -19.024385489739306
24.965517 -1.2068965 -18.821023627345475
24.965517 -1.3793104 -18.621589578154417
24.965517 -1.5517242 -18.42870837057986
24.965517 -1.7241379 -18.246694619966203
24.965517 -1.8965517 -18.07464313344772
24.965517 -2.0689654 -17.908617043133912
24.965517 -2.2413793 -17.744831717826546
24.965517 -2.4137931 -17.580879366815516
24.965517 -2.5862069 -17.41564568153801
24.965517 -2.7586207 -17.248843888950674
24.965517 -2.9310346 -17.080597615066715
24.965517 -3.1034484 -16.91117785747728
24.965517 -3.275862 -16.740868584844026
24.965517 -3.4482758 -16.56991234941056
24.965517 -3.6206896 -16.398498309912256
24.965517 -3.7931035 -16.22676567483288
24.965517 -3.9655173 -16.054814067178526
24.965517 -4.1379309 -15.882713106876354
24.965517 -4.3103447 -15.710510365312805
24.965517 -4.4827585 -15.538238857174695
24.965517 -4.6551723 -15.365920901647744
24.965517 -4.8275862 -15.193571521279093
24.965517 -5.0 -15.021201136273467

25.310345 0.0 -20.954245868177797
25.310345 -0.1724138 -20.704358394856325
25.310345 -0.34482759 -20.451373098585012
25.310345 -0.51724136 -20.198137640431202
25.310345 -0.68965518 -19.969347813780853
25.310345 -0.86206895 -19.758619600946762
25.310345 -1.0344827 -19.543578903663658
25.310345 -1.2068965 -19.327046729884387
25.310345 -1.3793104 -19.124720581465386
25.310345 -1.5517242 -18.940025870505867
25.310345 -1.7241379 -18.76683726208561
25.310345 -1.8965517 -18.599010384318554
25.310345 -2.0689654 -18.43310594697421
25.310345 -2.2413793 -18.26741462031054
25.310345 -2.4137931 -18.10105584721127
25.310345 -2.5862069 -17.933640176000065
25.310345 -2.7586207 -17.765104974630475
25.310345 -2.9310346 -17.595571016890204
25.310345 -3.1034484 -17.42523010188951
25.310345 -3.275862 -17.254276514832487
25.310345 -3.4482758 -17.082875826720237
25.310345 -3.6206896 -16.911157894125974
25.310345 -3.7931035 -16.739218654260217
25.310345 -3.9655173 -16.567127107404247
25.310345 -4.1379309 -16.39493159545362
25.310345 -4.3103447 -16.22266507308844
25.310345 -4.4827585 -16.050350587859533
25.310345 -4.6551723 -15.878003694385487
25.310345 -4.8275862 -15.705634838599714
25.310345 -5.0 -15.533251350820438

25.655172 0.0 -21.52037459671421
25.655172 -0.1724138 -21.240806809996364
25.655172 -0.34482759 -20.970629574506642
25.655172 -0.51724136 -20.726580383548296
25.655172 -0.68965518 -20.485879605655217
25.655172 -0.86206895 -20.24499123062521
25.655172 -1.0344827 -20.024386427030084
25.655172 -1.2068965 -19.82835290153756
25.655172 -1.3793104 -19.643574655933204
25.655172 -1.5517242 -19.460974726819558
25.655172 -1.7241379 -19.281330121805194
25.655172 -1.8965517 -19.106837617273495
25.655172 -2.0689654 -18.936928335932862
25.655172 -2.2413793 -18.769521473189755
25.655172 -2.4137931 -18.602724717964495
25.655172 -2.5862069 -18.435421043699456
25.655172 -2.7586207 -18.267167924456565
25.655172 -2.9310346 -18.09792322974082
25.655172 -3.1034484 -17.927823440498347
25.655172 -3.275862 -17.75705348547326
25.655172 -3.4482758 -17.585786101843553
25.655172 -3.6206896 -17.414162275797917
25.655172 -3.7931035 -17.24228834194812
25.655172 -3.9655173 -17.070241625060987
25.655172 -4.1379309 -16.898076671613996
25.655172 -4.3103447 -16.725830883914394
25.655172 -4.4827585 -16.553530424873358
25.655172 -4.6551723 -16.381193000390248
25.655172 -4.8275862 -16.208830528441013
25.655172 -5.0 -16.036451340649272

26.0 0.0 -22.047910021641457
26.0 -0.1724138 -21.787830901604323
26.0 -0.34482759 -21.53748706095764
26.0 -0.51724136 -21.267982639677925
26.0 -0.68965518 -21.005237870927896
26.0 -0.86206895 -20.770680938081597
26.0 -1.0344827 -20.55030873720366
26.0 -1.2068965 -20.333081733788575
26.0 -1.3793104 -20.127075370963208
26.0 -1.5517242 -19.93930941197013
26.0 -1.7241379 -19.766902405413013
26.0 -1.8965517 -19.602926190379215
26.0 -2.0689654 -19.441768325102437
26.0 -2.2413793 -19.28030106304873
26.0 -2.4137931 -19.117192888482908
26.0 -2.5862069 -18.952107807577857
26.0 -2.7586207 -18.785186929569957
26.0 -2.9310346 -18.616752917804877
26.0 -3.1034484 -18.44715577354328
26.0 -3.275862 -18.276703395779524
26.0 -3.4482758 -18.105639962210457
26.0 -3.6206896 -17.934148824734113
26.0 -3.7931035 -17.76236206484328
26.0 -3.9655173 -17.59037302719365
26.0 -4.1379309 -17.418246429720803
26.0 -4.3103447 -17.24602623766435
26.0 -4.4827585 -17.07374290020223
26.0 -4.6551723 -16.901416947627936
26.0 -4.8275862 -16.72906217075741
26.0 -5.0 -16.556688148539653
