# KROME file, XRAY H rate
# Distance = 8 kpc
# Xray rate including primary H ionization in 1/s
# first line indicates the size of the table (30x30)
# then first column is the parameter log10(nH), where nH is the H column density in cm-2
# second column is log10(xHe), where xHe = nHe/nH both in cm-2
# third column is log10(rate), where rate is in units of 1/s
30, 30
16.0 0.0 -17.925989959097954
16.0 -0.1724138 -18.085487277195252
16.0 -0.34482759 -18.239373511160604
16.0 -0.51724136 -18.385614580906772
16.0 -0.68965518 -18.52180381325968
16.0 -0.86206895 -18.645376929833013
16.0 -1.0344827 -18.754005363574535
16.0 -1.2068965 -18.846094141133367
16.0 -1.3793104 -18.921197899380612
16.0 -1.5517242 -18.98014765429001
16.0 -1.7241379 -19.024818071770255
16.0 -1.8965517 -19.0576617279398
16.0 -2.0689654 -19.081228099056016
16.0 -2.2413793 -19.097823477407935
16.0 -2.4137931 -19.109348638441574
16.0 -2.5862069 -19.117273007376273
16.0 -2.7586207 -19.12268330851231
16.0 -2.9310346 -19.126359113043414
16.0 -3.1034484 -19.12884809299214
16.0 -3.275862 -19.130529577005905
16.0 -3.4482758 -19.131663771514646
16.0 -3.6206896 -19.13242799964416
16.0 -3.7931035 -19.13294257485015
16.0 -3.9655173 -19.133288884990186
16.0 -4.1379309 -19.133521876800007
16.0 -4.3103447 -19.133678596042436
16.0 -4.4827585 -19.13378399579333
16.0 -4.6551723 -19.133854874196402
16.0 -4.8275862 -19.133902534806683
16.0 -5.0 -19.133934581656693

16.344828 0.0 -17.925990167519565
16.344828 -0.1724138 -18.0854874195541
16.344828 -0.34482759 -18.239373609102092
16.344828 -0.51724136 -18.38561464898358
16.344828 -0.68965518 -18.521803861255787
16.344828 -0.86206895 -18.645376964326307
16.344828 -1.0344827 -18.75400538898746
16.344828 -1.2068965 -18.846094160439375
16.344828 -1.3793104 -18.92119791457914
16.344828 -1.5517242 -18.980147666725728
16.344828 -1.7241379 -19.024818082347615
16.344828 -1.8965517 -19.05766173726721
16.344828 -2.0689654 -19.081228107542753
16.344828 -2.2413793 -19.0978234853293
16.344828 -2.4137931 -19.10934864598274
16.344828 -2.5862069 -19.11727301466178
16.344828 -2.7586207 -19.12268331562591
16.344828 -2.9310346 -19.126359120041425
16.344828 -3.1034484 -19.12884809991243
16.344828 -3.275862 -19.130529583873944
16.344828 -3.4482758 -19.13166377834755
16.344828 -3.6206896 -19.132428006453445
16.344828 -3.7931035 -19.13294258164355
16.344828 -3.9655173 -19.133288891772906
16.344828 -4.1379309 -19.133521883575547
16.344828 -4.3103447 -19.133678602813152
16.344828 -4.4827585 -19.133784002560798
16.344828 -4.6551723 -19.13385488096169
16.344828 -4.8275862 -19.133902541570503
16.344828 -5.0 -19.133934588419528

16.689655 0.0 -17.925990628591475
16.689655 -0.1724138 -18.08548773448151
16.689655 -0.34482759 -18.239373825769075
16.689655 -0.51724136 -18.38561479958368
16.689655 -0.68965518 -18.521803967433193
16.689655 -0.86206895 -18.645377040632674
16.689655 -1.0344827 -18.754005445206154
16.689655 -1.2068965 -18.8460942031483
16.689655 -1.3793104 -18.921197948201456
16.689655 -1.5517242 -18.980147694236134
16.689655 -1.7241379 -19.024818105746945
16.689655 -1.8965517 -19.057661757901393
16.689655 -2.0689654 -19.08122812631719
16.689655 -2.2413793 -19.097823502853014
16.689655 -2.4137931 -19.10934866266538
16.689655 -2.5862069 -19.117273030778843
16.689655 -2.7586207 -19.12268333136268
16.689655 -2.9310346 -19.12635913552249
16.689655 -3.1034484 -19.128848115221565
16.689655 -3.275862 -19.13052959906748
16.689655 -3.4482758 -19.131663793463364
16.689655 -3.6206896 -19.132428021517
16.689655 -3.7931035 -19.13294259667197
16.689655 -3.9655173 -19.133288906777707
16.689655 -4.1379309 -19.133521898564464
16.689655 -4.3103447 -19.133678617791393
16.689655 -4.4827585 -19.13378401753186
16.689655 -4.6551723 -19.13385489592792
16.689655 -4.8275862 -19.133902556533492
16.689655 -5.0 -19.133934603380332

17.034483 0.0 -17.925991648583853
17.034483 -0.1724138 -18.085488431170425
17.034483 -0.34482759 -18.239374305084386
17.034483 -0.51724136 -18.385615132744487
17.034483 -0.68965518 -18.52180420232118
17.034483 -0.86206895 -18.645377209439314
17.034483 -1.0344827 -18.75400556957441
17.034483 -1.2068965 -18.846094297629943
17.034483 -1.3793104 -18.9211980225815
17.034483 -1.5517242 -18.98014775509527
17.034483 -1.7241379 -19.024818157511476
17.034483 -1.8965517 -19.0576618035488
17.034483 -2.0689654 -19.081228167850416
17.034483 -2.2413793 -19.097823541619373
17.034483 -2.4137931 -19.109348699571083
17.034483 -2.5862069 -19.117273066433373
17.034483 -2.7586207 -19.12268336617591
17.034483 -2.9310346 -19.12635916977004
17.034483 -3.1034484 -19.128848149088775
17.034483 -3.275862 -19.130529632678957
17.034483 -3.4482758 -19.1316638269029
17.034483 -3.6206896 -19.132428054840936
17.034483 -3.7931035 -19.132942629918183
17.034483 -3.9655173 -19.13328893997166
17.034483 -4.1379309 -19.133521931723283
17.034483 -4.3103447 -19.133678650926587
17.034483 -4.4827585 -19.133784050651172
17.034483 -4.6551723 -19.13385492903656
17.034483 -4.8275862 -19.133902589634946
17.034483 -5.0 -19.133934636476962

17.379311 0.0 -17.92599390502331
17.379311 -0.1724138 -18.085489972395454
17.379311 -0.34482759 -18.239375365433105
17.379311 -0.51724136 -18.385615869768262
17.379311 -0.68965518 -18.521804721944374
17.379311 -0.86206895 -18.64537758287629
17.379311 -1.0344827 -18.75400584470405
17.379311 -1.2068965 -18.84609450664391
17.379311 -1.3793104 -18.921198187126368
17.379311 -1.5517242 -18.98014788972895
17.379311 -1.7241379 -19.024818272025904
17.379311 -1.8965517 -19.05766190453082
17.379311 -2.0689654 -19.081228259730977
17.379311 -2.2413793 -19.09782362737901
17.379311 -2.4137931 -19.109348781214553
17.379311 -2.5862069 -19.117273145308978
17.379311 -2.7586207 -19.12268344319038
17.379311 -2.9310346 -19.126359245533106
17.379311 -3.1034484 -19.12884822401043
17.379311 -3.275862 -19.130529707034885
17.379311 -3.4482758 -19.13166390087846
17.379311 -3.6206896 -19.132428128560758
17.379311 -3.7931035 -19.132942703466057
17.379311 -3.9655173 -19.133289013403928
17.379311 -4.1379309 -19.133522005077825
17.379311 -4.3103447 -19.133678724228872
17.379311 -4.4827585 -19.13378412391832
17.379311 -4.6551723 -19.133855002280086
17.379311 -4.8275862 -19.133902662862592
17.379311 -5.0 -19.13393470969393

17.724138 0.0 -17.925998896707647
17.724138 -0.1724138 -18.085493381892764
17.724138 -0.34482759 -18.239377711139223
17.724138 -0.51724136 -18.385617500215595
17.724138 -0.68965518 -18.52180587145785
17.724138 -0.86206895 -18.6453784089961
17.724138 -1.0344827 -18.754006453347877
17.724138 -1.2068965 -18.846094969026243
17.724138 -1.3793104 -18.921198551133855
17.724138 -1.5517242 -18.980148187566684
17.724138 -1.7241379 -19.02481852535568
17.724138 -1.8965517 -19.0576621279241
17.724138 -2.0689654 -19.08122846298994
17.724138 -2.2413793 -19.097823817097215
17.724138 -2.4137931 -19.10934896182694
17.724138 -2.5862069 -19.117273319798265
17.724138 -2.7586207 -19.122683613562444
17.724138 -2.9310346 -19.126359413136804
17.724138 -3.1034484 -19.12884838975276
17.724138 -3.275862 -19.130529871525713
17.724138 -3.4482758 -19.131664064527833
17.724138 -3.6206896 -19.132428291644377
17.724138 -3.7931035 -19.1329428661693
17.724138 -3.9655173 -19.13328917585143
17.724138 -4.1379309 -19.13352216735338
17.724138 -4.3103447 -19.13367888638882
17.724138 -4.4827585 -19.133784286000544
17.724138 -4.6551723 -19.13385516431005
17.724138 -4.8275862 -19.13390282485742
17.724138 -5.0 -19.133934871665133

18.068966 0.0 -17.926009939270024
18.068966 -0.1724138 -18.085500924387667
18.068966 -0.34482759 -18.239382900329186
18.068966 -0.51724136 -18.385621107111547
18.068966 -0.68965518 -18.521808414429344
18.068966 -0.86206895 -18.645380236552775
18.068966 -1.0344827 -18.754007799801204
18.068966 -1.2068965 -18.84609599191756
18.068966 -1.3793104 -18.92119935639862
18.068966 -1.5517242 -18.980148846449502
18.068966 -1.7241379 -19.02481908577714
18.068966 -1.8965517 -19.05766262211945
18.068966 -2.0689654 -19.08122891264375
18.068966 -2.2413793 -19.097824236795894
18.068966 -2.4137931 -19.109349361381536
18.068966 -2.5862069 -19.11727370580722
18.068966 -2.7586207 -19.122683990463198
18.068966 -2.9310346 -19.126359783913323
18.068966 -3.1034484 -19.128848756411525
18.068966 -3.275862 -19.130530235415865
18.068966 -3.4482758 -19.1316644265565
18.068966 -3.6206896 -19.132428652421485
18.068966 -3.7931035 -19.132943226104928
18.068966 -3.9655173 -19.133289535221294
18.068966 -4.1379309 -19.133522526342862
18.068966 -4.3103447 -19.133679245122558
18.068966 -4.4827585 -19.133784644562333
18.068966 -4.6551723 -19.133855522756228
18.068966 -4.8275862 -19.133903183225875
18.068966 -5.0 -19.13393522998133

18.413794 0.0 -17.92603436707349
18.413794 -0.1724138 -18.085517609680835
18.413794 -0.34482759 -18.23939437978366
18.413794 -0.51724136 -18.38562908627242
18.413794 -0.68965518 -18.521814039997537
18.413794 -0.86206895 -18.645384279486542
18.413794 -1.0344827 -18.75401077843877
18.413794 -1.2068965 -18.84609825477005
18.413794 -1.3793104 -18.921201137816116
18.413794 -1.5517242 -18.980150304039487
18.413794 -1.7241379 -19.02482032554984
18.413794 -1.8965517 -19.05766371538597
18.413794 -2.0689654 -19.08122990737491
18.413794 -2.2413793 -19.097825165259927
18.413794 -2.4137931 -19.10935024528257
18.413794 -2.5862069 -19.117274559742405
18.413794 -2.7586207 -19.122684824249088
18.413794 -2.9310346 -19.126360604151092
18.413794 -3.1034484 -19.12884956753994
18.413794 -3.275862 -19.130531040419523
18.413794 -3.4482758 -19.13166522744216
18.413794 -3.6206896 -19.132429450538417
18.413794 -3.7931035 -19.132944022360327
18.413794 -3.9655173 -19.133290330225112
18.413794 -4.1379309 -19.13352332050519
18.413794 -4.3103447 -19.13368003871912
18.413794 -4.4827585 -19.13378543777851
18.413794 -4.6551723 -19.13385631571666
18.413794 -4.8275862 -19.13390397601436
18.413794 -5.0 -19.133936022654208

18.758621 0.0 -17.926088402782288
18.758621 -0.1724138 -18.085554519311675
18.758621 -0.34482759 -18.239419773919963
18.758621 -0.51724136 -18.38564673744974
18.758621 -0.68965518 -18.521826484734298
18.758621 -0.86206895 -18.645393223199942
18.758621 -1.0344827 -18.754017367752773
18.758621 -1.2068965 -18.84610326064108
18.758621 -1.3793104 -18.92120507866435
18.758621 -1.5517242 -18.980153528520077
18.758621 -1.7241379 -19.024823068176698
18.758621 -1.8965517 -19.057666133912647
18.758621 -2.0689654 -19.081232107922055
18.758621 -2.2413793 -19.097827219211116
18.758621 -2.4137931 -19.109352200651585
18.758621 -2.5862069 -19.117276448821016
18.758621 -2.7586207 -19.122686668753463
18.758621 -2.9310346 -19.126362418684334
18.758621 -3.1034484 -19.128851361921477
18.758621 -3.275862 -19.130532821251876
18.758621 -3.4482758 -19.13166699916468
18.758621 -3.6206896 -19.13243121613597
18.758621 -3.7931035 -19.132945783839798
18.758621 -3.9655173 -19.133292088935825
18.758621 -4.1379309 -19.133525077354367
18.758621 -4.3103447 -19.133681794316708
18.758621 -4.4827585 -19.133787192534612
18.758621 -4.6551723 -19.133858069907
18.758621 -4.8275862 -19.133905729824313
18.758621 -5.0 -19.133937776208416

19.103449 0.0 -17.92620792369274
19.103449 -0.1724138 -18.08563616318255
19.103449 -0.34482759 -18.239475947402383
19.103449 -0.51724136 -18.3856857838502
19.103449 -0.68965518 -18.521854014301095
19.103449 -0.86206895 -18.6454130081882
19.103449 -1.0344827 -18.75403194451237
19.103449 -1.2068965 -18.84611433458627
19.103449 -1.3793104 -18.921213796601197
19.103449 -1.5517242 -18.9801606617241
19.103449 -1.7241379 -19.024829135430867
19.103449 -1.8965517 -19.05767148419547
19.103449 -2.0689654 -19.08123697599189
19.103449 -2.2413793 -19.097831762981937
19.103449 -2.4137931 -19.10935652633916
19.103449 -2.5862069 -19.117280627861046
19.103449 -2.7586207 -19.122690749186397
19.103449 -2.9310346 -19.12636643281513
19.103449 -3.1034484 -19.128855331472668
19.103449 -3.275862 -19.13053676082956
19.103449 -3.4482758 -19.13167091858958
19.103449 -3.6206896 -19.132435122011213
19.103449 -3.7931035 -19.132949680605016
19.103449 -3.9655173 -19.133295979576005
19.103449 -4.1379309 -19.133528963876447
19.103449 -4.3103447 -19.13368567807003
19.103449 -4.4827585 -19.133791074426394
19.103449 -4.6551723 -19.1338619505472
19.103449 -4.8275862 -19.13390960962303
19.103449 -5.0 -19.133941655441372

19.448277 0.0 -17.926472241481132
19.448277 -0.1724138 -18.08581673592143
19.448277 -0.34482759 -18.239600195842957
19.448277 -0.51724136 -18.385772153557458
19.448277 -0.68965518 -18.52191491101207
19.448277 -0.86206895 -18.64545677447286
19.448277 -1.0344827 -18.754064190167995
19.448277 -1.2068965 -18.84613883180896
19.448277 -1.3793104 -18.921233082108323
19.448277 -1.5517242 -18.980176441612098
19.448277 -1.7241379 -19.0248425572924
19.448277 -1.8965517 -19.057683320010668
19.448277 -2.0689654 -19.08124774507728
19.448277 -2.2413793 -19.097841814666072
19.448277 -2.4137931 -19.10936609558755
19.448277 -2.5862069 -19.1172898727008
19.448277 -2.7586207 -19.12269977589079
19.448277 -2.9310346 -19.12637531284805
19.448277 -3.1034484 -19.12886411288799
19.448277 -3.275862 -19.130545475938412
19.448277 -3.4482758 -19.13167958911707
19.448277 -3.6206896 -19.132443762564556
19.448277 -3.7931035 -19.13295830100543
19.448277 -3.9655173 -19.133304586426796
19.448277 -4.1379309 -19.133537561617302
19.448277 -4.3103447 -19.133694269685922
19.448277 -4.4827585 -19.133799661924243
19.448277 -4.6551723 -19.133870535276337
19.448277 -4.8275862 -19.13391819249066
19.448277 -5.0 -19.133950237057444

19.793104 0.0 -17.927056534680293
19.793104 -0.1724138 -18.086215998428617
19.793104 -0.34482759 -18.239874963641697
19.793104 -0.51724136 -18.385963175137483
19.793104 -0.68965518 -18.52204960425879
19.793104 -0.86206895 -18.64555358275408
19.793104 -1.0344827 -18.75413551784103
19.793104 -1.2068965 -18.84619302105621
19.793104 -1.3793104 -18.92127574336727
19.793104 -1.5517242 -18.98021134847179
19.793104 -1.7241379 -19.02487224813223
19.793104 -1.8965517 -19.05770950243333
19.793104 -2.0689654 -19.081271567820462
19.793104 -2.2413793 -19.09786405046057
19.793104 -2.4137931 -19.109387264192186
19.793104 -2.5862069 -19.117310323683682
19.793104 -2.7586207 -19.12271974433745
19.793104 -2.9310346 -19.12639495684309
19.793104 -3.1034484 -19.128883538731113
19.793104 -3.275862 -19.130564755104984
19.793104 -3.4482758 -19.13169876966516
19.793104 -3.6206896 -19.1324628768068
19.793104 -3.7931035 -19.13297737066736
19.793104 -3.9655173 -19.133323626115573
19.793104 -4.1379309 -19.13355658115397
19.793104 -4.3103447 -19.133713275673543
19.793104 -4.4827585 -19.133818658802333
19.793104 -4.6551723 -19.133889526029755
19.793104 -4.8275862 -19.133937179126235
19.793104 -5.0 -19.13396922092445

20.137932 0.0 -17.928347006735205
20.137932 -0.1724138 -18.0870982681352
20.137932 -0.34482759 -18.240482343148088
20.137932 -0.51724136 -18.386385531101052
20.137932 -0.68965518 -18.522347463142896
20.137932 -0.86206895 -18.645767686043882
20.137932 -1.0344827 -18.754293278925733
20.137932 -1.2068965 -18.846312881474393
20.137932 -1.3793104 -18.921370108238623
20.137932 -1.5517242 -18.980288562620512
20.137932 -1.7241379 -19.024937925376918
20.137932 -1.8965517 -19.05776741949646
20.137932 -2.0689654 -19.08132426548091
20.137932 -2.2413793 -19.09791323789184
20.137932 -2.4137931 -19.10943409105009
20.137932 -2.5862069 -19.11735556318836
20.137932 -2.7586207 -19.122763916485958
20.137932 -2.9310346 -19.126438411312396
20.137932 -3.1034484 -19.12892651065287
20.137932 -3.275862 -19.130607402580896
20.137932 -3.4482758 -19.131741198998657
20.137932 -3.6206896 -19.132505159472814
20.137932 -3.7931035 -19.133019554722377
20.137932 -3.9655173 -19.133365743870417
20.137932 -4.1379309 -19.133598654332648
20.137932 -4.3103447 -19.133755318881917
20.137932 -4.4827585 -19.133860681860554
20.137932 -4.6551723 -19.133931535540285
20.137932 -4.8275862 -19.133979179528154
20.137932 -5.0 -19.13401121520232

20.482758 0.0 -17.931191489597786
20.482758 -0.1724138 -18.089045206474324
20.482758 -0.34482759 -18.241823702681955
20.482758 -0.51724136 -18.387318761179998
20.482758 -0.68965518 -18.523005836267565
20.482758 -0.86206895 -18.646241040814825
20.482758 -1.0344827 -18.754642123385302
20.482758 -1.2068965 -18.846577947350475
20.482758 -1.3793104 -18.921578806761946
20.482758 -1.5517242 -18.98045933858647
20.482758 -1.7241379 -19.02508318964463
20.482758 -1.8965517 -19.057895522651627
20.482758 -2.0689654 -19.08144082586338
20.482758 -2.2413793 -19.098022035169997
20.482758 -2.4137931 -19.109537667678115
20.482758 -2.5862069 -19.11745562918313
20.482758 -2.7586207 -19.122861621869472
20.482758 -2.9310346 -19.12653452943748
20.482758 -3.1034484 -19.12902156154593
20.482758 -3.275862 -19.13070173590782
20.482758 -3.4482758 -19.13183504986648
20.482758 -3.6206896 -19.132598685960193
20.482758 -3.7931035 -19.133112863114384
20.482758 -3.9655173 -19.133458905627993
20.482758 -4.1379309 -19.133691717502188
20.482758 -4.3103447 -19.13384831576685
20.482758 -4.4827585 -19.133953634179868
20.482758 -4.6551723 -19.134024457896484
20.482758 -4.8275862 -19.13407208173905
20.482758 -5.0 -19.13410410386881

20.827587 0.0 -17.937434274079227
20.827587 -0.1724138 -18.09332888015443
20.827587 -0.34482759 -18.244779977809834
20.827587 -0.51724136 -18.38937789388219
20.827587 -0.68965518 -18.524459626790023
20.827587 -0.86206895 -18.64728682352366
20.827587 -1.0344827 -18.75541309416288
20.827587 -1.2068965 -18.847163898966816
20.827587 -1.3793104 -18.92204022612533
20.827587 -1.5517242 -18.98083695360619
20.827587 -1.7241379 -19.02540441682715
20.827587 -1.8965517 -19.058178814544938
20.827587 -2.0689654 -19.081698599970082
20.827587 -2.2413793 -19.098262646334216
20.827587 -2.4137931 -19.109766736427087
20.827587 -2.5862069 -19.117676936029685
20.827587 -2.7586207 -19.12307770939124
20.827587 -2.9310346 -19.126747107483148
20.827587 -3.1034484 -19.129231779891988
20.827587 -3.275862 -19.130910367673884
20.827587 -3.4482758 -19.13204261488415
20.827587 -3.6206896 -19.13280553375002
20.827587 -3.7931035 -19.133319228679362
20.827587 -3.9655173 -19.133664946973155
20.827587 -4.1379309 -19.13389754086161
20.827587 -4.3103447 -19.13405399256584
20.827587 -4.4827585 -19.134159212440753
20.827587 -4.6551723 -19.13422996990656
20.827587 -4.8275862 -19.134277549206253
20.827587 -5.0 -19.134309541388244

21.172413 0.0 -17.951005788541075
21.172413 -0.1724138 -18.102692382184454
21.172413 -0.34482759 -18.251265958415022
21.172413 -0.51724136 -18.393906906939126
21.172413 -0.68965518 -18.527662620126822
21.172413 -0.86206895 -18.649593524351705
21.172413 -1.0344827 -18.757114945519813
21.172413 -1.2068965 -18.848458006189244
21.172413 -1.3793104 -18.923059651871302
21.172413 -1.5517242 -18.981671423770408
21.172413 -1.7241379 -19.0261143905804
21.172413 -1.8965517 -19.05880501039738
21.172413 -2.0689654 -19.082268431251148
21.172413 -2.2413793 -19.098794562984846
21.172413 -2.4137931 -19.11027315269745
21.172413 -2.5862069 -19.118166203189656
21.172413 -2.7586207 -19.12355544458099
21.172413 -2.9310346 -19.127217088382125
21.172413 -3.1034484 -19.1296965468796
21.172413 -3.275862 -19.131371628970033
21.172413 -3.4482758 -19.132501519086105
21.172413 -3.6206896 -19.133262853152758
21.172413 -3.7931035 -19.133775482546046
21.172413 -3.9655173 -19.134120484434032
21.172413 -4.1379309 -19.13435259665394
21.172413 -4.3103447 -19.134508724513026
21.172413 -4.4827585 -19.134613726654504
21.172413 -4.6551723 -19.134684337729983
21.172413 -4.8275862 -19.13473181860603
21.172413 -5.0 -19.134763744614258

21.517242 0.0 -17.979913806241765
21.517242 -0.1724138 -18.12287231445968
21.517242 -0.34482759 -18.26535682509093
21.517242 -0.51724136 -18.40380005441898
21.517242 -0.68965518 -18.534685149785012
21.517242 -0.86206895 -18.65466361454969
21.517242 -1.0344827 -18.76086191286984
21.517242 -1.2068965 -18.851310491398934
21.517242 -1.3793104 -18.925308406718337
21.517242 -1.5517242 -18.983513135989465
21.517242 -1.7241379 -19.027681878799644
21.517242 -1.8965517 -19.060187856296416
21.517242 -2.0689654 -19.08352700371908
21.517242 -2.2413793 -19.099969518668754
21.517242 -2.4137931 -19.111391859960978
21.517242 -2.5862069 -19.11924707864684
21.517242 -2.7586207 -19.124610877886862
21.517242 -2.9310346 -19.128255413034697
21.517242 -3.1034484 -19.13072336741921
21.517242 -3.275862 -19.13239071426998
21.517242 -3.4482758 -19.13351540341853
21.517242 -3.6206896 -19.134273240560823
21.517242 -3.7931035 -19.134783518787756
21.517242 -3.9655173 -19.13512693987741
21.517242 -4.1379309 -19.135357989259212
21.517242 -4.3103447 -19.13551340252787
21.517242 -4.4827585 -19.135617924222228
21.517242 -4.6551723 -19.13568821227484
21.517242 -4.8275862 -19.135735475970463
21.517242 -5.0 -19.13576725596041

21.862068 0.0 -18.038897527277243
21.862068 -0.1724138 -18.165069459513795
21.862068 -0.34482759 -18.295326929919447
21.862068 -0.51724136 -18.42508948745565
21.862068 -0.68965518 -18.549918470975086
21.862068 -0.86206895 -18.665721669834944
21.862068 -1.0344827 -18.769064384525944
21.862068 -1.2068965 -18.85757045286645
21.862068 -1.3793104 -18.93025176227838
21.862068 -1.5517242 -18.987566305007096
21.862068 -1.7241379 -19.031134186340015
21.862068 -1.8965517 -19.063235068170226
21.862068 -2.0689654 -19.08630133047099
21.862068 -2.2413793 -19.10256012920048
21.862068 -2.4137931 -19.113858837549046
21.862068 -2.5862069 -19.12163088077964
21.862068 -2.7586207 -19.126938734055905
21.862068 -2.9310346 -19.130545643692358
21.862068 -3.1034484 -19.132988296099782
21.862068 -3.275862 -19.134638629263108
21.862068 -3.4482758 -19.135751878451263
21.862068 -3.6206896 -19.136502023630733
21.862068 -3.7931035 -19.137007130061555
21.862068 -3.9655173 -19.137347073874277
21.862068 -4.1379309 -19.1375757853173
21.862068 -4.3103447 -19.1377296266843
21.862068 -4.4827585 -19.13783309152411
21.862068 -4.6551723 -19.13790266901162
21.862068 -4.8275862 -19.13794945496689
21.862068 -5.0 -19.137980913754323

22.206898 0.0 -18.14944872708492
22.206898 -0.1724138 -18.24799140834949
22.206898 -0.34482759 -18.356295270303217
22.206898 -0.51724136 -18.469468803889775
22.206898 -0.68965518 -18.58221552009728
22.206898 -0.86206895 -18.689440838358625
22.206898 -1.0344827 -18.786798804735998
22.206898 -1.2068965 -18.87117836361901
22.206898 -1.3793104 -18.941037081538525
22.206898 -1.5517242 -18.99643137128186
22.206898 -1.7241379 -19.03869769226508
22.206898 -1.8965517 -19.069918600427766
22.206898 -2.0689654 -19.092390960039367
22.206898 -2.2413793 -19.108249411112276
22.206898 -2.4137931 -19.119278471540362
22.206898 -2.5862069 -19.12686900122053
22.206898 -2.7586207 -19.13205471631324
22.206898 -2.9310346 -19.135579462501884
22.206898 -3.1034484 -19.13796685285068
22.206898 -3.275862 -19.139580022018745
22.206898 -3.4482758 -19.140668280243926
22.206898 -3.6206896 -19.141401621184013
22.206898 -3.7931035 -19.14189542864923
22.206898 -3.9655173 -19.142227775375574
22.206898 -4.1379309 -19.14245137885285
22.206898 -4.3103447 -19.142601785866667
22.206898 -4.4827585 -19.142702941631715
22.206898 -4.6551723 -19.14277096662929
22.206898 -4.8275862 -19.14281670878216
22.206898 -5.0 -19.14284746578107

22.551723 0.0 -18.33190062537611
22.551723 -0.1724138 -18.3937269198901
22.551723 -0.34482759 -18.469928793864142
22.551723 -0.51724136 -18.556135569458167
22.551723 -0.68965518 -18.647482935031256
22.551723 -0.86206895 -18.7385457769931
22.551723 -1.0344827 -18.82413396480645
22.551723 -1.2068965 -18.900157718201218
22.551723 -1.3793104 -18.964186517300345
22.551723 -1.5517242 -19.015561016357953
22.551723 -1.7241379 -19.055077850124132
22.551723 -1.8965517 -19.084428424368298
22.551723 -2.0689654 -19.105633248108752
22.551723 -2.2413793 -19.120634874095455
22.551723 -2.4137931 -19.131085749653046
22.551723 -2.5862069 -19.138286582300882
22.551723 -2.7586207 -19.143209852280545
22.551723 -2.9310346 -19.14655794836454
22.551723 -3.1034484 -19.14882648048786
22.551723 -3.275862 -19.150359696272943
22.551723 -3.4482758 -19.151394180425257
22.551723 -3.6206896 -19.152091358772513
22.551723 -3.7931035 -19.152560849040377
22.551723 -3.9655173 -19.152876844746853
22.551723 -4.1379309 -19.15308945408604
22.551723 -4.3103447 -19.1532324689878
22.551723 -4.4827585 -19.153328654613613
22.551723 -4.6551723 -19.153393337937473
22.551723 -4.8275862 -19.15343683333029
22.551723 -5.0 -19.153466079738568

22.896551 0.0 -18.608992782201156
22.896551 -0.1724138 -18.621757202078093
22.896551 -0.34482759 -18.656334411502375
22.896551 -0.51724136 -18.707011448257724
22.896551 -0.68965518 -18.767681192299488
22.896551 -0.86206895 -18.833158008012298
22.896551 -1.0344827 -18.89850755053189
22.896551 -1.2068965 -18.959265076534543
22.896551 -1.3793104 -19.012182641593075
22.896551 -1.5517242 -19.055671141335853
22.896551 -1.7241379 -19.08968717779614
22.896551 -1.8965517 -19.115245850695967
22.896551 -2.0689654 -19.133857749289128
22.896551 -2.2413793 -19.147095993187357
22.896551 -2.4137931 -19.15635208500687
22.896551 -2.5862069 -19.162745421696112
22.896551 -2.7586207 -19.1671238715915
22.896551 -2.9310346 -19.170104797259963
22.896551 -3.1034484 -19.17212607403355
22.896551 -3.275862 -19.17349287299955
22.896551 -3.4482758 -19.17441538827182
22.896551 -3.6206896 -19.17503724940204
22.896551 -3.7931035 -19.175456084661842
22.896551 -3.9655173 -19.175738015745587
22.896551 -4.1379309 -19.175927718863367
22.896551 -4.3103447 -19.17605533154407
22.896551 -4.4827585 -19.17614116101533
22.896551 -4.6551723 -19.17619888121402
22.896551 -4.8275862 -19.176237694905517
22.896551 -5.0 -19.176263793577043

23.241379 0.0 -18.969750847354035
23.241379 -0.1724138 -18.95146483407807
23.241379 -0.34482759 -18.938589481859207
23.241379 -0.51724136 -18.941801524162386
23.241379 -0.68965518 -18.962474675020417
23.241379 -0.86206895 -18.99469400354748
23.241379 -1.0344827 -19.032100842471397
23.241379 -1.2068965 -19.069955938895035
23.241379 -1.3793104 -19.104917639481577
23.241379 -1.5517242 -19.13491857894512
23.241379 -1.7241379 -19.159138318589775
23.241379 -1.8965517 -19.177752442537976
23.241379 -2.0689654 -19.19152405243403
23.241379 -2.2413793 -19.20142763085466
23.241379 -2.4137931 -19.208404450362988
23.241379 -2.5862069 -19.213248217534144
23.241379 -2.7586207 -19.216577001508423
23.241379 -2.9310346 -19.218848629490218
23.241379 -3.1034484 -19.220391398383224
23.241379 -3.275862 -19.221435743882736
23.241379 -3.4482758 -19.222141128446967
23.241379 -3.6206896 -19.22261685388439
23.241379 -3.7931035 -19.222937368536414
23.241379 -3.9655173 -19.22315316430593
23.241379 -4.1379309 -19.22329838835458
23.241379 -4.3103447 -19.223396089805743
23.241379 -4.4827585 -19.223461806030986
23.241379 -4.6551723 -19.22350600208369
23.241379 -4.8275862 -19.223535722420152
23.241379 -5.0 -19.223555707044365

23.586206 0.0 -19.37527640693901
23.586206 -0.1724138 -19.32806650368645
23.586206 -0.34482759 -19.30124664739181
23.586206 -0.51724136 -19.277478170326695
23.586206 -0.68965518 -19.255451957387816
23.586206 -0.86206895 -19.243656920524657
23.586206 -1.0344827 -19.24405733765696
23.586206 -1.2068965 -19.25237805646439
23.586206 -1.3793104 -19.263822127369686
23.586206 -1.5517242 -19.275338525340977
23.586206 -1.7241379 -19.28543899240453
23.586206 -1.8965517 -19.293604805497363
23.586206 -2.0689654 -19.299852040658095
23.586206 -2.2413793 -19.304448259672405
23.586206 -2.4137931 -19.307737164244745
23.586206 -2.5862069 -19.31004505844297
23.586206 -2.7586207 -19.3116426943798
23.586206 -2.9310346 -19.312738349491458
23.586206 -3.1034484 -19.31348495116162
23.586206 -3.275862 -19.31399148986816
23.586206 -3.4482758 -19.314334143707374
23.586206 -3.6206896 -19.31456547348413
23.586206 -3.7931035 -19.314721437002696
23.586206 -3.9655173 -19.31482649278085
23.586206 -4.1379309 -19.31489721426715
23.586206 -4.3103447 -19.314944803117395
23.586206 -4.4827585 -19.314976816992758
23.586206 -4.6551723 -19.314998349293717
23.586206 -4.8275862 -19.315012829957293
23.586206 -5.0 -19.315022567500773

23.931034 0.0 -19.85735084043718
23.931034 -0.1724138 -19.78537398745204
23.931034 -0.34482759 -19.711097477554812
23.931034 -0.51724136 -19.656647645786506
23.931034 -0.68965518 -19.621487488895898
23.931034 -0.86206895 -19.5900139032296
23.931034 -1.0344827 -19.557421875906186
23.931034 -1.2068965 -19.52925054764227
23.931034 -1.3793104 -19.50904530995672
23.931034 -1.5517242 -19.495940941152863
23.931034 -1.7241379 -19.487662074430634
23.931034 -1.8965517 -19.482365082504533
23.931034 -2.0689654 -19.478903463048095
23.931034 -2.2413793 -19.47660525994728
23.931034 -2.4137931 -19.475066184006785
23.931034 -2.5862069 -19.474031507227608
23.931034 -2.7586207 -19.473334993360968
23.931034 -2.9310346 -19.472866014888297
23.931034 -3.1034484 -19.472550299266217
23.931034 -3.275862 -19.472337820092484
23.931034 -3.4482758 -19.472194857381016
23.931034 -3.6206896 -19.472098688095826
23.931034 -3.7931035 -19.47203400640091
23.931034 -3.9655173 -19.47199050767809
23.931034 -4.1379309 -19.47196125693522
23.931034 -4.3103447 -19.471941588292058
23.931034 -4.4827585 -19.47192836331514
23.931034 -4.6551723 -19.47191947121577
23.931034 -4.8275862 -19.471913492521452
23.931034 -5.0 -19.471909472736876

24.275862 0.0 -20.347391907581617
24.275862 -0.1724138 -20.262747521747198
24.275862 -0.34482759 -20.19349454678805
24.275862 -0.51724136 -20.11991799738019
24.275862 -0.68965518 -20.04099074897722
24.275862 -0.86206895 -19.975799433963726
24.275862 -1.0344827 -19.928746389811053
24.275862 -1.2068965 -19.889939629600775
24.275862 -1.3793104 -19.852813220816635
24.275862 -1.5517242 -19.81844612268755
24.275862 -1.7241379 -19.78963576784238
24.275862 -1.8965517 -19.7673680229031
24.275862 -2.0689654 -19.751029876806303
24.275862 -2.2413793 -19.7394132496563
24.275862 -2.4137931 -19.731311150705082
24.275862 -2.5862069 -19.72572893297868
24.275862 -2.7586207 -19.72191356580102
24.275862 -2.9310346 -19.719319734545817
24.275862 -3.1034484 -19.717562699384175
24.275862 -3.275862 -19.71637539818492
24.275862 -3.4482758 -19.715574407747514
24.275862 -3.6206896 -19.71503463574307
24.275862 -3.7931035 -19.714671166273657
24.275862 -3.9655173 -19.714426538621915
24.275862 -4.1379309 -19.714261951726684
24.275862 -4.3103447 -19.714151241817294
24.275862 -4.4827585 -19.714076784019465
24.275862 -4.6551723 -19.714026712721605
24.275862 -4.8275862 -19.713993043162606
24.275862 -5.0 -19.71397040375133

24.620689 0.0 -20.837340803279698
24.620689 -0.1724138 -20.773184864422326
24.620689 -0.34482759 -20.686078329455604
24.620689 -0.51724136 -20.597254352886917
24.620689 -0.68965518 -20.523087674222417
24.620689 -0.86206895 -20.448945690082965
24.620689 -1.0344827 -20.368502011580304
24.620689 -1.2068965 -20.294584255233946
24.620689 -1.3793104 -20.23615704652287
24.620689 -1.5517242 -20.1919227523507
24.620689 -1.7241379 -20.157616362125783
24.620689 -1.8965517 -20.13053485166293
24.620689 -2.0689654 -20.109449888263693
24.620689 -2.2413793 -20.093523054744658
24.620689 -2.4137931 -20.08185880298405
24.620689 -2.5862069 -20.07352888728103
24.620689 -2.7586207 -20.06769014715495
24.620689 -2.9310346 -20.06365127314333
24.620689 -3.1034484 -20.060882862201137
24.620689 -3.275862 -20.058997104074283
24.620689 -3.4482758 -20.05771802146093
24.620689 -3.6206896 -20.05685292796321
24.620689 -3.7931035 -20.0562689646645
24.620689 -3.9655173 -20.055875287826257
24.620689 -4.1379309 -20.055610125546384
24.620689 -4.3103447 -20.055431630032217
24.620689 -4.4827585 -20.05531152281351
24.620689 -4.6551723 -20.055230725960993
24.620689 -4.8275862 -20.05517638320661
24.620689 -5.0 -20.055139837558997

24.965517 0.0 -21.334221386278962
24.965517 -0.1724138 -21.24333275727586
24.965517 -0.34482759 -21.17285191202761
24.965517 -0.51724136 -21.107317089691744
24.965517 -0.68965518 -21.021095859215222
24.965517 -0.86206895 -20.928039916310954
24.965517 -1.0344827 -20.847814345296708
24.965517 -1.2068965 -20.776631879203045
24.965517 -1.3793104 -20.706717795623106
24.965517 -1.5517242 -20.640753724330352
24.965517 -1.7241379 -20.584787347305326
24.965517 -1.8965517 -20.541254836935494
24.965517 -2.0689654 -20.509178131992133
24.965517 -2.2413793 -20.486276729994085
24.965517 -2.4137931 -20.47023539764326
24.965517 -2.5862069 -20.459138316726847
24.965517 -2.7586207 -20.451527312435154
24.965517 -2.9310346 -20.446338857872355
24.965517 -3.1034484 -20.44281700957579
24.965517 -3.275862 -20.440433601901972
24.965517 -3.4482758 -20.438823986498686
24.965517 -3.6206896 -20.437738503335336
24.965517 -3.7931035 -20.43700719707566
24.965517 -3.9655173 -20.43651483327305
24.965517 -4.1379309 -20.436183490754885
24.965517 -4.3103447 -20.435960576924643
24.965517 -4.4827585 -20.435810640537404
24.965517 -4.6551723 -20.43570980422557
24.965517 -4.8275862 -20.435641995343325
24.965517 -5.0 -20.43559639916313

25.310345 0.0 -21.84627234185857
25.310345 -0.1724138 -21.762276942671036
25.310345 -0.34482759 -21.673157072537578
25.310345 -0.51724136 -21.57891407021895
25.310345 -0.68965518 -21.50152712625833
25.310345 -0.86206895 -21.434274371009703
25.310345 -1.0344827 -21.354903604011703
25.310345 -1.2068965 -21.26594016403766
25.310345 -1.3793104 -21.184632300196526
25.310345 -1.5517242 -21.118370340385077
25.310345 -1.7241379 -21.065501580606547
25.310345 -1.8965517 -21.023241757766563
25.310345 -2.0689654 -20.990021170259272
25.310345 -2.2413793 -20.96471776118788
25.310345 -2.4137931 -20.946065247507207
25.310345 -2.5862069 -20.93268180435113
25.310345 -2.7586207 -20.92327017845979
25.310345 -2.9310346 -20.91674534770324
25.310345 -3.1034484 -20.912266270842082
25.310345 -3.275862 -20.909212195020253
25.310345 -3.4482758 -20.90713926367907
25.310345 -3.6206896 -20.905736625456047
25.310345 -3.7931035 -20.904789516461367
25.310345 -3.9655173 -20.90415089607343
25.310345 -4.1379309 -20.903720692395325
25.310345 -4.3103447 -20.903431071670934
25.310345 -4.4827585 -20.90323617775039
25.310345 -4.6551723 -20.903105065982306
25.310345 -4.8275862 -20.903016879704726
25.310345 -5.0 -20.902957573083455

25.655172 0.0 -22.408301751366114
25.655172 -0.1724138 -22.29405796598646
25.655172 -0.34482759 -22.185102619980327
25.655172 -0.51724136 -22.097581804899182
25.655172 -0.68965518 -22.008433239352488
25.655172 -0.86206895 -21.911847248126854
25.655172 -1.0344827 -21.82628124710575
25.655172 -1.2068965 -21.756721633733804
25.655172 -1.3793104 -21.69248916226432
25.655172 -1.5517242 -21.627820412249886
25.655172 -1.7241379 -21.56704036418087
25.655172 -1.8965517 -21.515747214036914
25.655172 -2.0689654 -21.47587040918169
25.655172 -2.2413793 -21.446444694674238
25.655172 -2.4137931 -21.425417087366636
25.655172 -2.5862069 -21.41069195260384
25.655172 -2.7586207 -21.400515780477473
25.655172 -2.9310346 -21.393545286639128
25.655172 -3.1034484 -21.388799194714156
25.655172 -3.275862 -21.385580816976304
25.655172 -3.4482758 -21.383404434284564
25.655172 -3.6206896 -21.381935451343082
25.655172 -3.7931035 -21.380945198264882
25.655172 -3.9655173 -21.380278234674165
25.655172 -4.1379309 -21.379829276027078
25.655172 -4.3103447 -21.37952718207505
25.655172 -4.4827585 -21.379323963714448
25.655172 -4.6551723 -21.379187283070298
25.655172 -4.8275862 -21.379095365275486
25.655172 -5.0 -21.379033555539234

26.0 0.0 -22.933736711811306
26.0 -0.1724138 -22.837563875553943
26.0 -0.34482759 -22.74792667343498
26.0 -0.51724136 -22.634588162097383
26.0 -0.68965518 -22.52124786589517
26.0 -0.86206895 -22.428409747486405
26.0 -1.0344827 -22.342397610030943
26.0 -1.2068965 -22.252401586203394
26.0 -1.3793104 -22.16735981966282
26.0 -1.5517242 -22.097118609745745
26.0 -1.7241379 -22.042857398054856
26.0 -1.8965517 -22.00146640550612
26.0 -2.0689654 -21.96992155281422
26.0 -2.2413793 -21.946161815471896
26.0 -2.4137931 -21.928638545679917
26.0 -2.5862069 -21.916003015187812
26.0 -2.7586207 -21.907067210524524
26.0 -2.9310346 -21.900842055254085
26.0 -3.1034484 -21.896552581143276
26.0 -3.275862 -21.893619719437012
26.0 -3.4482758 -21.891625169814752
26.0 -3.6206896 -21.89027373334172
26.0 -3.7931035 -21.889360344803272
26.0 -3.9655173 -21.888744068989848
26.0 -4.1379309 -21.888328737988473
26.0 -4.3103447 -21.888049047943383
26.0 -4.4827585 -21.887860799445377
26.0 -4.6551723 -21.88773414139694
26.0 -4.8275862 -21.8876489430582
26.0 -5.0 -21.887591642407727
