# READ SERR 1
# @nh_3E23.pco
# !
0.100462645 4.62644297E-4 0
0.101392217 4.66925092E-4 0
0.102330387 4.71245497E-4 0
0.103277236 4.75605892E-4 0
0.104232848 4.80006624E-4 0
0.105197303 4.84448072E-4 0
0.106170684 4.88930615E-4 0
0.107153066 4.9345463E-4 0
0.108144544 4.98020498E-4 0
0.109145194 5.02628624E-4 0
0.110155098 5.07279416E-4 0
0.111174352 5.11973165E-4 0
0.112203032 5.16710395E-4 0
0.11324124 5.21491456E-4 0
0.114289045 5.26316755E-4 0
0.115346551 5.31186757E-4 0
0.116413839 5.36101754E-4 0
0.117490999 5.41062211E-4 0
0.118578129 5.46068593E-4 0
0.119675323 5.51121309E-4 0
0.120782666 5.56220766E-4 0
0.121900253 5.61367429E-4 0
0.123028181 5.66561706E-4 0
0.124166548 5.71804063E-4 0
0.125315443 5.77094906E-4 0
0.126474977 5.82434644E-4 0
0.127645239 5.87823859E-4 0
0.12882632 5.93262957E-4 0
0.130018339 5.98752347E-4 0
0.131221384 6.04292494E-4 0
0.13243556 6.0988398E-4 0
0.133660972 6.15527155E-4 0
0.134897724 6.21222542E-4 0
0.136145905 6.26970665E-4 0
0.137405649 6.32771931E-4 0
0.138677061 6.38626923E-4 0
0.139960214 6.44536049E-4 0
0.14125526 6.50499889E-4 0
0.14256227 6.56518852E-4 0
0.143881381 6.62593578E-4 0
0.145212695 6.68724475E-4 0
0.146556333 6.74912124E-4 0
0.147912413 6.81156991E-4 0
0.149281025 6.87459658E-4 0
0.150662303 6.9382065E-4 0
0.152056366 7.00240489E-4 0
0.153463319 7.06719758E-4 0
0.15488331 7.13258923E-4 0
0.156316414 7.19858625E-4 0
0.157762796 7.26519385E-4 0
0.159222558 7.33241788E-4 0
0.160695836 7.40026415E-4 0
0.162182733 7.46873789E-4 0
0.163683385 7.53784552E-4 0
0.165197939 7.60759227E-4 0
0.166726485 7.67798454E-4 0
0.168269187 7.74902757E-4 0
0.169826165 7.82072893E-4 0
0.171397552 7.89309328E-4 0
0.172983468 7.96612701E-4 0
0.174584061 8.03983654E-4 0
0.176199466 8.11422826E-4 0
0.177829832 8.18930799E-4 0
0.179475263 8.26508272E-4 0
0.181135923 8.34155886E-4 0
0.182811961 8.41874222E-4 0
0.184503496 8.49663978E-4 0
0.186210692 8.57525854E-4 0
0.187933668 8.65460432E-4 0
0.189672604 8.73468467E-4 0
0.191427618 8.81550543E-4 0
0.193198875 8.89707415E-4 0
0.194986522 8.97939783E-4 0
0.19679071 9.06248344E-4 0
0.198611602 9.1463374E-4 0
0.200449333 9.23096726E-4 0
0.202304065 9.3163806E-4 0
0.204175964 9.40258382E-4 0
0.206065178 9.48958506E-4 0
0.207971871 9.57739132E-4 0
0.209896207 9.66600957E-4 0
0.211838365 9.75544797E-4 0
0.213798478 9.84571408E-4 0
0.215776727 9.93681489E-4 0
0.217773288 1.00287597E-3 0
0.219788313 1.01215544E-3 0
0.221821994 1.02152082E-3 0
0.223874494 1.03097281E-3 0
0.225945979 1.04051235E-3 0
0.228036627 1.05014001E-3 0
0.230146617 1.05985685E-3 0
0.232276142 1.06966356E-3 0
0.234425366 1.07956107E-3 0
0.236594483 1.08955009E-3 0
0.238783658 1.09963166E-3 0
0.240993097 1.10980636E-3 0
0.243222982 1.12007535E-3 0
0.245473489 1.13043922E-3 0
0.247744828 1.14089902E-3 0
0.250037193 1.15145568E-3 0
0.252350748 1.1621099E-3 0
0.25468573 1.17286283E-3 0
0.257042319 1.18371518E-3 0
0.259420693 1.194668E-3 0
0.261821091 1.2057221E-3 0
0.264243692 1.21687853E-3 0
0.266688704 1.22813811E-3 0
0.269156337 1.23950199E-3 0
0.271646798 1.25097099E-3 0
0.274160326 1.26254605E-3 0
0.276697099 1.27422821E-3 0
0.279257357 1.28601852E-3 0
0.281841278 1.29791792E-3 0
0.28444913 1.30992744E-3 0
0.287081093 1.32204802E-3 0
0.289737433 1.33428071E-3 0
0.292418331 1.34662667E-3 0
0.295124054 1.35908683E-3 0
0.297854811 1.37166237E-3 0
0.300610811 1.3843542E-3 0
0.303392321 1.39716349E-3 0
0.30619958 1.4100913E-3 0
0.309032828 1.42313866E-3 0
0.311892271 1.43630686E-3 0
0.314778179 1.44959684E-3 0
0.31769079 1.46300974E-3 0
0.320630342 1.47654687E-3 0
0.323597074 1.49020914E-3 0
0.326591283 1.50399783E-3 0
0.329613209 1.51791424E-3 0
0.332663089 1.53195928E-3 0
0.335741162 1.54613436E-3 0
0.338847756 1.56044052E-3 0
0.34198308 1.57487905E-3 0
0.345147401 1.58945133E-3 0
0.348341018 1.60415831E-3 0
0.351564169 1.61900138E-3 0
0.354817152 1.63398182E-3 0
0.358100235 1.64910092E-3 0
0.361413687 1.66435982E-3 0
0.364757806 1.67975994E-3 0
0.368132889 1.69530255E-3 0
0.371539176 1.71098905E-3 0
0.374976993 1.7268206E-3 0
0.378446609 1.74279872E-3 0
0.381948322 1.75892457E-3 0
0.38548243 1.77519966E-3 0
0.389049262 1.7916254E-3 0
0.392649084 1.80820317E-3 0
0.396282226 1.82493427E-3 0
0.399948984 1.84182019E-3 0
0.403649688 1.85886235E-3 0
0.407384604 1.87606213E-3 0
0.411154091 1.89342117E-3 0
0.414958447 1.91094074E-3 0
0.418798 1.92862249E-3 0
0.422673106 1.94646779E-3 0
0.426584035 1.96447829E-3 0
0.430531174 1.98265538E-3 0
0.434514821 2.00100057E-3 0
0.438535362 2.01951573E-3 0
0.442593068 2.03820202E-3 0
0.446688324 2.0570613E-3 0
0.450821489 2.07609497E-3 0
0.45499289 2.0953049E-3 0
0.459202886 2.11469247E-3 0
0.463451833 2.13425956E-3 0
0.467740089 2.15400755E-3 0
0.472068042 2.17393832E-3 0
0.476436049 2.19405349E-3 0
0.480844438 2.21435493E-3 0
0.485293657 2.23484403E-3 0
0.489784002 2.25552288E-3 0
0.494315922 2.27639289E-3 0
0.498889774 2.29745614E-3 0
0.503505945 2.31871428E-3 0
0.508164823 2.34016893E-3 0
0.512866795 2.36182241E-3 0
0.517612338 2.38367589E-3 0
0.52240175 2.40573194E-3 0
0.527235448 2.42799171E-3 0
0.53211391 2.45045777E-3 0
0.537037492 2.47313152E-3 0
0.542006612 2.49601505E-3 0
0.547021747 2.51911045E-3 0
0.552083313 2.54241959E-3 0
0.55719167 2.56594433E-3 0
0.562347293 2.58968677E-3 0
0.5675506 2.61364877E-3 0
0.572802126 2.63783243E-3 0
0.578102171 2.66224006E-3 0
0.583451271 2.68687354E-3 0
0.588849902 2.71173473E-3 0
0.594298482 2.73682619E-3 0
0.599797428 2.76214979E-3 0
0.605347276 2.78770761E-3 0
0.610948503 2.81350198E-3 0
0.616601527 2.83953501E-3 0
0.622306883 2.86580878E-3 0
0.62806499 2.89232587E-3 0
0.633876443 2.91908812E-3 0
0.6397416 2.9460981E-3 0
0.645661056 2.97335815E-3 0
0.651635289 3.00087035E-3 0
0.657664835 3.02863703E-3 0
0.663750112 3.05666053E-3 0
0.669891715 3.08494363E-3 0
0.676090121 3.1134882E-3 0
0.682345927 3.1422968E-3 0
0.688659608 3.17137223E-3 0
0.695031703 3.20071657E-3 0
0.701462746 3.2303324E-3 0
0.707953274 3.26022226E-3 0
0.714503884 3.29038873E-3 0
0.721115112 3.32083437E-3 0
0.727787495 3.35156173E-3 0
0.734521627 3.38257337E-3 0
0.741318107 3.41387186E-3 0
0.748177409 3.44546E-3 0
0.75510025 3.47734056E-3 0
0.762087107 3.5095159E-3 0
0.769138575 3.54198902E-3 0
0.776255369 3.57476273E-3 0
0.783437967 3.60783958E-3 0
0.790687025 3.6412226E-3 0
0.798003137 3.67491436E-3 0
0.805386961 3.70891788E-3 0
0.81283915 3.74323619E-3 0
0.820360243 3.77787184E-3 0
0.827950954 3.8128281E-3 0
0.83561188 3.84810776E-3 0
0.843343675 3.88371386E-3 1.40129846E-45
0.851147056 3.9196494E-3 1.26116862E-44
0.859022617 3.95591743E-3 5.18480432E-44
0.866971076 3.9925212E-3 1.40129846E-45
0.874993026 4.02946351E-3 0
0.883089244 4.06674761E-3 0
0.891260386 4.10437677E-3 4.20389539E-45
0.899507105 4.14235424E-3 4.06376555E-44
0.907830179 4.18068282E-3 4.1058045E-43
0.916230202 4.21936624E-3 4.02172659E-42
0.924708009 4.25840775E-3 3.74609118E-41
0.933264196 4.29781014E-3 3.32528126E-40
0.941899598 4.33757715E-3 2.81112663E-39
0.95061487 4.3777125E-3 2.26886182E-38
0.959410787 4.41821897E-3 1.75258336E-37
0.968288124 4.45909984E-3 1.2947066E-36
0.977247596 4.50035976E-3 9.15489048E-36
0.986289918 4.54200106E-3 6.20139277E-35
0.995415986 4.58402745E-3 4.02748425E-34
1.00462639 4.62644314E-3 2.50979909E-33
1.0139221 4.66925092E-3 1.50195191E-32
1.02330387 4.71245497E-3 8.36717819E-32
1.0327723 4.75605903E-3 4.48476344E-31
1.04232848 4.80006589E-3 2.38974879E-30
1.05197299 4.84448066E-3 1.22663486E-29
1.06170678 4.88930615E-3 6.06944484E-29
1.0715307 4.93454607E-3 2.89715234E-28
1.08144546 4.98020509E-3 1.24762541E-27
1.09145188 5.02628647E-3 5.19573143E-27
1.10155094 5.07279392E-3 2.24091841E-26
1.11174357 5.11973212E-3 9.34999976E-26
1.12203038 5.1671043E-3 3.77655646E-25
1.13241231 5.21491468E-3 1.47762335E-24
1.14289045 5.2631679E-3 5.6039527E-24
1.15346551 5.31186722E-3 2.06145463E-23
1.16413832 5.36101731E-3 7.35996748E-23
1.17491007 5.41062234E-3 2.55191303E-22
1.18578136 5.46068605E-3 8.59826883E-22
1.19675326 5.51121309E-3 2.8168828E-21
1.20782661 5.56220813E-3 8.97832742E-21
1.21900249 5.61367441E-3 2.78578048E-20
1.23028183 5.66561706E-3 8.41910114E-20
1.24166548 5.71804028E-3 2.47968146E-19
1.25315452 5.77094872E-3 7.12156651E-19
1.26474977 5.82434656E-3 1.99543281E-18
1.2764523 5.87823894E-3 5.45773437E-18
1.2882632 5.93262957E-3 1.45789326E-17
1.30018342 5.98752312E-3 3.80540603E-17
1.31221378 6.04292518E-3 3.2025836E-17
1.3243556 6.09883992E-3 2.70048E-17
1.33660972 6.15527155E-3 6.89896159E-17
1.34897721 6.21222565E-3 1.72426156E-16
1.36145914 6.26970641E-3 4.2179967E-16
1.37405658 6.32771943E-3 1.01039945E-15
1.38677049 6.38626935E-3 2.37115566E-15
1.39960217 6.44536037E-3 5.45383254E-15
1.41255248 6.50499901E-3 1.23000644E-14
1.4256227 6.56518899E-3 2.72122074E-14
1.43881381 6.6259359E-3 5.90819033E-14
1.45212698 6.68724487E-3 1.25937997E-13
1.46556342 6.74912101E-3 2.63661732E-13
1.47912407 6.81156991E-3 5.42375986E-13
1.49281025 6.8745967E-3 1.09668611E-12
1.50662303 6.9382065E-3 2.18052486E-12
1.5205636 7.00240489E-3 4.26480422E-12
1.53463328 7.06719747E-3 8.20833679E-12
1.54883301 7.13258935E-3 1.55519833E-11
1.56316423 7.19858659E-3 2.7023524E-11
1.57762802 7.26519385E-3 4.63225985E-11
1.59222555 7.33241811E-3 8.41395426E-11
1.60695827 7.40026403E-3 1.50645565E-10
1.62182724 7.46873813E-3 2.65952871E-10
1.63683391 7.53784506E-3 4.63108052E-10
1.65197933 7.60759227E-3 7.95655375E-10
1.66726494 7.67798442E-3 1.349169E-9
1.68269193 7.74902804E-3 2.2585871E-9
1.69826162 7.82072823E-3 3.73390918E-9
1.71397543 7.89309293E-3 6.09778006E-9
1.72983468 7.96612725E-3 9.83973436E-9
1.74584067 8.03983677E-3 1.56934696E-8
1.76199472 8.11422803E-3 2.47454874E-8
1.77829826 8.18930846E-3 3.85858918E-8
1.79475272 8.26508272E-3 5.95153047E-8
1.81135929 8.34155921E-3 9.08254663E-8
1.82811964 8.41874257E-3 1.37174453E-7
1.84503496 8.49664025E-3 1.01318548E-7
1.86210692 8.57525878E-3 7.51981233E-8
1.87933671 8.65460467E-3 1.13330742E-7
1.89672601 8.73468444E-3 1.69124505E-7
1.91427624 8.81550554E-3 2.49965638E-7
1.93198884 8.8970745E-3 3.65985244E-7
1.94986522 8.97939783E-3 5.30944988E-7
1.96790719 9.06248298E-3 7.63358173E-7
1.98611593 9.1463374E-3 1.08790141E-6
2.00449324 9.23096761E-3 1.53716678E-6
2.02304053 9.31638014E-3 2.15380987E-6
2.04175949 9.40258428E-3 2.99317389E-6
2.06065178 9.48958471E-3 4.12645932E-6
2.07971883 9.57739074E-3 5.64448965E-6
2.09896207 9.66600981E-3 7.66215635E-6
2.11838365 9.75544844E-3 1.0323658E-5
2.13798475 9.84571408E-3 1.38085288E-5
2.1577673 9.93681513E-3 1.8338611E-5
2.17773294 1.00287599E-2 2.41859361E-5
2.19788313 1.01215541E-2 3.16815531E-5
2.21822 1.02152079E-2 4.12255795E-5
2.23874497 1.03097279E-2 5.32981794E-5
2.25945973 1.04051232E-2 6.84711558E-5
2.28036618 1.05014006E-2 8.74213729E-5
2.30146623 1.05985682E-2 1.10944624E-4
2.32276154 1.06966365E-2 1.39969896E-4
2.34425378 1.0795611E-2 1.75575507E-4
2.36594486 1.08955018E-2 2.19004432E-4
2.38783669 1.09963166E-2 2.71681085E-4
2.40993094 1.10980636E-2 3.35227523E-4
2.43222976 1.1200753E-2 4.11480723E-4
2.45473504 1.13043925E-2 5.02508017E-4
2.47744823 1.14089902E-2 4.85546567E-4
2.50037193 1.15145566E-2 4.68946178E-4
2.5235076 1.16210999E-2 5.6935742E-4
2.54685736 1.17286285E-2 6.87994238E-4
2.57042313 1.18371518E-2 8.27504438E-4
2.59420681 1.194668E-2 9.90805915E-4
2.61821079 1.20572206E-2 1.181097E-3
2.64243674 1.21687846E-2 1.40186481E-3
2.66688704 1.22813815E-2 1.65689131E-3
2.69156337 1.23950196E-2 1.95026177E-3
2.7164681 1.25097092E-2 2.28636153E-3
2.74160314 1.26254605E-2 2.66987458E-3
2.76697087 1.27422819E-2 3.10578221E-3
2.79257345 1.28601855E-2 3.5993543E-3
2.81841278 1.29791787E-2 4.14017681E-3
2.84449124 1.30992737E-2 4.74563474E-3
2.87081099 1.32204797E-2 5.44200698E-3
2.89737439 1.33428071E-2 6.21936144E-3
2.92418337 1.34662669E-2 7.08418107E-3
2.95124054 1.35908686E-2 8.04313086E-3
2.97854805 1.37166232E-2 9.10302997E-3
3.00610828 1.3843542E-2 1.02708153E-2
3.03392339 1.39716342E-2 1.1553512E-2
3.06199598 1.4100913E-2 1.295821E-2
3.09032822 1.42313866E-2 1.44919986E-2
3.11892271 1.43630682E-2 1.61619559E-2
3.14778161 1.44959679E-2 1.79751124E-2
3.17690778 1.46300979E-2 1.99383851E-2
3.20630336 1.47654684E-2 2.12405939E-2
3.23597097 1.49020916E-2 2.25862581E-2
3.26591301 1.50399785E-2 2.48975419E-2
3.29613209 1.51791414E-2 2.73785591E-2
3.32663083 1.53195923E-2 3.00353169E-2
3.35741186 1.54613433E-2 3.28735001E-2
3.38847756 1.56044057E-2 3.58984806E-2
3.4198308 1.57487914E-2 3.91152948E-2
3.45147395 1.58945136E-2 4.25285436E-2
3.48341012 1.60415825E-2 4.61424328E-2
3.51564169 1.61900129E-2 4.99607436E-2
3.54817152 1.6339818E-2 5.39867356E-2
3.58100224 1.64910089E-2 5.82232326E-2
3.61413693 1.66435987E-2 6.2672548E-2
3.64757824 1.67976003E-2 6.73364624E-2
3.68132877 1.6953025E-2 7.22162351E-2
3.71539164 1.71098895E-2 7.73126036E-2
3.74976969 1.72682051E-2 8.26257765E-2
3.78446603 1.74279865E-2 8.81554037E-2
3.81948328 1.7589245E-2 9.39005762E-2
3.85482454 1.77519973E-2 9.98599008E-2
3.89049268 1.79162547E-2 0.106031448
3.92649102 1.8082032E-2 0.112412781
3.96282244 1.82493422E-2 0.119000971
3.99949002 1.84182022E-2 0.125792578
4.03649664 1.8588623E-2 0.130098566
4.07384586 1.87606215E-2 0.134426743
4.11154079 1.89342108E-2 0.141637385
4.14958429 1.91094074E-2 0.149036378
4.18798018 1.92862246E-2 0.156618491
4.22673082 1.94646772E-2 0.164378166
4.26584053 1.96447819E-2 0.172309518
4.30531168 1.98265538E-2 0.180406198
4.34514809 2.00100057E-2 0.188661739
4.38535357 2.01951563E-2 0.197069392
4.4259305 2.03820206E-2 0.205622032
4.46688318 2.05706116E-2 0.214312449
4.50821495 2.07609497E-2 0.223133191
4.54992867 2.0953048E-2 0.23207663
4.59202862 2.11469252E-2 0.241135105
4.63451815 2.13425942E-2 0.250300735
4.67740107 2.15400755E-2 0.259565622
4.72068024 2.17393842E-2 0.268921822
4.76436043 2.19405349E-2 0.27836132
4.8084445 2.21435484E-2 0.287876099
4.85293627 2.23484412E-2 0.297458202
4.89784002 2.25552283E-2 0.3070997
4.9431591 2.27639284E-2 0.316792667
4.9888978 2.297456E-2 0.326529264
5.03505945 2.31871419E-2 0.336301774
5.08164835 2.34016906E-2 0.346102536
5.12866831 2.36182231E-2 0.355924189
5.17612314 2.38367599E-2 0.365759313
5.22401714 2.40573194E-2 0.375600696
5.2723546 2.42799185E-2 0.385441363
5.32113886 2.45045777E-2 0.395274401
5.37037468 2.47313157E-2 0.405093193
5.42006636 2.49601509E-2 0.414891243
5.4702177 2.51911059E-2 0.424662292
5.52083302 2.54241955E-2 0.43440032
5.57191658 2.56594419E-2 0.444099396
5.62347269 2.58968659E-2 0.453753918
5.67550611 2.61364877E-2 0.463358521
5.72802114 2.63783261E-2 0.47290808
5.7810216 2.66224016E-2 0.482397556
5.83451271 2.68687345E-2 0.491822273
5.88849878 2.71173492E-2 0.501177669
5.94298458 2.73682624E-2 0.510459602
5.9979744 2.76214983E-2 0.51824671
6.053473 2.78770756E-2 0.52593857
6.10948515 2.81350203E-2 0.534992278
6.16601562 2.83953492E-2 0.543958902
6.22306871 2.86580883E-2 0.552835286
6.28065014 2.89232582E-2 0.561618507
6.33876419 2.9190883E-2 0.570305645
6.39741611 2.94609815E-2 0.578894258
6.45661068 2.97335815E-2 0.587381959
6.51635313 3.00087035E-2 0.595766544
6.57664824 3.02863698E-2 0.604045987
6.63750124 3.05666067E-2 0.612218499
6.69891691 3.08494344E-2 0.620282471
6.76090145 3.11348811E-2 0.628236532
6.82345915 3.1422969E-2 0.636079311
6.8865962 3.17137241E-2 0.643809736
6.95031691 3.20071653E-2 0.651426911
7.01462746 3.23033258E-2 0.658930004
7.0795331 3.26022245E-2 0.666318357
7.14503908 3.29038873E-2 0.534207702
7.21115112 3.32083441E-2 0.430498391
7.27787542 3.35156173E-2 0.439587176
7.34521675 3.38257328E-2 0.448642552
7.41318083 3.41387205E-2 0.4576599
7.48177433 3.4454599E-2 0.46663484
7.5510025 3.47734056E-2 0.47556302
7.62087107 3.5095159E-2 0.484440476
7.69138575 3.54198925E-2 0.493072599
7.76255369 3.57476287E-2 0.501644135
7.83437967 3.60783972E-2 0.510348976
7.90686989 3.64122242E-2 0.51898855
7.98003149 3.67491432E-2 0.527559638
8.0538702 3.70891802E-2 0.536059201
8.12839127 3.74323614E-2 0.544484317
8.20360279 3.77787165E-2 0.552832246
8.27950954 3.81282791E-2 0.561100304
8.35611916 3.84810753E-2 0.565021157
8.43343735 3.88371386E-2 0.568868458
8.51147079 3.9196495E-2 0.576965451
8.59022617 3.95591743E-2 0.584976196
8.66971111 3.99252102E-2 0.592898726
8.74993038 4.0294636E-2 0.600731373
8.83089256 4.06674743E-2 0.608472407
8.91260433 4.10437658E-2 0.61612016
8.99507141 4.14235406E-2 0.623673439
9.07830143 4.18068282E-2 0.631130993
9.16230202 4.21936624E-2 0.638491571
9.24707985 4.25840765E-2 0.645754337
9.3326416 4.29781005E-2 0.652918279
9.41899586 4.33757715E-2 0.659982741
9.50614834 4.37771231E-2 0.666947126
9.59410763 4.41821888E-2 0.67381078
9.68288136 4.45910022E-2 0.680573404
9.7724762 4.50035967E-2 0.6872347
9.86289978 4.54200096E-2 0.693794429
9.95415974 4.58402745E-2 0.700252354
10.0462646 4.62644286E-2 0.706608653
10.1392212 4.66925092E-2 0.712863266
10.2330389 4.71245497E-2 0.719016373
10.3277235 4.75605875E-2 0.725068092
10.4232845 4.80006598E-2 0.731018901
10.5197306 4.84448075E-2 0.736869097
10.6170683 4.88930605E-2 0.742619038
10.7153063 4.93454635E-2 0.74826932
10.8144541 4.980205E-2 0.753820479
10.9145193 5.0262861E-2 0.759273052
11.0155096 5.07279374E-2 0.764627874
11.1174355 5.11973202E-2 0.76988554
11.2203035 5.1671043E-2 0.775046825
11.3241234 5.21491468E-2 0.780112565
11.4289045 5.26316799E-2 0.785083652
11.5346546 5.31186722E-2 0.78996098
11.6413841 5.36101758E-2 0.794745386
11.7490997 5.41062243E-2 0.79943794
11.8578129 5.46068624E-2 0.804039598
11.9675322 5.51121347E-2 0.808551371
12.0782661 5.56220785E-2 0.812974334
12.1900253 5.61367422E-2 0.817309499
12.3028183 5.66561706E-2 0.821557999
12.4166546 5.71804047E-2 0.825720906
12.5315447 5.7709489E-2 0.829799354
12.6474972 5.82434684E-2 0.833794534
12.7645235 5.87823875E-2 0.837707579
12.8826323 5.93262948E-2 0.841539621
13.0018339 5.9875235E-2 0.845291853
13.122138 6.04292527E-2 0.848965466
13.243556 6.09883964E-2 0.852561593
13.3660965 6.15527146E-2 0.856081486
13.4897718 6.21222556E-2 0.859526336
13.6145916 6.26970679E-2 0.862897277
13.7405653 6.32771924E-2 0.86619556
13.8677053 6.38626888E-2 0.869422436
13.9960213 6.44536093E-2 0.872578979
14.1255255 6.5049991E-2 0.87566638
14.2562275 6.56518862E-2 0.878685951
14.3881388 6.62593544E-2 0.881638765
14.5212698 6.68724477E-2 0.884526074
14.6556339 6.7491211E-2 0.88734895
14.7912407 6.81156963E-2 0.890108705
14.9281025 6.87459633E-2 0.892806351
15.0662308 6.9382064E-2 0.895443082
15.205637 7.00240508E-2 0.898020089
15.3463326 7.06719756E-2 0.900538385
15.4883308 7.13258907E-2 0.902999222
15.6316423 7.19858631E-2 0.905403554
15.7762804 7.26519376E-2 0.907752633
15.9222565 7.33241811E-2 0.910047472
16.069582 7.40026385E-2 0.912289083
16.2182732 7.46873766E-2 0.9144786
16.3683395 7.53784552E-2 0.916617095
16.5197926 7.6075919E-2 0.918705463
16.6726494 7.67798424E-2 0.920744896
16.8269196 7.74902776E-2 0.922736287
16.9826164 7.82072842E-2 0.924680591
17.1397552 7.89309293E-2 0.926578939
17.2983475 7.96612725E-2 0.928432167
17.4584064 8.03983659E-2 0.930241227
17.6199474 8.1142284E-2 0.932007134
17.7829819 8.1893079E-2 0.933730721
17.9475269 8.26508328E-2 0.935413003
18.1135921 8.34155902E-2 0.937054753
18.2811966 8.41874257E-2 0.938656867
18.4503498 8.49663988E-2 0.940220296
18.621069 8.5752584E-2 0.941745818
18.7933674 8.65460411E-2 0.943234265
18.9672604 8.73468444E-2 0.944686472
19.1427631 8.81550536E-2 0.946103215
19.3198872 8.89707431E-2 0.947485328
19.4986534 8.97939801E-2 0.948833585
19.6790714 9.06248316E-2 0.950148702
19.8611603 9.14633721E-2 0.951431513
20.0449333 9.23096761E-2 0.952682674
20.2304058 9.31638032E-2 0.9539029
20.4175968 9.40258428E-2 0.955092967
20.6065178 9.48958471E-2 0.956253469
20.7971878 9.5773913E-2 0.957385182
20.9896221 9.66600925E-2 0.958488703
21.183836 9.75544825E-2 0.959564745
21.3798485 9.84571427E-2 0.960613906
21.577673 9.9368155E-2 0.961636841
21.7773285 0.100287594 0.962634146
21.9788322 0.101215549 0.963606417
22.1821995 0.102152079 0.96455425
22.3874493 0.103097282 0.965478241
22.5945969 0.104051232 0.966378927
22.8036633 0.105014004 0.967256904
23.0146618 0.105985686 0.968112648
23.2276134 0.106966361 0.968946755
23.4425373 0.107956111 0.969759643
23.6594486 0.108955011 0.970551968
23.8783665 0.109963164 0.971324146
24.0993099 0.110980637 0.972076654
24.322298 0.112007529 0.97280997
24.5473499 0.113043919 0.97352457
24.7744827 0.114089906 0.974220932
25.0037193 0.115145564 0.974899471
25.235075 0.116210997 0.975560606
25.4685726 0.11728628 0.976204813
25.7042313 0.118371516 0.976832449
25.9420681 0.119466797 0.977443993
26.1821079 0.120572209 0.978039801
26.4243679 0.121687852 0.978620231
26.668869 0.122813813 0.9791857
26.9156342 0.123950198 0.979736567
27.1646805 0.125097096 0.980273187
27.4160328 0.126254603 0.980795979
27.6697102 0.127422825 0.981305182
27.9257355 0.128601849 0.981801212
28.1841278 0.129791796 0.982284367
28.444912 0.13099274 0.982755005
28.7081108 0.132204801 0.983213365
28.9737434 0.133428082 0.983659804
29.2418346 0.134662673 0.98409462
29.5124054 0.135908693 0.984518111
29.7854805 0.137166232 0.984930575
30.0610809 0.138435423 0.985332251
30.3392334 0.139716342 0.985723436
30.6199589 0.141009122 0.986104369
30.9032822 0.142313868 0.986475348
31.1892262 0.143630683 0.986836612
31.4778175 0.144959673 0.987188399
31.7690773 0.146300972 0.987530947
32.0630341 0.147654682 0.987864494
32.3597107 0.14902091 0.98818928
32.6591301 0.150399789 0.988505542
32.961319 0.151791424 0.98881346
33.2663078 0.153195933 0.989113271
33.5741158 0.154613435 0.989405215
33.8847733 0.156044051 0.98968941
34.198307 0.157487914 0.989966154
34.51474 0.158945128 0.990235567
34.8341026 0.160415828 0.990497828
35.1564178 0.161900133 0.990753174
35.4817162 0.163398176 0.991001785
35.8100243 0.164910093 0.99124378
36.1413689 0.166435987 0.991479397
36.4757805 0.167975992 0.991708755
36.8132858 0.169530258 0.991932034
37.1539154 0.171098903 0.992149353
37.4976997 0.172682062 0.99236089
37.8446579 0.174279869 0.992566824
38.1948318 0.175892457 0.992767334
38.5482445 0.177519977 0.99296242
38.9049263 0.179162547 0.99315238
39.2649117 0.180820316 0.993337274
39.6282234 0.182493418 0.99351722
39.9948997 0.184182018 0.993692338
40.3649673 0.185886234 0.993862808
40.7384605 0.187606215 0.994028747
41.1154099 0.189342111 0.994190216
41.4958458 0.191094071 0.994347394
41.8797989 0.192862242 0.994500399
42.2673111 0.194646776 0.994649231
42.6584053 0.196447819 0.99479413
43.0531158 0.198265538 0.994935155
43.4514847 0.200100064 0.995072365
43.8535347 0.201951563 0.995205939
44.2593079 0.203820199 0.995335877
44.6688347 0.20570612 0.995462418
45.0821495 0.207609504 0.995585501
45.4992867 0.209530488 0.995705247
45.9202881 0.211469248 0.995821834
46.3451843 0.213425949 0.995935261
46.7740097 0.215400755 0.996045649
47.2068062 0.21739383 0.996153057
47.6436043 0.219405353 0.996257544
48.084446 0.221435487 0.996359289
48.5293655 0.223484397 0.996458232
48.9784012 0.225552276 0.996554494
49.431591 0.227639288 0.996648192
49.8889771 0.229745612 0.996739388
50.3505936 0.231871426 0.996828079
50.8164825 0.234016895 0.996914446
51.2866821 0.236182228 0.996998429
51.7612305 0.238367602 0.997080147
52.2401733 0.240573183 0.9971596
52.7235451 0.242799178 0.997236967
53.2113914 0.245045781 0.997312248
53.7037506 0.247313157 0.997385502
54.2006645 0.249601513 0.997456729
54.7021751 0.251911044 0.99752605
55.2083282 0.254241943 0.997593462
55.7191658 0.256594419 0.997659087
56.2347298 0.258968651 0.997722924
56.7550621 0.261364877 0.997785032
57.2802086 0.263783246 0.997845471
57.8102188 0.266223997 0.997904241
58.3451309 0.268687338 0.997961402
58.8849907 0.271173477 0.998017073
59.4298477 0.273682624 0.998071194
59.979744 0.276214987 0.998123825
60.534729 0.278770775 0.998175025
61.0948486 0.281350195 0.998224854
61.6601524 0.283953488 0.998273373
62.23069 0.28658089 0.99832052
62.8065033 0.289232582 0.998366356
63.3876419 0.29190883 0.998411
63.9741631 0.294609815 0.998454392
64.5661087 0.297335804 0.998496652
65.1635284 0.300087035 0.998537719
65.7664795 0.302863687 0.998577654
66.3750076 0.305666059 0.998616517
66.9891739 0.308494359 0.998654366
67.6090164 0.311348826 0.998691142
68.2345963 0.314229697 0.998726904
68.8659592 0.317137212 0.998761714
69.5031662 0.320071667 0.998795569
70.1462708 0.323033243 0.998828471
70.7953262 0.326022238 0.998860478
71.4503937 0.329038888 0.998891652
72.1115112 0.332083434 0.998921931
72.7787552 0.335156173 0.998951435
73.4521637 0.338257343 0.998980105
74.131813 0.341387182 0.999008
74.8177414 0.34454602 0.99903512
75.510025 0.347734064 0.999061465
76.2087097 0.350951582 0.999087155
76.9138565 0.354198903 0.99911207
77.6255341 0.357476264 0.999136388
78.3437958 0.360783964 0.999159992
79.0687027 0.364122242 0.99918294
79.8003159 0.367491424 0.999205291
80.5386963 0.37089178 0.999226987
81.2839127 0.374323606 0.999248147
82.036026 0.377787173 0.999268711
82.7950974 0.381282806 0.999288678
83.5611877 0.384810776 0.999308109
84.3343735 0.388371378 0.999327004
85.1147079 0.391964942 0.999345422
85.9022598 0.395591736 0.999363303
86.6971054 0.399252117 0.999380708
87.4993057 0.402946353 0.999397635
88.3089294 0.406674773 0.999414086
89.1260376 0.410437673 0.99943006
89.9507141 0.414235413 0.999445617
90.7830124 0.41806829 0.999460757
91.623024 0.421936631 0.999475479
92.4707947 0.425840765 0.999489844
93.326416 0.42978102 0.999503732
94.1899567 0.433757722 0.999517262
95.0614853 0.437771231 0.999530435
95.9410782 0.441821873 0.99954325
96.8288116 0.445910007 0.999555707
97.724762 0.450035959 0.999567866
98.6289978 0.454200089 0.999579608
99.5415955 0.458402753 0.999591112
100.462646 0.462644309 0.999798357
101.392212 0.466925085 1
102.330383 0.471245497 1
103.277237 0.475605875 1
104.232849 0.480006605 1
105.197304 0.484448045 1
106.170685 0.488930613 1
107.153069 0.493454605 1
108.144539 0.4980205 1
109.145187 0.502628624 1
110.155098 0.507279396 1
111.174355 0.511973202 1
112.203033 0.516710401 1
113.241234 0.521491468 1
114.289047 0.526316762 1
115.34655 0.531186759 1
116.413834 0.536101758 1
117.491005 0.541062236 1
118.578133 0.546068609 1
119.675323 0.551121354 1
120.782661 0.55622077 1
121.900253 0.561367452 1
123.028183 0.566561699 1
124.16655 0.571804047 1
125.315445 0.577094853 1
126.474976 0.582434654 1
127.645233 0.587823868 1
128.826324 0.593262911 1
130.018341 0.59875232 1
131.221375 0.604292512 1
132.435562 0.609883964 1
133.660965 0.615527153 1
134.89772 0.621222556 1
136.145905 0.626970649 1
137.405655 0.632771969 1
138.677048 0.638626933 1
139.96022 0.644536078 1
141.255249 0.65049988 1
142.562271 0.656518877 1
143.881378 0.662593603 1
145.212708 0.668724477 1
146.556335 0.674912095 1
147.912415 0.681156993 1
149.281021 0.687459648 1
150.662308 0.693820655 1
152.056366 0.700240493 1
153.463333 0.706719756 1
154.883301 0.713258922 1
156.316422 0.719858646 1
157.762802 0.726519406 1
159.222565 0.733241796 1
160.695831 0.740026414 1
162.182724 0.746873796 1
163.683395 0.753784537 1
165.197937 0.760759234 1
166.726486 0.767798424 1
168.269196 0.774902761 1
169.826172 0.782072842 1
171.397552 0.789309323 1
172.983475 0.79661268 1
174.584061 0.803983629 1
176.199478 0.811422825 1
177.829834 0.818930805 1
179.475266 0.826508284 1
181.135925 0.834155917 1
182.811966 0.841874242 1
184.503494 0.849664032 1
186.210693 0.857525826 1
187.93367 0.865460455 1
189.672607 0.873468459 1
191.427628 0.88155055 1
193.198883 0.889707446 1
194.986526 0.897939801 1
196.79071 0.906248331 1
198.611603 0.914633751 1
200.449326 0.923096716 1
202.304062 0.931638062 1
204.175964 0.940258384 1
206.06517 0.948958516 1
207.971878 0.957739115 1
209.89621 0.966600955 1
211.838364 0.97554481 1
213.798477 0.984571397 1
215.776733 0.99368155 1
217.773285 1.00287592 1
219.788315 1.01215541 1
221.821991 1.02152085 1
223.874481 1.03097284 1
225.945969 1.04051232 1
228.036621 1.05014002 1
230.146622 1.05985689 1
232.276138 1.06966364 1
234.425369 1.07956111 1
236.594482 1.08955014 1
238.783661 1.09963167 1
240.993103 1.10980642 1
243.222977 1.12007535 1
245.473495 1.13043928 1
247.744827 1.14089906 1
250.037186 1.15145564 1
252.350754 1.16210997 1
254.68573 1.17286277 1
257.042297 1.18371522 1
259.420685 1.19466794 1
261.821075 1.20572209 1
264.243683 1.21687853 1
266.68869 1.22813809 1
269.156342 1.23950195 1
271.64682 1.25097096 1
274.160339 1.26254606 1
276.697113 1.27422822 1
279.257355 1.28601849 1
281.841278 1.29791784 1
284.449127 1.30992734 1
287.081116 1.32204795 1
289.737427 1.33428073 1
292.418335 1.34662664 1
295.124054 1.35908687 1
297.854797 1.37166238 1
300.610809 1.38435423 1
303.392334 1.39716351 1
306.199585 1.41009128 1
309.032806 1.42313862 1
311.892273 1.43630683 1
314.778168 1.44959676 1
317.690765 1.46300972 1
320.630341 1.47654676 1
323.597076 1.4902091 1
326.591309 1.50399792 1
329.61322 1.51791418 1
332.663086 1.5319593 1
335.74118 1.54613435 1
338.847748 1.56044054 1
341.983063 1.57487905 1
345.1474 1.58945131 1
348.341003 1.60415828 1
351.564178 1.61900139 1
354.817139 1.63398182 1
358.10022 1.6491009 1
361.413696 1.66435981 1
364.757812 1.67975998 1
368.132874 1.69530261 1
371.539154 1.710989 1
374.97699 1.72682059 1
378.446594 1.74279869 1
381.948334 1.7589246 1
385.482452 1.77519977 1
389.049255 1.79162538 1
392.649109 1.8082031 1
396.282227 1.82493424 1
399.949005 1.84182012 1
403.649658 1.85886228 1
407.384583 1.87606215 1
411.154083 1.89342117 1
414.958435 1.91094077 1
418.798004 1.92862248 1
422.673096 1.94646776 1
426.584045 1.96447825 1
430.531189 1.98265529 1
434.514832 2.00100064 1
438.535339 2.01951551 1
442.593079 2.03820205 1
446.688324 2.0570612 1
450.821472 2.0760951 1
454.992889 2.09530497 1
459.202881 2.11469245 1
463.451843 2.13425946 1
467.740112 2.15400743 1
472.068054 2.17393827 1
476.436035 2.19405365 1
480.844452 2.21435475 1
485.29364 2.23484397 1
489.784027 2.25552273 1
494.315918 2.27639294 1
498.889771 2.29745603 1
503.505951 2.31871414 1
508.164825 2.34016895 1
512.866821 2.36182237 1
517.612305 2.38367605 1
522.401733 2.40573192 1
527.235474 2.42799187 1
532.113892 2.45045781 1
537.037476 2.47313166 1
542.006653 2.49601507 1
547.02179 2.51911044 1
552.083313 2.54241943 1
557.19165 2.56594419 1
562.34729 2.58968663 1
567.550598 2.61364865 1
572.802124 2.63783264 1
578.102173 2.66224003 1
583.451294 2.68687344 1
588.849915 2.71173477 1
594.298462 2.73682618 1
599.797424 2.76214981 1
605.34729 2.78770757 1
610.948486 2.81350183 1
616.601562 2.839535 1
622.306885 2.86580896 1
628.065002 2.89232588 1
633.876404 2.91908813 1
639.741638 2.94609809 1
645.661072 2.97335815 1
651.635315 3.00087023 1
657.664795 3.02863693 1
663.750122 3.05666065 1
669.891724 3.08494353 1
676.090149 3.1134882 1
682.345947 3.14229703 1
688.659607 3.17137218 1
695.031677 3.2007165 1
701.462708 3.23033237 1
707.953308 3.26022243 1
714.503906 3.29038882 1
721.115112 3.3208344 1
727.787537 3.35156178 1
734.521667 3.38257337 1
741.318115 3.413872 1
748.177429 3.44546008 1
755.10022 3.47734046 1
762.087097 3.509516 1
769.138611 3.54198909 1
776.255371 3.57476282 1
783.437927 3.60783958 1
790.687012 3.64122248 1
798.003174 3.67491436 1
805.386963 3.70891786 1
812.839111 3.74323606 1
820.360229 3.77787185 1
827.950928 3.81282806 1
835.611877 3.84810781 1
843.343689 3.88371372 1
851.147034 3.91964936 1
859.022644 3.95591736 1
866.971069 3.99252105 1
874.993042 4.02946329 1
883.089294 4.06674767 1
891.260376 4.10437679 1
899.507141 4.14235401 1
907.830139 4.18068266 1
916.230225 4.21936607 1
924.708008 4.25840759 1
933.264221 4.29781008 1
941.899597 4.33757734 1
950.614868 4.37771225 1
959.410828 4.41821861 1
968.288147 4.45910025 1
977.247559 4.50035954 1
986.289917 4.54200077 1
995.415955 4.58402777 1
