# READ SERR 1
# @nh_3E20.pco
# !
0.100462645 4.62644297E-4 1.09008873E-8
0.101392217 4.66925092E-4 1.71474106E-8
0.102330387 4.71245497E-4 2.66868039E-8
0.103277236 4.75605892E-4 4.11018881E-8
0.104232848 4.80006624E-4 6.25698036E-8
0.105197303 4.84448072E-4 9.43048519E-8
0.106170684 4.88930615E-4 1.39375686E-7
0.107153066 4.9345463E-4 2.04028112E-7
0.108144544 4.98020498E-4 2.99104528E-7
0.109145194 5.02628624E-4 4.34527834E-7
0.110155098 5.07279416E-4 6.25696146E-7
0.111174352 5.11973165E-4 8.93198717E-7
0.112203032 5.16710395E-4 1.26431996E-6
0.11324124 5.21491456E-4 1.77489858E-6
0.114289045 5.26316755E-4 2.47160528E-6
0.115346551 5.31186757E-4 3.4147015E-6
0.116413839 5.36101754E-4 4.68137205E-6
0.117490999 5.41062211E-4 6.36967343E-6
0.118578129 5.46068593E-4 8.60316777E-6
0.119675323 5.51121309E-4 1.15363764E-5
0.120782666 5.56220766E-4 1.53610708E-5
0.121900253 5.61367429E-4 2.03134659E-5
0.123028181 5.66561706E-4 2.66824045E-5
0.124166548 5.71804063E-4 3.48185604E-5
0.125315443 5.77094906E-4 4.51372616E-5
0.126474977 5.82434644E-4 5.81476415E-5
0.127645239 5.87823859E-4 7.44622739E-5
0.12882632 5.93262957E-4 9.47844674E-5
0.130018339 5.98752347E-4 1.19948316E-4
0.131221384 6.04292494E-4 1.50926498E-4
0.13243556 6.0988398E-4 1.88846199E-4
0.133660972 6.15527155E-4 2.35005573E-4
0.134897724 6.21222542E-4 2.90890603E-4
0.136145905 6.26970665E-4 3.58192337E-4
0.137405649 6.32771931E-4 4.38823627E-4
0.138677061 6.38626923E-4 5.34936262E-4
0.139960214 6.44536049E-4 6.48936781E-4
0.14125526 6.50499889E-4 7.83501659E-4
0.14256227 6.56518852E-4 9.41591396E-4
0.143881381 6.62593578E-4 1.12646294E-3
0.145212695 6.68724475E-4 1.34167995E-3
0.146556333 6.74912124E-4 1.59112178E-3
0.147912413 6.81156991E-4 1.87898905E-3
0.149281025 6.87459658E-4 2.20980635E-3
0.150662303 6.9382065E-4 2.58842367E-3
0.152056366 7.00240489E-4 3.02001182E-3
0.153463319 7.06719758E-4 3.51005793E-3
0.15488331 7.13258923E-4 4.06435411E-3
0.156316414 7.19858625E-4 4.6811793E-3
0.157762796 7.26519385E-4 5.37232962E-3
0.159222558 7.33241788E-4 6.1542755E-3
0.160695836 7.40026415E-4 7.02606235E-3
0.162182733 7.46873789E-4 7.99471512E-3
0.163683385 7.53784552E-4 9.06743109E-3
0.165197939 7.60759227E-4 1.025155E-2
0.166726485 7.67798454E-4 1.15545122E-2
0.168269187 7.74902757E-4 1.29838241E-2
0.169826165 7.82072893E-4 1.44028673E-2
0.171397552 7.89309328E-4 1.59323979E-2
0.172983468 7.96612701E-4 1.77519061E-2
0.174584061 8.03983654E-4 1.97252072E-2
0.176199466 8.11422826E-4 2.18594577E-2
0.177829832 8.18930799E-4 2.41616424E-2
0.179475263 8.26508272E-4 2.66385246E-2
0.181135923 8.34155886E-4 2.92966068E-2
0.182811961 8.41874222E-4 3.21420804E-2
0.184503496 8.49663978E-4 3.51807997E-2
0.186210692 8.57525854E-4 3.84182408E-2
0.187933668 8.65460432E-4 4.18594629E-2
0.189672604 8.73468467E-4 4.55090851E-2
0.191427618 8.81550543E-4 4.93712462E-2
0.193198875 8.89707415E-4 5.34495935E-2
0.194986522 8.97939783E-4 5.77472411E-2
0.19679071 9.06248344E-4 6.22667708E-2
0.198611602 9.1463374E-4 6.70101941E-2
0.200449333 9.23096726E-4 7.19789714E-2
0.202304065 9.3163806E-4 7.71739632E-2
0.204175964 9.40258382E-4 8.25954601E-2
0.206065178 9.48958506E-4 8.82431641E-2
0.207971871 9.57739132E-4 9.4116196E-2
0.209896207 9.66600957E-4 0.100194611
0.211838365 9.75544797E-4 0.106492735
0.213798478 9.84571408E-4 0.113028817
0.215776727 9.93681489E-4 0.11978098
0.217773288 1.00287597E-3 0.126745567
0.219788313 1.01215544E-3 0.133918419
0.221821994 1.02152082E-3 0.141294882
0.223874494 1.03097281E-3 0.148869842
0.225945979 1.04051235E-3 0.156637728
0.228036627 1.05014001E-3 0.164592549
0.230146617 1.05985685E-3 0.172728002
0.232276142 1.06966356E-3 0.181037351
0.234425366 1.07956107E-3 0.189358205
0.236594483 1.08955009E-3 0.197824806
0.238783658 1.09963166E-3 0.206599057
0.240993097 1.10980636E-3 0.215517327
0.243222982 1.12007535E-3 0.224571645
0.245473489 1.13043922E-3 0.233753815
0.247744828 1.14089902E-3 0.243055522
0.250037193 1.15145568E-3 0.251878589
0.252350748 1.1621099E-3 0.260776222
0.25468573 1.17286283E-3 0.270371825
0.257042319 1.18371518E-3 0.280053526
0.259420693 1.194668E-3 0.289812714
0.261821091 1.2057221E-3 0.299640805
0.264243692 1.21687853E-3 0.309529275
0.266688704 1.22813811E-3 0.319469631
0.269156337 1.23950199E-3 0.329453558
0.271646798 1.25097099E-3 0.339472711
0.274160326 1.26254605E-3 0.349518985
0.276697099 1.27422821E-3 0.359584391
0.279257357 1.28601852E-3 0.369655788
0.281841278 1.29791792E-3 0.379730523
0.28444913 1.30992744E-3 0.389806747
0.287081093 1.32204802E-3 0.399871826
0.289737433 1.33428071E-3 0.391275048
0.292418331 1.34662667E-3 0.383385897
0.295124054 1.35908683E-3 0.39311409
0.297854811 1.37166237E-3 0.40283069
0.300610811 1.3843542E-3 0.412529349
0.303392321 1.39716349E-3 0.422203988
0.30619958 1.4100913E-3 0.431848675
0.309032828 1.42313866E-3 0.441457778
0.311892271 1.43630686E-3 0.451025724
0.314778179 1.44959684E-3 0.460547239
0.31769079 1.46300974E-3 0.470017225
0.320630342 1.47654687E-3 0.479430884
0.323597074 1.49020914E-3 0.488783509
0.326591283 1.50399783E-3 0.497992486
0.329613209 1.51791424E-3 0.507129371
0.332663089 1.53195928E-3 0.516271293
0.335741162 1.54613436E-3 0.525335848
0.338847756 1.56044052E-3 0.534319401
0.34198308 1.57487905E-3 0.543218672
0.345147401 1.58945133E-3 0.552030385
0.348341018 1.60415831E-3 0.560751677
0.351564169 1.61900138E-3 0.568965197
0.354817152 1.63398182E-3 0.577074587
0.358100235 1.64910092E-3 0.585505724
0.361413687 1.66435982E-3 0.593837082
0.364757806 1.67975994E-3 0.602066696
0.368132889 1.69530255E-3 0.610192716
0.371539176 1.71098905E-3 0.618213475
0.374976993 1.7268206E-3 0.626127541
0.378446609 1.74279872E-3 0.633933604
0.381948322 1.75892457E-3 0.641630471
0.38548243 1.77519966E-3 0.649217188
0.389049262 1.7916254E-3 0.656692803
0.392649084 1.80820317E-3 0.664056718
0.396282226 1.82493427E-3 0.671308279
0.399948984 1.84182019E-3 0.678447008
0.403649688 1.85886235E-3 0.677836895
0.407384604 1.87606213E-3 0.677187443
0.411154091 1.89342117E-3 0.684122324
0.414958447 1.91094074E-3 0.690948129
0.418798 1.92862249E-3 0.697664797
0.422673106 1.94646779E-3 0.704272211
0.426584035 1.96447829E-3 0.710770547
0.430531174 1.98265538E-3 0.717159867
0.434514821 2.00100057E-3 0.723440468
0.438535362 2.01951573E-3 0.729612768
0.442593068 2.03820202E-3 0.735621274
0.446688324 2.0570613E-3 0.741521835
0.450821489 2.07609497E-3 0.747371733
0.45499289 2.0953049E-3 0.753115416
0.459202886 2.11469247E-3 0.758753598
0.463451833 2.13425956E-3 0.764287055
0.467740089 2.15400755E-3 0.769716561
0.472068042 2.17393832E-3 0.775042951
0.476436049 2.19405349E-3 0.780267298
0.480844438 2.21435493E-3 0.785390437
0.485293657 2.23484403E-3 0.79041338
0.489784002 2.25552288E-3 0.795186937
0.494315922 2.27639289E-3 0.799873054
0.498889774 2.29745614E-3 0.804640174
0.503505945 2.31871428E-3 0.809337556
0.508164823 2.34016893E-3 0.813955247
0.512866795 2.36182241E-3 0.818464398
0.517612338 2.38367589E-3 0.822717309
0.52240175 2.40573194E-3 0.824068487
0.527235448 2.42799171E-3 0.822269201
0.53211391 2.45045777E-3 0.828624368
0.537037492 2.47313152E-3 0.837517679
0.542006612 2.49601505E-3 0.801709831
0.547021747 2.51911045E-3 0.748342812
0.552083313 2.54241959E-3 0.738387525
0.55719167 2.56594433E-3 0.751353025
0.562347293 2.58968677E-3 0.759759128
0.5675506 2.61364877E-3 0.766830862
0.572802126 2.63783243E-3 0.773894727
0.578102171 2.66224006E-3 0.780333281
0.583451271 2.68687354E-3 0.785837948
0.588849902 2.71173473E-3 0.790542305
0.594298482 2.73682619E-3 0.794869363
0.599797428 2.76214979E-3 0.799126387
0.605347276 2.78770761E-3 0.803313792
0.610948503 2.81350198E-3 0.807432055
0.616601527 2.83953501E-3 0.811481535
0.622306883 2.86580878E-3 0.815462768
0.62806499 2.89232587E-3 0.819376349
0.633876443 2.91908812E-3 0.823222756
0.6397416 2.9460981E-3 0.827002525
0.645661056 2.97335815E-3 0.830716252
0.651635289 3.00087035E-3 0.834364533
0.657664835 3.02863703E-3 0.837947965
0.663750112 3.05666053E-3 0.841467202
0.669891715 3.08494363E-3 0.8449229
0.676090121 3.1134882E-3 0.848315656
0.682345927 3.1422968E-3 0.851646185
0.688659608 3.17137223E-3 0.854915142
0.695031703 3.20071657E-3 0.858123243
0.701462746 3.2303324E-3 0.860928059
0.707953274 3.26022226E-3 0.849525273
0.714503884 3.29038873E-3 0.845888853
0.721115112 3.32083437E-3 0.8522892
0.727787495 3.35156173E-3 0.854198277
0.734521627 3.38257337E-3 0.860265315
0.741318107 3.41387186E-3 0.86383909
0.748177409 3.44546E-3 0.867120802
0.75510025 3.47734056E-3 0.870189369
0.762087107 3.5095159E-3 0.873189211
0.769138575 3.54198902E-3 0.876128733
0.776255369 3.57476273E-3 0.87900877
0.783437967 3.60783958E-3 0.881830156
0.790687025 3.6412226E-3 0.884593725
0.798003137 3.67491436E-3 0.887224138
0.805386961 3.70891788E-3 0.889730811
0.81283915 3.74323619E-3 0.892194927
0.820360243 3.77787184E-3 0.894611776
0.827950954 3.8128281E-3 0.896981955
0.83561188 3.84810776E-3 0.899306118
0.843343675 3.88371386E-3 0.901584864
0.851147056 3.9196494E-3 0.903818905
0.859022617 3.95591743E-3 0.905130208
0.866971076 3.9925212E-3 0.901488304
0.874993026 4.02946351E-3 0.898553491
0.883089244 4.06674761E-3 0.900556386
0.891260386 4.10437677E-3 0.902750254
0.899507105 4.14235424E-3 0.904902637
0.907830179 4.18068282E-3 0.907014012
0.916230202 4.21936624E-3 0.909084916
0.924708009 4.25840775E-3 0.911115825
0.933264196 4.29781014E-3 0.913107336
0.941899598 4.33757715E-3 0.915058553
0.95061487 4.3777125E-3 0.916971445
0.959410787 4.41821897E-3 0.918848038
0.968288124 4.45909984E-3 0.920687318
0.977247596 4.50035976E-3 0.922489941
0.986289918 4.54200106E-3 0.924256444
0.995415986 4.58402745E-3 0.925987303
1.00462639 4.62644314E-3 0.927683115
1.0139221 4.66925092E-3 0.929344356
1.02330387 4.71245497E-3 0.93094188
1.0327723 4.75605903E-3 0.932506204
1.04232848 4.80006589E-3 0.934067667
1.05197299 4.84448066E-3 0.935596764
1.06170678 4.88930615E-3 0.937093973
1.0715307 4.93454607E-3 0.93855983
1.08144546 4.98020509E-3 0.939931214
1.09145188 5.02628647E-3 0.941273093
1.10155094 5.07279392E-3 0.942649901
1.11174357 5.11973212E-3 0.943997443
1.12203038 5.1671043E-3 0.945316195
1.13241231 5.21491468E-3 0.946606696
1.14289045 5.2631679E-3 0.94786936
1.15346551 5.31186722E-3 0.949104786
1.16413832 5.36101731E-3 0.950313449
1.17491007 5.41062234E-3 0.951495767
1.18578136 5.46068605E-3 0.952652276
1.19675326 5.51121309E-3 0.953783393
1.20782661 5.56220813E-3 0.954889655
1.21900249 5.61367441E-3 0.955971479
1.23028183 5.66561706E-3 0.957029343
1.24166548 5.71804028E-3 0.958063722
1.25315452 5.77094872E-3 0.959075034
1.26474977 5.82434656E-3 0.960063696
1.2764523 5.87823894E-3 0.961030126
1.2882632 5.93262957E-3 0.961974859
1.30018342 5.98752312E-3 0.962898254
1.31221378 6.04292518E-3 0.962732196
1.3243556 6.09883992E-3 0.962568045
1.33660972 6.15527155E-3 0.963471293
1.34897721 6.21222565E-3 0.964354277
1.36145914 6.26970641E-3 0.965217292
1.37405658 6.32771943E-3 0.966060877
1.38677049 6.38626935E-3 0.966885328
1.39960217 6.44536037E-3 0.967691004
1.41255248 6.50499901E-3 0.968478322
1.4256227 6.56518899E-3 0.969247639
1.43881381 6.6259359E-3 0.969999373
1.45212698 6.68724487E-3 0.970733821
1.46556342 6.74912101E-3 0.971451342
1.47912407 6.81156991E-3 0.972152293
1.49281025 6.8745967E-3 0.972837031
1.50662303 6.9382065E-3 0.973505855
1.5205636 7.00240489E-3 0.974159122
1.53463328 7.06719747E-3 0.974797189
1.54883301 7.13258935E-3 0.975420296
1.56316423 7.19858659E-3 0.975959361
1.57762802 7.26519385E-3 0.976485491
1.59222555 7.33241811E-3 0.977068484
1.60695827 7.40026403E-3 0.977637708
1.62182724 7.46873813E-3 0.978193581
1.63683391 7.53784506E-3 0.978736281
1.65197933 7.60759227E-3 0.979266107
1.66726494 7.67798442E-3 0.979783356
1.68269193 7.74902804E-3 0.980288327
1.69826162 7.82072823E-3 0.980781257
1.71397543 7.89309293E-3 0.981262445
1.72983468 7.96612725E-3 0.98173207
1.74584067 8.03983677E-3 0.98219049
1.76199472 8.11422803E-3 0.982637882
1.77829826 8.18930846E-3 0.983074486
1.79475272 8.26508272E-3 0.9835006
1.81135929 8.34155921E-3 0.983916402
1.82811964 8.41874257E-3 0.98432219
1.84503496 8.49664025E-3 0.984023988
1.86210692 8.57525878E-3 0.983730674
1.87933671 8.65460467E-3 0.984134257
1.89672601 8.73468444E-3 0.984528303
1.91427624 8.81550554E-3 0.984913051
1.93198884 8.8970745E-3 0.98528862
1.94986522 8.97939783E-3 0.985655248
1.96790719 9.06248298E-3 0.986013174
1.98611593 9.1463374E-3 0.986362576
2.00449324 9.23096761E-3 0.986703634
2.02304053 9.31638014E-3 0.987036467
2.04175949 9.40258428E-3 0.987361372
2.06065178 9.48958471E-3 0.987678468
2.07971883 9.57739074E-3 0.987987876
2.09896207 9.66600981E-3 0.988289893
2.11838365 9.75544844E-3 0.988584578
2.13798475 9.84571408E-3 0.98887217
2.1577673 9.93681513E-3 0.98915273
2.17773294 1.00287599E-2 0.989426553
2.19788313 1.01215541E-2 0.989693701
2.21822 1.02152079E-2 0.989954352
2.23874497 1.03097279E-2 0.990208626
2.25945973 1.04051232E-2 0.99045676
2.28036618 1.05014006E-2 0.990698755
2.30146623 1.05985682E-2 0.990934849
2.32276154 1.06966365E-2 0.991165161
2.34425378 1.0795611E-2 0.991389811
2.36594486 1.08955018E-2 0.991608977
2.38783669 1.09963166E-2 0.99182272
2.40993094 1.10980636E-2 0.992031217
2.43222976 1.1200753E-2 0.992234588
2.45473504 1.13043925E-2 0.992432892
2.47744823 1.14089902E-2 0.992398798
2.50037193 1.15145566E-2 0.992364287
2.5235076 1.16210999E-2 0.99255681
2.54685736 1.17286285E-2 0.992744744
2.57042313 1.18371518E-2 0.992928028
2.59420681 1.194668E-2 0.993106902
2.61821079 1.20572206E-2 0.993281364
2.64243674 1.21687846E-2 0.993451595
2.66688704 1.22813815E-2 0.993617654
2.69156337 1.23950196E-2 0.993779659
2.7164681 1.25097092E-2 0.993937671
2.74160314 1.26254605E-2 0.994091809
2.76697087 1.27422819E-2 0.994242132
2.79257345 1.28601855E-2 0.994388819
2.81841278 1.29791787E-2 0.994527996
2.84449124 1.30992737E-2 0.994663775
2.87081099 1.32204797E-2 0.994799972
2.89737439 1.33428071E-2 0.994932771
2.92418337 1.34662669E-2 0.995062351
2.95124054 1.35908686E-2 0.995188653
2.97854805 1.37166232E-2 0.995311856
3.00610828 1.3843542E-2 0.995432019
3.03392339 1.39716342E-2 0.995549142
3.06199598 1.4100913E-2 0.995663404
3.09032822 1.42313866E-2 0.995774806
3.11892271 1.43630682E-2 0.995883405
3.14778161 1.44959679E-2 0.995989323
3.17690778 1.46300979E-2 0.996092558
3.20630336 1.47654684E-2 0.99615556
3.23597097 1.49020916E-2 0.996216774
3.26591301 1.50399785E-2 0.99631381
3.29613209 1.51791414E-2 0.996408463
3.32663083 1.53195923E-2 0.996500731
3.35741186 1.54613433E-2 0.996590734
3.38847756 1.56044057E-2 0.996678472
3.4198308 1.57487914E-2 0.996764004
3.45147395 1.58945136E-2 0.996847391
3.48341012 1.60415825E-2 0.996928692
3.51564169 1.61900129E-2 0.997007966
3.54817152 1.6339818E-2 0.997085214
3.58100224 1.64910089E-2 0.997160554
3.61413693 1.66435987E-2 0.997233987
3.64757824 1.67976003E-2 0.997305572
3.68132877 1.6953025E-2 0.997375369
3.71539164 1.71098895E-2 0.997443378
3.74976969 1.72682051E-2 0.997509658
3.78446603 1.74279865E-2 0.99757427
3.81948328 1.7589245E-2 0.997637272
3.85482454 1.77519973E-2 0.997698665
3.89049268 1.79162547E-2 0.997758508
3.92649102 1.8082032E-2 0.997816801
3.96282244 1.82493422E-2 0.997873664
3.99949002 1.84182022E-2 0.997929037
4.03649664 1.8588623E-2 0.997962594
4.07384586 1.87606215E-2 0.997995257
4.11154079 1.89342108E-2 0.998047411
4.14958429 1.91094074E-2 0.998098254
4.18798018 1.92862246E-2 0.998147786
4.22673082 1.94646772E-2 0.998196065
4.26584053 1.96447819E-2 0.998243093
4.30531168 1.98265538E-2 0.998288929
4.34514809 2.00100057E-2 0.998333573
4.38535357 2.01951563E-2 0.998377144
4.4259305 2.03820206E-2 0.998419523
4.46688318 2.05706116E-2 0.998460889
4.50821495 2.07609497E-2 0.998501122
4.54992867 2.0953048E-2 0.998540401
4.59202862 2.11469252E-2 0.998578608
4.63451815 2.13425942E-2 0.998615861
4.67740107 2.15400755E-2 0.99865216
4.72068024 2.17393842E-2 0.998687506
4.76436043 2.19405349E-2 0.998721957
4.8084445 2.21435484E-2 0.998755574
4.85293627 2.23484412E-2 0.998788238
4.89784002 2.25552283E-2 0.998820126
4.9431591 2.27639284E-2 0.99885118
4.9888978 2.297456E-2 0.9988814
5.03505945 2.31871419E-2 0.998910844
5.08164835 2.34016906E-2 0.998939514
5.12866831 2.36182231E-2 0.998967469
5.17612314 2.38367599E-2 0.998994708
5.22401714 2.40573194E-2 0.999021232
5.2723546 2.42799185E-2 0.999047101
5.32113886 2.45045777E-2 0.999072254
5.37037468 2.47313157E-2 0.999096751
5.42006636 2.49601509E-2 0.999120653
5.4702177 2.51911059E-2 0.999143898
5.52083302 2.54241955E-2 0.999166548
5.57191658 2.56594419E-2 0.999188602
5.62347269 2.58968659E-2 0.999210119
5.67550611 2.61364877E-2 0.99923104
5.72802114 2.63783261E-2 0.999251425
5.7810216 2.66224016E-2 0.999271274
5.83451271 2.68687345E-2 0.999290586
5.88849878 2.71173492E-2 0.999309421
5.94298458 2.73682624E-2 0.999327779
5.9979744 2.76214983E-2 0.999342918
6.053473 2.78770756E-2 0.999357641
6.10948515 2.81350203E-2 0.999374688
6.16601562 2.83953492E-2 0.999391317
6.22306871 2.86580883E-2 0.99940747
6.28065014 2.89232582E-2 0.999423206
6.33876419 2.9190883E-2 0.999438584
6.39741611 2.94609815E-2 0.999453485
6.45661068 2.97335815E-2 0.999468088
6.51635313 3.00087035E-2 0.999482214
6.57664824 3.02863698E-2 0.999496043
6.63750124 3.05666067E-2 0.999509454
6.69891691 3.08494344E-2 0.999522507
6.76090145 3.11348811E-2 0.999535263
6.82345915 3.1422969E-2 0.99954766
6.8865962 3.17137241E-2 0.99955976
6.95031691 3.20071653E-2 0.999571502
7.01462746 3.23033258E-2 0.999582946
7.0795331 3.26022245E-2 0.999594092
7.14503908 3.29038873E-2 0.999373198
7.21115112 3.32083441E-2 0.999157548
7.27787542 3.35156173E-2 0.99917841
7.34521675 3.38257328E-2 0.999198794
7.41318083 3.41387205E-2 0.999218702
7.48177433 3.4454599E-2 0.999238074
7.5510025 3.47734056E-2 0.999257028
7.62087107 3.5095159E-2 0.999275506
7.69138575 3.54198925E-2 0.999293149
7.76255369 3.57476287E-2 0.999310374
7.83437967 3.60783972E-2 0.99932754
7.90686989 3.64122242E-2 0.999344349
7.98003149 3.67491432E-2 0.99936074
8.0538702 3.70891802E-2 0.999376655
8.12839127 3.74323614E-2 0.999392271
8.20360279 3.77787165E-2 0.99940747
8.27950954 3.81282791E-2 0.999422312
8.35611916 3.84810753E-2 0.999429286
8.43343735 3.88371386E-2 0.99943608
8.51147079 3.9196495E-2 0.999450207
8.59022617 3.95591743E-2 0.999463975
8.66971111 3.99252102E-2 0.999477386
8.74993038 4.0294636E-2 0.999490499
8.83089256 4.06674743E-2 0.999503314
8.91260433 4.10437658E-2 0.999515831
8.99507141 4.14235406E-2 0.999527991
9.07830143 4.18068282E-2 0.999539852
9.16230202 4.21936624E-2 0.999551475
9.24707985 4.25840765E-2 0.99956274
9.3326416 4.29781005E-2 0.999573767
9.41899586 4.33757715E-2 0.999584556
9.50614834 4.37771231E-2 0.999595046
9.59410763 4.41821888E-2 0.999605298
9.68288136 4.45910022E-2 0.999615252
9.7724762 4.50035967E-2 0.999624968
9.86289978 4.54200096E-2 0.999634504
9.95415974 4.58402745E-2 0.999643743
10.0462646 4.62644286E-2 0.999652803
10.1392212 4.66925092E-2 0.999661565
10.2330389 4.71245497E-2 0.999670208
10.3277235 4.75605875E-2 0.999678552
10.4232845 4.80006598E-2 0.999686718
10.5197306 4.84448075E-2 0.999694705
10.6170683 4.88930605E-2 0.999702454
10.7153063 4.93454635E-2 0.999710023
10.8144541 4.980205E-2 0.999717414
10.9145193 5.0262861E-2 0.999724627
11.0155096 5.07279374E-2 0.99973166
11.1174355 5.11973202E-2 0.999738514
11.2203035 5.1671043E-2 0.99974519
11.3241234 5.21491468E-2 0.999751687
11.4289045 5.26316799E-2 0.999758065
11.5346546 5.31186722E-2 0.999764264
11.6413841 5.36101758E-2 0.999770284
11.7490997 5.41062243E-2 0.999776185
11.8578129 5.46068624E-2 0.999781907
11.9675322 5.51121347E-2 0.999787509
12.0782661 5.56220785E-2 0.999792993
12.1900253 5.61367422E-2 0.999798298
12.3028183 5.66561706E-2 0.999803483
12.4166546 5.71804047E-2 0.99980849
12.5315447 5.7709489E-2 0.999813437
12.6474972 5.82434684E-2 0.999818265
12.7645235 5.87823875E-2 0.999822915
12.8826323 5.93262948E-2 0.999827504
13.0018339 5.9875235E-2 0.999831915
13.122138 6.04292527E-2 0.999836266
13.243556 6.09883964E-2 0.999840498
13.3660965 6.15527146E-2 0.999844611
13.4897718 6.21222556E-2 0.999848664
13.6145916 6.26970679E-2 0.999852538
13.7405653 6.32771924E-2 0.999856353
13.8677053 6.38626888E-2 0.999860108
13.9960213 6.44536093E-2 0.999863684
14.1255255 6.5049991E-2 0.99986726
14.2562275 6.56518862E-2 0.999870658
14.3881388 6.62593544E-2 0.999874055
14.5212698 6.68724477E-2 0.999877334
14.6556339 6.7491211E-2 0.999880493
14.7912407 6.81156963E-2 0.999883592
14.9281025 6.87459633E-2 0.999886632
15.0662308 6.9382064E-2 0.999889553
15.205637 7.00240508E-2 0.999892414
15.3463326 7.06719756E-2 0.999895215
15.4883308 7.13258907E-2 0.999897957
15.6316423 7.19858631E-2 0.999900639
15.7762804 7.26519376E-2 0.999903202
15.9222565 7.33241811E-2 0.999905765
16.069582 7.40026385E-2 0.999908209
16.2182732 7.46873766E-2 0.999910593
16.3683395 7.53784552E-2 0.999912918
16.5197926 7.6075919E-2 0.999915242
16.6726494 7.67798424E-2 0.999917448
16.8269196 7.74902776E-2 0.999919593
16.9826164 7.82072842E-2 0.999921679
17.1397552 7.89309293E-2 0.999923766
17.2983475 7.96612725E-2 0.999925733
17.4584064 8.03983659E-2 0.9999277
17.6199474 8.1142284E-2 0.999929607
17.7829819 8.1893079E-2 0.999931455
17.9475269 8.26508328E-2 0.999933243
18.1135921 8.34155902E-2 0.999934971
18.2811966 8.41874257E-2 0.9999367
18.4503498 8.49663988E-2 0.999938369
18.621069 8.5752584E-2 0.999939978
18.7933674 8.65460411E-2 0.999941587
18.9672604 8.73468444E-2 0.999943078
19.1427631 8.81550536E-2 0.999944627
19.3198872 8.89707431E-2 0.999946058
19.4986534 8.97939801E-2 0.999947488
19.6790714 9.06248316E-2 0.999948859
19.8611603 9.14633721E-2 0.99995023
20.0449333 9.23096761E-2 0.999951541
20.2304058 9.31638032E-2 0.999952793
20.4175968 9.40258428E-2 0.999954045
20.6065178 9.48958471E-2 0.999955297
20.7971878 9.5773913E-2 0.999956429
20.9896221 9.66600925E-2 0.999957621
21.183836 9.75544825E-2 0.999958754
21.3798485 9.84571427E-2 0.999959826
21.577673 9.9368155E-2 0.999960899
21.7773285 0.100287594 0.999961913
21.9788322 0.101215549 0.999962926
22.1821995 0.102152079 0.999963939
22.3874493 0.103097282 0.999964893
22.5945969 0.104051232 0.999965787
22.8036633 0.105014004 0.999966681
23.0146618 0.105985686 0.999967575
23.2276134 0.106966361 0.999968469
23.4425373 0.107956111 0.999969304
23.6594486 0.108955011 0.999970138
23.8783665 0.109963164 0.999970913
24.0993099 0.110980637 0.999971688
24.322298 0.112007529 0.999972463
24.5473499 0.113043919 0.999973178
24.7744827 0.114089906 0.999973893
25.0037193 0.115145564 0.999974608
25.235075 0.116210997 0.999975264
25.4685726 0.11728628 0.99997592
25.7042313 0.118371516 0.999976575
25.9420681 0.119466797 0.999977171
26.1821079 0.120572209 0.999977767
26.4243679 0.121687852 0.999978364
26.668869 0.122813813 0.99997896
26.9156342 0.123950198 0.999979556
27.1646805 0.125097096 0.999980092
27.4160328 0.126254603 0.999980628
27.6697102 0.127422825 0.999981105
27.9257355 0.128601849 0.999981642
28.1841278 0.129791796 0.999982119
28.444912 0.13099274 0.999982595
28.7081108 0.132204801 0.999983072
28.9737434 0.133428082 0.999983549
29.2418346 0.134662673 0.999983966
29.5124054 0.135908693 0.999984384
29.7854805 0.137166232 0.999984801
30.0610809 0.138435423 0.999985218
30.3392334 0.139716342 0.999985635
30.6199589 0.141009122 0.999985993
30.9032822 0.142313868 0.99998641
31.1892262 0.143630683 0.999986768
31.4778175 0.144959673 0.999987125
31.7690773 0.146300972 0.999987423
32.0630341 0.147654682 0.999987781
32.3597107 0.14902091 0.999988139
32.6591301 0.150399789 0.999988437
32.961319 0.151791424 0.999988735
33.2663078 0.153195933 0.999989033
33.5741158 0.154613435 0.999989331
33.8847733 0.156044051 0.999989629
34.198307 0.157487914 0.999989927
34.51474 0.158945128 0.999990165
34.8341026 0.160415828 0.999990463
35.1564178 0.161900133 0.999990702
35.4817162 0.163398176 0.99999094
35.8100243 0.164910093 0.999991179
36.1413689 0.166435987 0.999991417
36.4757805 0.167975992 0.999991655
36.8132858 0.169530258 0.999991894
37.1539154 0.171098903 0.999992132
37.4976997 0.172682062 0.999992311
37.8446579 0.174279869 0.999992549
38.1948318 0.175892457 0.999992728
38.5482445 0.177519977 0.999992967
38.9049263 0.179162547 0.999993145
39.2649117 0.180820316 0.999993324
39.6282234 0.182493418 0.999993503
39.9948997 0.184182018 0.999993682
40.3649673 0.185886234 0.999993861
40.7384605 0.187606215 0.99999404
41.1154099 0.189342111 0.999994159
41.4958458 0.191094071 0.999994338
41.8797989 0.192862242 0.999994457
42.2673111 0.194646776 0.999994636
42.6584053 0.196447819 0.999994755
43.0531158 0.198265538 0.999994934
43.4514847 0.200100064 0.999995053
43.8535347 0.201951563 0.999995172
44.2593079 0.203820199 0.999995351
44.6688347 0.20570612 0.99999547
45.0821495 0.207609504 0.999995589
45.4992867 0.209530488 0.999995708
45.9202881 0.211469248 0.999995828
46.3451843 0.213425949 0.999995947
46.7740097 0.215400755 0.999996066
47.2068062 0.21739383 0.999996126
47.6436043 0.219405353 0.999996245
48.084446 0.221435487 0.999996364
48.5293655 0.223484397 0.999996424
48.9784012 0.225552276 0.999996543
49.431591 0.227639288 0.999996662
49.8889771 0.229745612 0.999996722
50.3505936 0.231871426 0.999996841
50.8164825 0.234016895 0.999996901
51.2866821 0.236182228 0.99999702
51.7612305 0.238367602 0.999997079
52.2401733 0.240573183 0.999997139
52.7235451 0.242799178 0.999997258
53.2113914 0.245045781 0.999997318
53.7037506 0.247313157 0.999997377
54.2006645 0.249601513 0.999997437
54.7021751 0.251911044 0.999997497
55.2083282 0.254241943 0.999997616
55.7191658 0.256594419 0.999997675
56.2347298 0.258968651 0.999997735
56.7550621 0.261364877 0.999997795
57.2802086 0.263783246 0.999997854
57.8102188 0.266223997 0.999997914
58.3451309 0.268687338 0.999997973
58.8849907 0.271173477 0.999998033
59.4298477 0.273682624 0.999998093
59.979744 0.276214987 0.999998093
60.534729 0.278770775 0.999998152
61.0948486 0.281350195 0.999998212
61.6601524 0.283953488 0.999998271
62.23069 0.28658089 0.999998331
62.8065033 0.289232582 0.999998391
63.3876419 0.29190883 0.999998391
63.9741631 0.294609815 0.99999845
64.5661087 0.297335804 0.99999851
65.1635284 0.300087035 0.99999851
65.7664795 0.302863687 0.999998569
66.3750076 0.305666059 0.999998629
66.9891739 0.308494359 0.999998629
67.6090164 0.311348826 0.999998689
68.2345963 0.314229697 0.999998748
68.8659592 0.317137212 0.999998748
69.5031662 0.320071667 0.999998808
70.1462708 0.323033243 0.999998808
70.7953262 0.326022238 0.999998868
71.4503937 0.329038888 0.999998868
72.1115112 0.332083434 0.999998927
72.7787552 0.335156173 0.999998927
73.4521637 0.338257343 0.999998987
74.131813 0.341387182 0.999998987
74.8177414 0.34454602 0.999999046
75.510025 0.347734064 0.999999046
76.2087097 0.350951582 0.999999106
76.9138565 0.354198903 0.999999106
77.6255341 0.357476264 0.999999166
78.3437958 0.360783964 0.999999166
79.0687027 0.364122242 0.999999166
79.8003159 0.367491424 0.999999225
80.5386963 0.37089178 0.999999225
81.2839127 0.374323606 0.999999225
82.036026 0.377787173 0.999999285
82.7950974 0.381282806 0.999999285
83.5611877 0.384810776 0.999999285
84.3343735 0.388371378 0.999999344
85.1147079 0.391964942 0.999999344
85.9022598 0.395591736 0.999999344
86.6971054 0.399252117 0.999999404
87.4993057 0.402946353 0.999999404
88.3089294 0.406674773 0.999999404
89.1260376 0.410437673 0.999999404
89.9507141 0.414235413 0.999999464
90.7830124 0.41806829 0.999999464
91.623024 0.421936631 0.999999464
92.4707947 0.425840765 0.999999464
93.326416 0.42978102 0.999999523
94.1899567 0.433757722 0.999999523
95.0614853 0.437771231 0.999999523
95.9410782 0.441821873 0.999999523
96.8288116 0.445910007 0.999999583
97.724762 0.450035959 0.999999583
98.6289978 0.454200089 0.999999583
99.5415955 0.458402753 0.999999583
100.462646 0.462644309 0.999999821
101.392212 0.466925085 1
102.330383 0.471245497 1
103.277237 0.475605875 1
104.232849 0.480006605 1
105.197304 0.484448045 1
106.170685 0.488930613 1
107.153069 0.493454605 1
108.144539 0.4980205 1
109.145187 0.502628624 1
110.155098 0.507279396 1
111.174355 0.511973202 1
112.203033 0.516710401 1
113.241234 0.521491468 1
114.289047 0.526316762 1
115.34655 0.531186759 1
116.413834 0.536101758 1
117.491005 0.541062236 1
118.578133 0.546068609 1
119.675323 0.551121354 1
120.782661 0.55622077 1
121.900253 0.561367452 1
123.028183 0.566561699 1
124.16655 0.571804047 1
125.315445 0.577094853 1
126.474976 0.582434654 1
127.645233 0.587823868 1
128.826324 0.593262911 1
130.018341 0.59875232 1
131.221375 0.604292512 1
132.435562 0.609883964 1
133.660965 0.615527153 1
134.89772 0.621222556 1
136.145905 0.626970649 1
137.405655 0.632771969 1
138.677048 0.638626933 1
139.96022 0.644536078 1
141.255249 0.65049988 1
142.562271 0.656518877 1
143.881378 0.662593603 1
145.212708 0.668724477 1
146.556335 0.674912095 1
147.912415 0.681156993 1
149.281021 0.687459648 1
150.662308 0.693820655 1
152.056366 0.700240493 1
153.463333 0.706719756 1
154.883301 0.713258922 1
156.316422 0.719858646 1
157.762802 0.726519406 1
159.222565 0.733241796 1
160.695831 0.740026414 1
162.182724 0.746873796 1
163.683395 0.753784537 1
165.197937 0.760759234 1
166.726486 0.767798424 1
168.269196 0.774902761 1
169.826172 0.782072842 1
171.397552 0.789309323 1
172.983475 0.79661268 1
174.584061 0.803983629 1
176.199478 0.811422825 1
177.829834 0.818930805 1
179.475266 0.826508284 1
181.135925 0.834155917 1
182.811966 0.841874242 1
184.503494 0.849664032 1
186.210693 0.857525826 1
187.93367 0.865460455 1
189.672607 0.873468459 1
191.427628 0.88155055 1
193.198883 0.889707446 1
194.986526 0.897939801 1
196.79071 0.906248331 1
198.611603 0.914633751 1
200.449326 0.923096716 1
202.304062 0.931638062 1
204.175964 0.940258384 1
206.06517 0.948958516 1
207.971878 0.957739115 1
209.89621 0.966600955 1
211.838364 0.97554481 1
213.798477 0.984571397 1
215.776733 0.99368155 1
217.773285 1.00287592 1
219.788315 1.01215541 1
221.821991 1.02152085 1
223.874481 1.03097284 1
225.945969 1.04051232 1
228.036621 1.05014002 1
230.146622 1.05985689 1
232.276138 1.06966364 1
234.425369 1.07956111 1
236.594482 1.08955014 1
238.783661 1.09963167 1
240.993103 1.10980642 1
243.222977 1.12007535 1
245.473495 1.13043928 1
247.744827 1.14089906 1
250.037186 1.15145564 1
252.350754 1.16210997 1
254.68573 1.17286277 1
257.042297 1.18371522 1
259.420685 1.19466794 1
261.821075 1.20572209 1
264.243683 1.21687853 1
266.68869 1.22813809 1
269.156342 1.23950195 1
271.64682 1.25097096 1
274.160339 1.26254606 1
276.697113 1.27422822 1
279.257355 1.28601849 1
281.841278 1.29791784 1
284.449127 1.30992734 1
287.081116 1.32204795 1
289.737427 1.33428073 1
292.418335 1.34662664 1
295.124054 1.35908687 1
297.854797 1.37166238 1
300.610809 1.38435423 1
303.392334 1.39716351 1
306.199585 1.41009128 1
309.032806 1.42313862 1
311.892273 1.43630683 1
314.778168 1.44959676 1
317.690765 1.46300972 1
320.630341 1.47654676 1
323.597076 1.4902091 1
326.591309 1.50399792 1
329.61322 1.51791418 1
332.663086 1.5319593 1
335.74118 1.54613435 1
338.847748 1.56044054 1
341.983063 1.57487905 1
345.1474 1.58945131 1
348.341003 1.60415828 1
351.564178 1.61900139 1
354.817139 1.63398182 1
358.10022 1.6491009 1
361.413696 1.66435981 1
364.757812 1.67975998 1
368.132874 1.69530261 1
371.539154 1.710989 1
374.97699 1.72682059 1
378.446594 1.74279869 1
381.948334 1.7589246 1
385.482452 1.77519977 1
389.049255 1.79162538 1
392.649109 1.8082031 1
396.282227 1.82493424 1
399.949005 1.84182012 1
403.649658 1.85886228 1
407.384583 1.87606215 1
411.154083 1.89342117 1
414.958435 1.91094077 1
418.798004 1.92862248 1
422.673096 1.94646776 1
426.584045 1.96447825 1
430.531189 1.98265529 1
434.514832 2.00100064 1
438.535339 2.01951551 1
442.593079 2.03820205 1
446.688324 2.0570612 1
450.821472 2.0760951 1
454.992889 2.09530497 1
459.202881 2.11469245 1
463.451843 2.13425946 1
467.740112 2.15400743 1
472.068054 2.17393827 1
476.436035 2.19405365 1
480.844452 2.21435475 1
485.29364 2.23484397 1
489.784027 2.25552273 1
494.315918 2.27639294 1
498.889771 2.29745603 1
503.505951 2.31871414 1
508.164825 2.34016895 1
512.866821 2.36182237 1
517.612305 2.38367605 1
522.401733 2.40573192 1
527.235474 2.42799187 1
532.113892 2.45045781 1
537.037476 2.47313166 1
542.006653 2.49601507 1
547.02179 2.51911044 1
552.083313 2.54241943 1
557.19165 2.56594419 1
562.34729 2.58968663 1
567.550598 2.61364865 1
572.802124 2.63783264 1
578.102173 2.66224003 1
583.451294 2.68687344 1
588.849915 2.71173477 1
594.298462 2.73682618 1
599.797424 2.76214981 1
605.34729 2.78770757 1
610.948486 2.81350183 1
616.601562 2.839535 1
622.306885 2.86580896 1
628.065002 2.89232588 1
633.876404 2.91908813 1
639.741638 2.94609809 1
645.661072 2.97335815 1
651.635315 3.00087023 1
657.664795 3.02863693 1
663.750122 3.05666065 1
669.891724 3.08494353 1
676.090149 3.1134882 1
682.345947 3.14229703 1
688.659607 3.17137218 1
695.031677 3.2007165 1
701.462708 3.23033237 1
707.953308 3.26022243 1
714.503906 3.29038882 1
721.115112 3.3208344 1
727.787537 3.35156178 1
734.521667 3.38257337 1
741.318115 3.413872 1
748.177429 3.44546008 1
755.10022 3.47734046 1
762.087097 3.509516 1
769.138611 3.54198909 1
776.255371 3.57476282 1
783.437927 3.60783958 1
790.687012 3.64122248 1
798.003174 3.67491436 1
805.386963 3.70891786 1
812.839111 3.74323606 1
820.360229 3.77787185 1
827.950928 3.81282806 1
835.611877 3.84810781 1
843.343689 3.88371372 1
851.147034 3.91964936 1
859.022644 3.95591736 1
866.971069 3.99252105 1
874.993042 4.02946329 1
883.089294 4.06674767 1
891.260376 4.10437679 1
899.507141 4.14235401 1
907.830139 4.18068266 1
916.230225 4.21936607 1
924.708008 4.25840759 1
933.264221 4.29781008 1
941.899597 4.33757734 1
950.614868 4.37771225 1
959.410828 4.41821861 1
968.288147 4.45910025 1
977.247559 4.50035954 1
986.289917 4.54200077 1
995.415955 4.58402777 1
