# KROME file, XRAY He rate
# Distance = 6 kpc
# Xray rate including primary He ionization in 1/s
# first line indicates the size of the table (30x30)
# then first column is the parameter log10(nH), where nH is the H column density in cm-2
# second column is log10(xHe), where xHe = nHe/nH both in cm-2
# third column is log10(rate), where rate is in units of 1/s
30, 30
16.0 0.0 -17.10143062896494
16.0 -0.1724138 -17.09924356371538
16.0 -0.34482759 -17.096010880129697
16.0 -0.51724136 -17.091246829703238
16.0 -0.68965518 -17.08425630284015
16.0 -0.86206895 -17.074062741366184
16.0 -1.0344827 -17.059330603024122
16.0 -1.2068965 -17.03830354984261
16.0 -1.3793104 -17.008799224465793
16.0 -1.5517242 -16.968319855569472
16.0 -1.7241379 -16.914332570272734
16.0 -1.8965517 -16.84471516157718
16.0 -2.0689654 -16.75825058629092
16.0 -2.2413793 -16.654958280616718
16.0 -2.4137931 -16.536089122229132
16.0 -2.5862069 -16.403785086284902
16.0 -2.7586207 -16.26058386811284
16.0 -2.9310346 -16.10897682079982
16.0 -3.1034484 -15.951134464706325
16.0 -3.275862 -15.788800023575044
16.0 -3.4482758 -15.623296749357298
16.0 -3.6206896 -15.455591740020855
16.0 -3.7931035 -15.286372677167384
16.0 -3.9655173 -15.116120167863855
16.0 -4.1379309 -14.945165749702001
16.0 -4.3103447 -14.773735774565324
16.0 -4.4827585 -14.601984690262888
16.0 -4.6551723 -14.430017026846317
16.0 -4.8275862 -14.25790333835811
16.0 -5.0 -14.0856914978282

16.344828 0.0 -17.1014307796596
16.344828 -0.1724138 -17.099243688595674
16.344828 -0.34482759 -17.096010984112386
16.344828 -0.51724136 -17.091246916863604
16.344828 -0.68965518 -17.08425637656192
16.344828 -0.86206895 -17.07406280445705
16.344828 -1.0344827 -17.05933065779843
16.344828 -1.2068965 -17.038303598172394
16.344828 -1.3793104 -17.008799267803862
16.344828 -1.5517242 -16.968319894955727
16.344828 -1.7241379 -16.91433260634611
16.344828 -1.8965517 -16.844715194622395
16.344828 -2.0689654 -16.758250616337985
16.344828 -2.2413793 -16.654958307579335
16.344828 -2.4137931 -16.536089146037646
16.344828 -2.5862069 -16.403785106969842
16.344828 -2.7586207 -16.260583885825717
16.344828 -2.9310346 -16.108976835788884
16.344828 -3.1034484 -15.951134477274993
16.344828 -3.275862 -15.7888000340432
16.344828 -3.4482758 -15.62329675803384
16.344828 -3.6206896 -15.455591747187976
16.344828 -3.7931035 -15.286372683073724
16.344828 -3.9655173 -15.116120172723333
16.344828 -4.1379309 -14.945165753695761
16.344828 -4.3103447 -14.773735777845138
16.344828 -4.4827585 -14.60198469295502
16.344828 -4.6551723 -14.430017029055314
16.344828 -4.8275862 -14.257903340170257
16.344828 -5.0 -14.085691499314562

16.689655 0.0 -17.101431113027555
16.689655 -0.1724138 -17.099243964856893
16.689655 -0.34482759 -17.09601121414376
16.689655 -0.51724136 -17.091247109680513
16.689655 -0.68965518 -17.084256539649857
16.689655 -0.86206895 -17.074062944027204
16.689655 -1.0344827 -17.059330778970622
16.689655 -1.2068965 -17.038303705087966
16.689655 -1.3793104 -17.00879936367672
16.689655 -1.5517242 -16.96831998208634
16.689655 -1.7241379 -16.914332686147947
16.689655 -1.8965517 -16.8447152677253
16.689655 -2.0689654 -16.758250682808352
16.689655 -2.2413793 -16.654958367226254
16.689655 -2.4137931 -16.536089198707025
16.689655 -2.5862069 -16.403785152729224
16.689655 -2.7586207 -16.26058392501028
16.689655 -2.9310346 -16.108976868947796
16.689655 -3.1034484 -15.951134505079484
16.689655 -3.275862 -15.78880005720092
16.689655 -3.4482758 -15.623296777228136
16.689655 -3.6206896 -15.455591763043113
16.689655 -3.7931035 -15.286372696139752
16.689655 -3.9655173 -15.116120183473482
16.689655 -4.1379309 -14.94516576253076
16.689655 -4.3103447 -14.773735785100737
16.689655 -4.4827585 -14.601984698910545
16.689655 -4.6551723 -14.430017033942043
16.689655 -4.8275862 -14.257903344179073
16.689655 -5.0 -14.085691502602673

17.034483 0.0 -17.101431850510924
17.034483 -0.1724138 -17.099244576007685
17.034483 -0.34482759 -17.096011723024006
17.034483 -0.51724136 -17.09124753623417
17.034483 -0.68965518 -17.084256900436483
17.034483 -0.86206895 -17.074063252787308
17.034483 -1.0344827 -17.05933104703037
17.034483 -1.2068965 -17.0383039416089
17.034483 -1.3793104 -17.00879957576872
17.034483 -1.5517242 -16.96832017483856
17.034483 -1.7241379 -16.914332862687278
17.034483 -1.8965517 -16.844715429445095
17.034483 -2.0689654 -16.758250829855495
17.034483 -2.2413793 -16.654958499178402
17.034483 -2.4137931 -16.53608931522329
17.034483 -2.5862069 -16.403785253959022
17.034483 -2.7586207 -16.260584011695105
17.034483 -2.9310346 -16.108976942302537
17.034483 -3.1034484 -15.95113456658905
17.034483 -3.275862 -15.788800108430786
17.034483 -3.4482758 -15.623296819690024
17.034483 -3.6206896 -15.455591798118041
17.034483 -3.7931035 -15.286372725044547
17.034483 -3.9655173 -15.116120207255035
17.034483 -4.1379309 -14.945165782075573
17.034483 -4.3103447 -14.773735801151567
17.034483 -4.4827585 -14.601984712085324
17.034483 -4.6551723 -14.430017044752407
17.034483 -4.8275862 -14.257903353047299
17.034483 -5.0 -14.085691509876536

17.379311 0.0 -17.10143348198156
17.379311 -0.1724138 -17.09924592800418
17.379311 -0.34482759 -17.096012848776464
17.379311 -0.51724136 -17.091248479862735
17.379311 -0.68965518 -17.084257698574337
17.379311 -0.86206895 -17.074063935831358
17.379311 -1.0344827 -17.05933164003648
17.379311 -1.2068965 -17.03830446484435
17.379311 -1.3793104 -17.008800044962083
17.379311 -1.5517242 -16.968320601248113
17.379311 -1.7241379 -16.914333253230367
17.379311 -1.8965517 -16.844715787204105
17.379311 -2.0689654 -16.75825115515535
17.379311 -2.2413793 -16.65495879108478
17.379311 -2.4137931 -16.536089572982075
17.379311 -2.5862069 -16.403785477900765
17.379311 -2.7586207 -16.260584203460148
17.379311 -2.9310346 -16.10897710457849
17.379311 -3.1034484 -15.951134702660868
17.379311 -3.275862 -15.78880022176165
17.379311 -3.4482758 -15.623296913624191
17.379311 -3.6206896 -15.455591875710631
17.379311 -3.7931035 -15.28637278898745
17.379311 -3.9655173 -15.116120259864207
17.379311 -4.1379309 -14.945165825312149
17.379311 -4.3103447 -14.773735836658688
17.379311 -4.4827585 -14.601984741229987
17.379311 -4.6551723 -14.43001706866647
17.379311 -4.8275862 -14.257903372664924
17.379311 -5.0 -14.085691525967084

17.724138 0.0 -17.101437091117923
17.724138 -0.1724138 -17.099248918890744
17.724138 -0.34482759 -17.09601533916756
17.724138 -0.51724136 -17.091250567360138
17.724138 -0.68965518 -17.084259464217503
17.724138 -0.86206895 -17.07406544686403
17.724138 -1.0344827 -17.05933295188709
17.724138 -1.2068965 -17.03830562234809
17.724138 -1.3793104 -17.00880108291364
17.724138 -1.5517242 -16.968321544552996
17.724138 -1.7241379 -16.914334117191075
17.724138 -1.8965517 -16.844716578639424
17.724138 -2.0689654 -16.75825187478401
17.724138 -2.2413793 -16.65495943683984
17.724138 -2.4137931 -16.536090143195274
17.724138 -2.5862069 -16.403785973303364
17.724138 -2.7586207 -16.260584627680984
17.724138 -2.9310346 -16.10897746356315
17.724138 -3.1034484 -15.951135003676388
17.724138 -3.275862 -15.788800472469344
17.724138 -3.4482758 -15.623297121422286
17.724138 -3.6206896 -15.4555920473577
17.724138 -3.7931035 -15.286372930438532
17.724138 -3.9655173 -15.116120376242685
17.724138 -4.1379309 -14.945165920956471
17.724138 -4.3103447 -14.773735915203831
17.724138 -4.4827585 -14.601984805700042
17.724138 -4.6551723 -14.430017121565333
17.724138 -4.8275862 -14.257903416059168
17.724138 -5.0 -14.085691561558695

18.068966 0.0 -17.101445075243685
18.068966 -0.1724138 -17.09925553533697
18.068966 -0.34482759 -17.096020848424274
18.068966 -0.51724136 -17.091255185338287
18.068966 -0.68965518 -17.08426337019039
18.068966 -0.86206895 -17.074068789587066
18.068966 -1.0344827 -17.05933585397843
18.068966 -1.2068965 -17.038308182991834
18.068966 -1.3793104 -17.00880337908239
18.068966 -1.5517242 -16.968323631342546
18.068966 -1.7241379 -16.914336028453352
18.068966 -1.8965517 -16.84471832945866
18.068966 -2.0689654 -16.758253466749874
18.068966 -2.2413793 -16.65496086537965
18.068966 -2.4137931 -16.536091404618467
18.068966 -2.5862069 -16.403787069227782
18.068966 -2.7586207 -16.260585566134584
18.068966 -2.9310346 -16.108978257699096
18.068966 -3.1034484 -15.951135669571167
18.068966 -3.275862 -15.78880102707163
18.068966 -3.4482758 -15.623297581098713
18.068966 -3.6206896 -15.455592427059816
18.068966 -3.7931035 -15.286373243340275
18.068966 -3.9655173 -15.116120633678161
18.068966 -4.1379309 -14.945166132523317
18.068966 -4.3103447 -14.773736088943448
18.068966 -4.4827585 -14.6019849483024
18.068966 -4.6551723 -14.430017238569626
18.068966 -4.8275862 -14.25790351203712
18.068966 -5.0 -14.085691640275478

18.413794 0.0 -17.10146273744654
18.413794 -0.1724138 -17.099270172064344
18.413794 -0.34482759 -17.09603303589411
18.413794 -0.51724136 -17.091265401163824
18.413794 -0.68965518 -17.084272010943764
18.413794 -0.86206895 -17.074076184334416
18.413794 -1.0344827 -17.059342273968678
18.413794 -1.2068965 -17.03831384763536
18.413794 -1.3793104 -17.008808458654645
18.413794 -1.5517242 -16.968328247723765
18.413794 -1.7241379 -16.914340256528515
18.413794 -1.8965517 -16.844722202595122
18.413794 -2.0689654 -16.75825698846282
18.413794 -2.2413793 -16.65496402555257
18.413794 -2.4137931 -16.536094195087042
18.413794 -2.5862069 -16.40378949357161
18.413794 -2.7586207 -16.26058764211415
18.413794 -2.9310346 -16.108980014413028
18.413794 -3.1034484 -15.951137142585036
18.413794 -3.275862 -15.788802253880316
18.413794 -3.4482758 -15.623298597909335
18.413794 -3.6206896 -15.455593266948878
18.413794 -3.7931035 -15.286373935451685
18.413794 -3.9655173 -15.116121203085642
18.413794 -4.1379309 -14.945166600459086
18.413794 -4.3103447 -14.77373647319693
18.413794 -4.4827585 -14.601985263673344
18.413794 -4.6551723 -14.430017497311981
18.413794 -4.8275862 -14.257903724264569
18.413794 -5.0 -14.085691814317435

18.758621 0.0 -17.101501807842816
18.758621 -0.1724138 -17.099302550114043
18.758621 -0.34482759 -17.09605999610196
18.758621 -0.51724136 -17.09128799996869
18.758621 -0.68965518 -17.084291125550394
18.758621 -0.86206895 -17.07409254264068
18.758621 -1.0344827 -17.059356475988906
18.758621 -1.2068965 -17.038326378719344
18.758621 -1.3793104 -17.008819695463874
18.758621 -1.5517242 -16.96833845986488
18.758621 -1.7241379 -16.914349609648553
18.758621 -1.8965517 -16.844730770498725
18.758621 -2.0689654 -16.75826477891885
18.758621 -2.2413793 -16.654971016177583
18.758621 -2.4137931 -16.53610036781992
18.758621 -2.5862069 -16.403794856334017
18.758621 -2.7586207 -16.260592234200324
18.758621 -2.9310346 -16.108983900199913
18.758621 -3.1034484 -15.951140400755364
18.758621 -3.275862 -15.788804967384111
18.758621 -3.4482758 -15.623300846847018
18.758621 -3.6206896 -15.455595124494575
18.758621 -3.7931035 -15.286375466079246
18.758621 -3.9655173 -15.116122462264393
18.758621 -4.1379309 -14.945167635159825
18.758621 -4.3103447 -14.773737322774087
18.758621 -4.4827585 -14.601985960867395
18.758621 -4.6551723 -14.430018069231473
18.758621 -4.8275862 -14.257904193283268
18.758621 -5.0 -14.085692198861889

19.103449 0.0 -17.101588230032856
19.103449 -0.1724138 -17.099374170463896
19.103449 -0.34482759 -17.096119633073425
19.103449 -0.51724136 -17.091337989947483
19.103449 -0.68965518 -17.08433340864032
19.103449 -0.86206895 -17.074128728794797
19.103449 -1.0344827 -17.059387892352145
19.103449 -1.2068965 -17.038354098837658
19.103449 -1.3793104 -17.00884455248193
19.103449 -1.5517242 -16.96836105012472
19.103449 -1.7241379 -16.91437029952889
19.103449 -1.8965517 -16.844749723218325
19.103449 -2.0689654 -16.758282011627724
19.103449 -2.2413793 -16.654986479340913
19.103449 -2.4137931 -16.53611402148281
19.103449 -2.5862069 -16.403806718034897
19.103449 -2.7586207 -16.260602390888085
19.103449 -2.9310346 -16.10899249431361
19.103449 -3.1034484 -15.951147606379608
19.103449 -3.275862 -15.78881096804001
19.103449 -3.4482758 -15.62330581974777
19.103449 -3.6206896 -15.455599231527442
19.103449 -3.7931035 -15.286378849881782
19.103449 -3.9655173 -15.116125245552091
19.103449 -4.1379309 -14.945169921846091
19.103449 -4.3103447 -14.773739199922188
19.103449 -4.4827585 -14.601987500908388
19.103449 -4.6551723 -14.430019332136885
19.103449 -4.8275862 -14.257905228549967
19.103449 -5.0 -14.085693047254463

19.448277 0.0 -17.101779364790637
19.448277 -0.1724138 -17.099532575574614
19.448277 -0.34482759 -17.096251538573117
19.448277 -0.51724136 -17.09144856104741
19.448277 -0.68965518 -17.08442693498353
19.448277 -0.86206895 -17.074208770388573
19.448277 -1.0344827 -17.05945738405337
19.448277 -1.2068965 -17.038415414802227
19.448277 -1.3793104 -17.00889953524805
19.448277 -1.5517242 -16.968411018501506
19.448277 -1.7241379 -16.914416063686534
19.448277 -1.8965517 -16.844791643970627
19.448277 -2.0689654 -16.75832012673597
19.448277 -2.2413793 -16.655020679137085
19.448277 -2.4137931 -16.536144217579775
19.448277 -2.5862069 -16.403832949299915
19.448277 -2.7586207 -16.260624849775517
19.448277 -2.9310346 -16.109011496042285
19.448277 -3.1034484 -15.951163536165241
19.448277 -3.275862 -15.78882423195587
19.448277 -3.4482758 -15.623316809893494
19.448277 -3.6206896 -15.455608306081508
19.448277 -3.7931035 -15.28638632442482
19.448277 -3.9655173 -15.116131391582913
19.448277 -4.1379309 -14.945174969262192
19.448277 -4.3103447 -14.773743341340127
19.448277 -4.4827585 -14.601990896572005
19.448277 -4.6551723 -14.43002211472496
19.448277 -4.8275862 -14.257907507568103
19.448277 -5.0 -14.085694912890316

19.793104 0.0 -17.102201950493445
19.793104 -0.1724138 -17.099882830967687
19.793104 -0.34482759 -17.09654322131144
19.793104 -0.51724136 -17.09169308113255
19.793104 -0.68965518 -17.08463377081483
19.793104 -0.86206895 -17.074385789821115
19.793104 -1.0344827 -17.059611074337443
19.793104 -1.2068965 -17.03855102434076
19.793104 -1.3793104 -17.00902113738406
19.793104 -1.5517242 -16.968521528615227
19.793104 -1.7241379 -16.914517272383797
19.793104 -1.8965517 -16.84488434816748
19.793104 -2.0689654 -16.758404409097686
19.793104 -2.2413793 -16.655096296635296
19.793104 -2.4137931 -16.53621097469487
19.793104 -2.5862069 -16.40389093235185
19.793104 -2.7586207 -16.260674485027312
19.793104 -2.9310346 -16.1090534813777
19.793104 -3.1034484 -15.951198724267392
19.793104 -3.275862 -15.78885352156152
19.793104 -3.4482758 -15.623341068733806
19.793104 -3.6206896 -15.455628326765734
19.793104 -3.7931035 -15.286402805263087
19.793104 -3.9655173 -15.116144933320477
19.793104 -4.1379309 -14.945186080581237
19.793104 -4.3103447 -14.773752448428683
19.793104 -4.4827585 -14.601998353990544
19.793104 -4.6551723 -14.430028216048495
19.793104 -4.8275862 -14.257912495106954
19.793104 -5.0 -14.085698986222676

20.137932 0.0 -17.103135612096924
20.137932 -0.1724138 -17.100656844893017
20.137932 -0.34482759 -17.097187903413744
20.137932 -0.51724136 -17.09223359238914
20.137932 -0.68965518 -17.085091025019736
20.137932 -0.86206895 -17.074777155226304
20.137932 -1.0344827 -17.05995087647997
20.137932 -1.2068965 -17.038850855661895
20.137932 -1.3793104 -17.009289995658506
20.137932 -1.5517242 -16.968765853048843
20.137932 -1.7241379 -16.91474101608786
20.137932 -1.8965517 -16.84508926785301
20.137932 -2.0689654 -16.758590683397323
20.137932 -2.2413793 -16.655263385883973
20.137932 -2.4137931 -16.53635844643933
20.137932 -2.5862069 -16.40401897922955
20.137932 -2.7586207 -16.26078405257076
20.137932 -2.9310346 -16.109146116204354
20.137932 -3.1034484 -15.951276315213441
20.137932 -3.275862 -15.788918058922002
20.137932 -3.4482758 -15.623394473766192
20.137932 -3.6206896 -15.455672354154673
20.137932 -3.7931035 -15.286439000783854
20.137932 -3.9655173 -15.116174626700648
20.137932 -4.1379309 -14.945210397745301
20.137932 -4.3103447 -14.773772332725084
20.137932 -4.4827585 -14.602014590276438
20.137932 -4.6551723 -14.430041454267652
20.137932 -4.8275862 -14.257923271821932
20.137932 -5.0 -14.085707743512897

20.482758 0.0 -17.10519526499708
20.482758 -0.1724138 -17.10236508496969
20.482758 -0.34482759 -17.09861121980411
20.482758 -0.51724136 -17.093427256484933
20.482758 -0.68965518 -17.08610103776436
20.482758 -0.86206895 -17.075641757960977
20.482758 -1.0344827 -17.060701635121873
20.482758 -1.2068965 -17.03951332642041
20.482758 -1.3793104 -17.009884018282865
20.482758 -1.5517242 -16.969305622326374
20.482758 -1.7241379 -16.91523523759433
20.482758 -1.8965517 -16.845541797408348
20.482758 -2.0689654 -16.759001895623832
20.482758 -2.2413793 -16.655632077226816
20.482758 -2.4137931 -16.536683660880023
20.482758 -2.5862069 -16.40430115142345
20.482758 -2.7586207 -16.261025286986612
20.482758 -2.9310346 -16.10934984804033
20.482758 -3.1034484 -15.951446735637097
20.482758 -3.275862 -15.78905958154876
20.482758 -3.4482758 -15.623511357387288
20.482758 -3.6206896 -15.455768487281317
20.482758 -3.7931035 -15.286517808437784
20.482758 -3.9655173 -15.116239055062369
20.482758 -4.1379309 -14.945262941616624
20.482758 -4.3103447 -14.77381508278661
20.482758 -4.4827585 -14.602049286596978
20.482758 -4.6551723 -14.430069538633086
20.482758 -4.8275862 -14.257945935487081
20.482758 -5.0 -14.085725969078135

20.827587 0.0 -17.10972378150048
20.827587 -0.1724138 -17.10612462567782
20.827587 -0.34482759 -17.101746135648867
20.827587 -0.51724136 -17.0960579574942
20.827587 -0.68965518 -17.0883280189537
20.827587 -0.86206895 -17.077548747912594
20.827587 -1.0344827 -17.062357861300736
20.827587 -1.2068965 -17.040974896492084
20.827587 -1.3793104 -17.011194506820512
20.827587 -1.5517242 -16.9704961889765
20.827587 -1.7241379 -16.91632494978316
20.827587 -1.8965517 -16.846539038435328
20.827587 -2.0689654 -16.7599073958912
20.827587 -2.2413793 -16.656443129194987
20.827587 -2.4137931 -16.53739815560233
20.827587 -2.5862069 -16.404920095076818
20.827587 -2.7586207 -16.26155340082489
20.827587 -2.9310346 -16.109794802427913
20.827587 -3.1034484 -15.951817868410679
20.827587 -3.275862 -15.789366713418941
20.827587 -3.4482758 -15.623763956966533
20.827587 -3.6206896 -15.455975196071599
20.827587 -3.7931035 -15.286686236878765
20.827587 -3.9655173 -15.116375750722773
20.827587 -4.1379309 -14.945373451706727
20.827587 -4.3103447 -14.773904059983227
20.827587 -4.4827585 -14.602120608218572
20.827587 -4.6551723 -14.430126422741509
20.827587 -4.8275862 -14.257991046418447
20.827587 -5.0 -14.085761509549275

21.172413 0.0 -17.119609529809296
21.172413 -0.1724138 -17.114348681279804
21.172413 -0.34482759 -17.108615215917567
21.172413 -0.51724136 -17.10182976200369
21.172413 -0.68965518 -17.093218902426145
21.172413 -0.86206895 -17.081739821196834
21.172413 -1.0344827 -17.065999398944125
21.172413 -1.2068965 -17.04418897242818
21.172413 -1.3793104 -17.014076004428254
21.172413 -1.5517242 -16.97311287599139
21.172413 -1.7241379 -16.918718090990986
21.172413 -1.8965517 -16.848726482280714
21.172413 -2.0689654 -16.7618903000228
21.172413 -2.2413793 -16.65821530987851
21.172413 -2.4137931 -16.538955005143567
21.172413 -2.5862069 -16.406264087550067
21.172413 -2.7586207 -16.26269533292579
21.172413 -2.9310346 -16.110752021829647
21.172413 -3.1034484 -15.952611389641254
21.172413 -3.275862 -15.790018576783842
21.172413 -3.4482758 -15.624295379888018
21.172413 -3.6206896 -15.456405529761922
21.172413 -3.7931035 -15.287032524863289
21.172413 -3.9655173 -15.116652666746926
21.172413 -4.1379309 -14.94559344334399
21.172413 -4.3103447 -14.774077584736249
21.172413 -4.4827585 -14.6022563960657
21.172413 -4.6551723 -14.43023172945389
21.172413 -4.8275862 -14.25807188204785
21.172413 -5.0 -14.085822837040153

21.517242 0.0 -17.140875283160735
21.517242 -0.1724138 -17.132113899681162
21.517242 -0.34482759 -17.123503981559416
21.517242 -0.51724136 -17.11437398627249
21.517242 -0.68965518 -17.103870519078722
21.517242 -0.86206895 -17.09088080118199
21.517242 -1.0344827 -17.073948987046148
21.517242 -1.2068965 -17.051207720633307
21.517242 -1.3793104 -17.020366749849668
21.517242 -1.5517242 -16.978820085495343
21.517242 -1.7241379 -16.923928778452716
21.517242 -1.8965517 -16.853476933530928
21.517242 -2.0689654 -16.76618106677405
21.517242 -2.2413793 -16.662032017760243
21.517242 -2.4137931 -16.54228801151071
21.517242 -2.5862069 -16.409120347628814
21.517242 -2.7586207 -16.26510071257422
21.517242 -2.9310346 -16.11274699675268
21.517242 -3.1034484 -15.954244424307767
21.517242 -3.275862 -15.791340177369042
21.517242 -3.4482758 -15.625353987359986
21.517242 -3.6206896 -15.457245232156119
21.517242 -3.7931035 -15.287692106507311
21.517242 -3.9655173 -15.117165487619086
21.517242 -4.1379309 -14.945987761807466
21.517242 -4.3103447 -14.774377077512074
21.517242 -4.4827585 -14.60248073624658
21.517242 -4.6551723 -14.430397149782543
21.517242 -4.8275862 -14.258191690930945
21.517242 -5.0 -14.085907872548002

21.862068 0.0 -17.18533843166778
21.862068 -0.1724138 -17.16954890641882
21.862068 -0.34482759 -17.155081046567457
21.862068 -0.51724136 -17.141117589026276
21.862068 -0.68965518 -17.126670883333972
21.862068 -0.86206895 -17.110504216854807
21.862068 -1.0344827 -17.091044843424413
21.862068 -1.2068965 -17.066310713290136
21.862068 -1.3793104 -17.033894185275393
21.862068 -1.5517242 -16.991067221041902
21.862068 -1.7241379 -16.93506922051477
21.862068 -1.8965517 -16.863577319559088
21.862068 -2.0689654 -16.77523493209379
21.862068 -2.2413793 -16.670006397846414
21.862068 -2.4137931 -16.54916642034881
21.862068 -2.5862069 -16.41492729125281
21.862068 -2.7586207 -16.26990453865664
21.862068 -2.9310346 -16.11664843210734
21.862068 -3.1034484 -15.957360708206615
21.862068 -3.275862 -15.793791360764633
21.862068 -3.4482758 -15.627253730898506
21.862068 -3.6206896 -15.458695834371415
21.862068 -3.7931035 -15.288782568825225
21.862068 -3.9655173 -15.117971442885429
21.862068 -4.1379309 -14.94657238985903
21.862068 -4.3103447 -14.774792440215604
21.862068 -4.4827585 -14.602769191263025
21.862068 -4.6551723 -14.430592658289413
21.862068 -4.8275862 -14.258320958435394
21.862068 -5.0 -14.085991349134268

22.206898 0.0 -17.27364319654955
22.206898 -0.1724138 -17.244932765916204
22.206898 -0.34482759 -17.21939990033984
22.206898 -0.51724136 -17.19609758736761
22.206898 -0.68965518 -17.17388232864045
22.206898 -0.86206895 -17.15134683452929
22.206898 -1.0344827 -17.12673520228333
22.206898 -1.2068965 -17.097865786219018
22.206898 -1.3793104 -17.062109714502316
22.206898 -1.5517242 -17.016497258754015
22.206898 -1.7241379 -16.95802271371234
22.206898 -1.8965517 -16.88415172292446
22.206898 -2.0689654 -16.793394973419737
22.206898 -2.2413793 -16.68568878375862
22.206898 -2.4137931 -16.562370267655066
22.206898 -2.5862069 -16.425757866033265
22.206898 -2.7586207 -16.27856753767293
22.206898 -2.9310346 -16.12341537062285
22.206898 -3.1034484 -15.96252896753105
22.206898 -3.275862 -15.797652730656344
22.206898 -3.4482758 -15.630075082019092
22.206898 -3.6206896 -15.460709972581904
22.206898 -3.7931035 -15.290185741548173
22.206898 -3.9655173 -15.118924457989333
22.206898 -4.1379309 -14.947203373174146
22.206898 -4.3103447 -14.7752002776441
22.206898 -4.4827585 -14.603027368274622
22.206898 -4.6551723 -14.430753457192084
22.206898 -4.8275862 -14.258419904401613
22.206898 -5.0 -14.086051588968035

22.551723 0.0 -17.432507445036993
22.551723 -0.1724138 -17.384354732024196
22.551723 -0.34482759 -17.34100624790055
22.551723 -0.51724136 -17.301843209754455
22.551723 -0.68965518 -17.26585659974315
22.551723 -0.86206895 -17.231615510740593
22.551723 -1.0344827 -17.197213692856202
22.551723 -1.2068965 -17.1602105481294
22.551723 -1.3793104 -17.11762147933413
22.551723 -1.5517242 -17.06604888213898
22.551723 -1.7241379 -17.002046735345058
22.551723 -1.8965517 -16.92272715484175
22.551723 -2.0689654 -16.826435648946013
22.551723 -2.2413793 -16.71316843450192
22.551723 -2.4137931 -16.58448432569669
22.551723 -2.5862069 -16.442962953086877
22.551723 -2.7586207 -16.291517560366216
22.551723 -2.9310346 -16.132855753443163
22.551723 -3.1034484 -15.969200793922186
22.551723 -3.275862 -15.802228282243643
22.551723 -3.4482758 -15.633124285788492
22.551723 -3.6206896 -15.46268944554189
22.551723 -3.7931035 -15.291442487507238
22.551723 -3.9655173 -15.119708704696412
22.551723 -4.1379309 -14.947686555231536
22.551723 -4.3103447 -14.775494675497704
22.551723 -4.4827585 -14.603204264203164
22.551723 -4.6551723 -14.430857601322577
22.551723 -4.8275862 -14.258479551790922
22.551723 -5.0 -14.086084706720378

22.896551 0.0 -17.6705362508591
22.896551 -0.1724138 -17.602369802059886
22.896551 -0.34482759 -17.538850560178297
22.896551 -0.51724136 -17.479727782683852
22.896551 -0.68965518 -17.424602748474147
22.896551 -0.86206895 -17.37260045128718
22.896551 -1.0344827 -17.322127035186114
22.896551 -1.2068965 -17.270734066444568
22.896551 -1.3793104 -17.215122036411437
22.896551 -1.5517242 -17.151371347491814
22.896551 -1.7241379 -17.07550141862899
22.896551 -1.8965517 -16.984326097950014
22.896551 -2.0689654 -16.87630225201367
22.896551 -2.2413793 -16.751904973852636
22.896551 -2.4137931 -16.613293376974237
22.896551 -2.5862069 -16.463496085235256
22.896551 -2.7586207 -16.305588048191197
22.896551 -2.9310346 -16.14217119738252
22.896551 -3.1034484 -15.9751958176941
22.896551 -3.275862 -15.80600375541683
22.896551 -3.4482758 -15.635464348168346
22.896551 -3.6206896 -15.464120584233488
22.896551 -3.7931035 -15.292304379448334
22.896551 -3.9655173 -15.120216825412818
22.896551 -4.1379309 -14.947977831008815
22.896551 -4.3103447 -14.775656498702036
22.896551 -4.4827585 -14.603291736395889
22.896551 -4.6551723 -14.430904178781727
22.896551 -4.8275862 -14.25850440687947
22.896551 -5.0 -14.086098163420166

23.241379 0.0 -17.985600926233325
23.241379 -0.1724138 -17.891386489008482
23.241379 -0.34482759 -17.803777585839903
23.241379 -0.51724136 -17.722237558222524
23.241379 -0.68965518 -17.64560693832204
23.241379 -0.86206895 -17.57241788656973
23.241379 -1.0344827 -17.50082356938842
23.241379 -1.2068965 -17.428304696946125
23.241379 -1.3793104 -17.35148764935167
23.241379 -1.5517242 -17.266392479797528
23.241379 -1.7241379 -17.169231162772803
23.241379 -1.8965517 -17.057498216705337
23.241379 -2.0689654 -16.930740239180025
23.241379 -2.2413793 -16.790491438141057
23.241379 -2.4137931 -16.639472755897437
23.241379 -2.5862069 -16.480629112736906
23.241379 -2.7586207 -16.31649112489594
23.241379 -2.9310346 -16.14895440114095
23.241379 -3.1034484 -15.979324571434379
23.241379 -3.275862 -15.808453793144603
23.241379 -3.4482758 -15.636874749050076
23.241379 -3.6206896 -15.464906497887913
23.241379 -3.7931035 -15.292730172240534
23.241379 -3.9655173 -15.120443959517127
23.241379 -4.1379309 -14.948099196895878
23.241379 -4.3103447 -14.775722263787546
23.241379 -4.4827585 -14.603327809558142
23.241379 -4.6551723 -14.43092390242141
23.241379 -4.8275862 -14.25851496180564
23.241379 -5.0 -14.086103636526929

23.586206 0.0 -18.34477106559693
23.586206 -0.1724138 -18.234848365957102
23.586206 -0.34482759 -18.124576866439018
23.586206 -0.51724136 -18.015380199330625
23.586206 -0.68965518 -17.908770924012586
23.586206 -0.86206895 -17.80514420989042
23.586206 -1.0344827 -17.703347535705444
23.586206 -1.2068965 -17.60086566879936
23.586206 -1.3793104 -17.49433189310348
23.586206 -1.5517242 -17.380275424587527
23.586206 -1.7241379 -17.256036061575198
23.586206 -1.8965517 -17.12051627085236
23.586206 -2.0689654 -16.97433686249116
23.586206 -2.2413793 -16.819332745926136
23.586206 -2.4137931 -16.657783967062745
23.586206 -2.5862069 -16.491805342926416
23.586206 -2.7586207 -16.3230500881568
23.586206 -2.9310346 -16.1526611766024
23.586206 -3.1034484 -15.981355035280984
23.586206 -3.275862 -15.809546325530157
23.586206 -3.4482758 -15.637462268306875
23.586206 -3.6206896 -15.465226193468782
23.586206 -3.7931035 -15.292905950067817
23.586206 -3.9655173 -15.120540192547718
23.586206 -4.1379309 -14.948150734425532
23.586206 -4.3103447 -14.77574900293009
23.586206 -4.4827585 -14.603341302114421
23.586206 -4.6551723 -14.430930633818267
23.586206 -4.8275862 -14.258518350069977
23.586206 -5.0 -14.086105374323225

23.931034 0.0 -18.663838523618583
23.931034 -0.1724138 -18.528825585220538
23.931034 -0.34482759 -18.397532138617883
23.931034 -0.51724136 -18.268640508211526
23.931034 -0.68965518 -18.14031633860702
23.931034 -0.86206895 -18.011131539744955
23.931034 -1.0344827 -17.88016097139782
23.931034 -1.2068965 -17.746483964448558
23.931034 -1.3793104 -17.608833694420962
23.931034 -1.5517242 -17.465820579034204
23.931034 -1.7241379 -17.316521278523307
23.931034 -1.8965517 -17.16091676925911
23.931034 -2.0689654 -16.999856867014618
23.931034 -2.2413793 -16.834648187416107
23.931034 -2.4137931 -16.66659680174556
23.931034 -2.5862069 -16.49673786390368
23.931034 -2.7586207 -16.325781435959566
23.931034 -2.9310346 -16.154176389886562
23.931034 -3.1034484 -15.982197507475853
23.931034 -3.275862 -15.8100103770687
23.931034 -3.4482758 -15.63771170827433
23.931034 -3.6206896 -15.46535596706608
23.931034 -3.7931035 -15.292971587639409
23.931034 -3.9655173 -15.120573003444493
23.931034 -4.1379309 -14.948167274201312
23.931034 -4.3103447 -14.775757493936078
23.931034 -4.4827585 -14.603345703311438
23.931034 -4.6551723 -14.430932892691695
23.931034 -4.8275862 -14.258519481636858
23.931034 -5.0 -14.08610592874378

24.275862 0.0 -18.904073552985455
24.275862 -0.1724138 -18.75149700093619
24.275862 -0.34482759 -18.597422910888454
24.275862 -0.51724136 -18.44256768447201
24.275862 -0.68965518 -18.287824929375788
24.275862 -0.86206895 -18.133510967431057
24.275862 -1.0344827 -17.979176692408902
24.275862 -1.2068965 -17.823896615191696
24.275862 -1.3793104 -17.666689108999456
24.275862 -1.5517242 -17.506837924633267
24.275862 -1.7241379 -17.344059441238738
24.275862 -1.8965517 -17.178510937471284
24.275862 -2.0689654 -17.010658374831692
24.275862 -2.2413793 -16.84108459035397
24.275862 -2.4137931 -16.67033778428372
24.275862 -2.5862069 -16.498853518289824
24.275862 -2.7586207 -16.326938356148535
24.275862 -2.9310346 -16.15478634919505
24.275862 -3.1034484 -15.982509551545377
24.275862 -3.275862 -15.810167854646355
24.275862 -3.4482758 -15.637791657979978
24.275862 -3.6206896 -15.465397197601499
24.275862 -3.7931035 -15.292993013742143
24.275862 -3.9655173 -15.120584016296581
24.275862 -4.1379309 -14.948172796565892
24.275862 -4.3103447 -14.775760201894164
24.275862 -4.4827585 -14.603347027365876
24.275862 -4.6551723 -14.430933554709299
24.275862 -4.8275862 -14.258519823863438
24.275862 -5.0 -14.086106109195523

24.620689 0.0 -19.020297294838095
24.620689 -0.1724138 -18.854644964251424
24.620689 -0.34482759 -18.689165972560776
24.620689 -0.51724136 -18.52394998389838
24.620689 -0.68965518 -18.358743455831505
24.620689 -0.86206895 -18.193260115779164
24.620689 -1.0344827 -18.027322690082435
24.620689 -1.2068965 -17.86080283278126
24.620689 -1.3793104 -17.69353787945626
24.620689 -1.5517242 -17.52535431895101
24.620689 -1.7241379 -17.35616103934783
24.620689 -1.8965517 -17.186008904965885
24.620689 -2.0689654 -17.01506879247687
24.620689 -2.2413793 -16.84355755865991
24.620689 -2.4137931 -16.67167201849564
24.620689 -2.5862069 -16.499557125134995
24.620689 -2.7586207 -16.327307411630205
24.620689 -2.9310346 -16.154980701672336
24.620689 -3.1034484 -15.98261177008432
24.620689 -3.275862 -15.810220763769024
24.620689 -3.4482758 -15.637818319011465
24.620689 -3.6206896 -15.465410323818292
24.620689 -3.7931035 -15.292999453299602
24.620689 -3.9655173 -15.120587243969213
24.620689 -4.1379309 -14.9481744676046
24.620689 -4.3103447 -14.775761083699427
24.620689 -4.4827585 -14.603347489634613
24.620689 -4.6551723 -14.43093379106067
24.620689 -4.8275862 -14.25851994162157
24.620689 -5.0 -14.086106167250751

24.965517 0.0 -19.063511033493807
24.965517 -0.1724138 -18.894220183411832
24.965517 -0.34482759 -18.72460664903046
24.965517 -0.51724136 -18.55463779314698
24.965517 -0.68965518 -18.38442333562881
24.965517 -0.86206895 -18.214092239913278
24.965517 -1.0344827 -18.04369232692318
24.965517 -1.2068965 -17.87317631102493
24.965517 -1.3793104 -17.70244979276658
24.965517 -1.5517242 -17.531429029336916
24.965517 -1.7241379 -17.360076569440686
24.965517 -1.8965517 -17.18840863618493
24.965517 -2.0689654 -17.016480396618643
24.965517 -2.2413793 -16.84436109581187
24.965517 -2.4137931 -16.67211571855503
24.965517 -2.5862069 -16.499794093843043
24.965517 -2.7586207 -16.3274296237238
24.965517 -2.9310346 -16.155042048841374
24.965517 -3.1034484 -15.982642354154127
24.965517 -3.275862 -15.81023627524845
24.965517 -3.4482758 -15.637826407656389
24.965517 -3.6206896 -15.465414608256935
24.965517 -3.7931035 -15.293001703796547
24.965517 -3.9655173 -15.120588396142825
24.965517 -4.1379309 -14.948175042285655
24.965517 -4.3103447 -14.775761367280783
24.965517 -4.4827585 -14.603347630961514
24.965517 -4.6551723 -14.430933862890694
24.965517 -4.8275862 -14.258519978476768
24.965517 -5.0 -14.086106185927056

25.310345 0.0 -19.078989934069273
25.310345 -0.1724138 -18.907332321873735
25.310345 -0.34482759 -18.735666763993503
25.310345 -0.51724136 -18.564030235117208
25.310345 -0.68965518 -18.392411984268033
25.310345 -0.86206895 -18.220774290375694
25.310345 -1.0344827 -18.049080406634804
25.310345 -1.2068965 -17.877306138980043
25.310345 -1.3793104 -17.705435888513446
25.310345 -1.5517242 -17.533459283383877
25.310345 -1.7241379 -17.361374088624864
25.310345 -1.8965517 -17.18918988249026
25.310345 -2.0689654 -17.016926277580716
25.310345 -2.2413793 -16.844605250009323
25.310345 -2.4137931 -16.672246429339218
25.310345 -2.5862069 -16.49986390883742
25.310345 -2.7586207 -16.327467206149144
25.310345 -2.9310346 -16.155062298369582
25.310345 -3.1034484 -15.982653090912416
25.310345 -3.275862 -15.810241807530357
25.310345 -3.4482758 -15.637829181819747
25.310345 -3.6206896 -15.465415983352356
25.310345 -3.7931035 -15.293002391408475
25.310345 -3.9655173 -15.120588746375436
25.310345 -4.1379309 -14.948175222201453
25.310345 -4.3103447 -14.775761458514342
25.310345 -4.4827585 -14.603347675893623
25.310345 -4.6551723 -14.43093388440095
25.310345 -4.8275862 -14.258519988687265
25.310345 -5.0 -14.086106190871607

25.655172 0.0 -19.083921629615517
25.655172 -0.1724138 -18.911747400024836
25.655172 -0.34482759 -18.739582042192513
25.655172 -0.51724136 -18.567408201696104
25.655172 -0.68965518 -18.395219938300528
25.655172 -0.86206895 -18.223020449805624
25.655172 -1.0344827 -18.05081233676871
25.655172 -1.2068965 -17.87859185798597
25.655172 -1.3793104 -17.706350295936442
25.655172 -1.5517242 -17.53407927366598
25.655172 -1.7241379 -17.361774566913255
25.655172 -1.8965517 -17.189437349534888
25.655172 -2.0689654 -17.017073373559843
25.655172 -2.2413793 -16.844689561228368
25.655172 -2.4137931 -16.67229296115021
25.655172 -2.5862069 -16.49988862208471
25.655172 -2.7586207 -16.327479920637852
25.655172 -2.9310346 -16.155068737320757
25.655172 -3.1034484 -15.982656362693962
25.655172 -3.275862 -15.810243491112834
25.655172 -3.4482758 -15.63783005165643
25.655172 -3.6206896 -15.46541642588285
25.655172 -3.7931035 -15.293002609846344
25.655172 -3.9655173 -15.120588851145197
25.655172 -4.1379309 -14.948175272013806
25.655172 -4.3103447 -14.775761482666079
25.655172 -4.4827585 -14.603347688019543
25.655172 -4.6551723 -14.430933890626793
25.655172 -4.8275862 -14.25851999185998
25.655172 -5.0 -14.086106192437494

26.0 0.0 -19.08550966881306
26.0 -0.1724138 -18.91315558473803
26.0 -0.34482759 -18.74079444038091
26.0 -0.51724136 -18.568433671624625
26.0 -0.68965518 -18.396077662144133
26.0 -0.86206895 -18.223726159216586
26.0 -1.0344827 -18.051375590578914
26.0 -1.2068965 -17.879021600670928
26.0 -1.3793104 -17.706660511848668
26.0 -1.5517242 -17.53429006770718
26.0 -1.7241379 -17.361909309306178
26.0 -1.8965517 -17.189518662987805
26.0 -2.0689654 -17.01712010024948
26.0 -2.2413793 -16.844715481309237
26.0 -2.4137931 -16.67230705241946
26.0 -2.5862069 -16.499896197388466
26.0 -2.7586207 -16.327483935688576
26.0 -2.9310346 -16.155070811452724
26.0 -3.1034484 -15.982657397760331
26.0 -3.275862 -15.810243992145333
26.0 -3.4482758 -15.637830291741833
26.0 -3.6206896 -15.465416542982103
26.0 -3.7931035 -15.29300266885739
26.0 -3.9655173 -15.120588881502323
26.0 -4.1379309 -14.948175287499323
26.0 -4.3103447 -14.775761490313803
26.0 -4.4827585 -14.603347691656797
26.0 -4.6551723 -14.43093389231872
26.0 -4.8275862 -14.258519992652586
26.0 -5.0 -14.086106192820806
