# KROME file, XRAY He rate
# Distance = 1 kpc
# Xray rate including primary He ionization in 1/s
# first line indicates the size of the table (30x30)
# then first column is the parameter log10(nH), where nH is the H column density in cm-2
# second column is log10(xHe), where xHe = nHe/nH both in cm-2
# third column is log10(rate), where rate is in units of 1/s
30, 30
16.0 0.0 -10.306079120465855
16.0 -0.1724138 -10.306043738998879
16.0 -0.34482759 -10.306015403000613
16.0 -0.51724136 -10.305992965910558
16.0 -0.68965518 -10.305975500941802
16.0 -0.86206895 -10.305962258111576
16.0 -1.0344827 -10.305952625044393
16.0 -1.2068965 -10.305946088587385
16.0 -1.3793104 -10.305942193389676
16.0 -1.5517242 -10.305940492440627
16.0 -1.7241379 -10.305940482583395
16.0 -1.8965517 -10.30594151500989
16.0 -2.0689654 -10.305942666044484
16.0 -2.2413793 -10.305942546600491
16.0 -2.4137931 -10.305939018199153
16.0 -2.5862069 -10.305928767848078
16.0 -2.7586207 -10.305906670797379
16.0 -2.9310346 -10.305864835681612
16.0 -3.1034484 -10.3057911757147
16.0 -3.275862 -10.30566727412734
16.0 -3.4482758 -10.305465201889364
16.0 -3.6206896 -10.305142789317385
16.0 -3.7931035 -10.304636622002645
16.0 -3.9655173 -10.303851724361373
16.0 -4.1379309 -10.302646469258809
16.0 -4.3103447 -10.300810738609963
16.0 -4.4827585 -10.298034845433678
16.0 -4.6551723 -10.293866356702456
16.0 -4.8275862 -10.287652431048748
16.0 -5.0 -10.27846762087856

16.344828 0.0 -10.306340123672568
16.344828 -0.1724138 -10.30626205768739
16.344828 -0.34482759 -10.306199660003493
16.344828 -0.51724136 -10.306150440125204
16.344828 -0.68965518 -10.30611241420554
16.344828 -0.86206895 -10.306084020591713
16.344828 -1.0344827 -10.306064048678582
16.344828 -1.2068965 -10.30605157700404
16.344828 -1.3793104 -10.30604591574728
16.344828 -1.5517242 -10.306046547999133
16.344828 -1.7241379 -10.306053062464091
16.344828 -1.8965517 -10.306065067503342
16.344828 -2.0689654 -10.306082071839713
16.344828 -2.2413793 -10.306103310797186
16.344828 -2.4137931 -10.306127486228922
16.344828 -2.5862069 -10.30615237356057
16.344828 -2.7586207 -10.306174225477827
16.344828 -2.9310346 -10.306186867971771
16.344828 -3.1034484 -10.30618033293826
16.344828 -3.275862 -10.306138796196615
16.344828 -3.4482758 -10.306037477985372
16.344828 -3.6206896 -10.305838002953623
16.344828 -3.7931035 -10.305481483309338
16.344828 -3.9655173 -10.30487826864788
16.344828 -4.1379309 -10.303892868063038
16.344828 -4.3103447 -10.302322006446301
16.344828 -4.4827585 -10.299863213819366
16.344828 -4.6551723 -10.296070913511251
16.344828 -4.8275862 -10.290297352967249
16.344828 -5.0 -10.28161798349378

16.689655 0.0 -10.306917230549072
16.689655 -0.1724138 -10.306744823121601
16.689655 -0.34482759 -10.306607131232013
16.689655 -0.51724136 -10.30649870047309
16.689655 -0.68965518 -10.306415214664112
16.689655 -0.86206895 -10.306353320596083
16.689655 -1.0344827 -10.306310486848288
16.689655 -1.2068965 -10.306284890266332
16.689655 -1.3793104 -10.306275323136676
16.689655 -1.5517242 -10.306281114082608
16.689655 -1.7241379 -10.30630205457256
16.689655 -1.8965517 -10.306338320739906
16.689655 -2.0689654 -10.306390375853734
16.689655 -2.2413793 -10.306458833364976
16.689655 -2.4137931 -10.306544249215204
16.689655 -2.5862069 -10.306646799251956
16.689655 -2.7586207 -10.306765772284189
16.689655 -2.9310346 -10.30689877696734
16.689655 -3.1034484 -10.307040507599336
16.689655 -3.275862 -10.307180838755981
16.689655 -3.4482758 -10.307301902994233
16.689655 -3.6206896 -10.307373637524726
16.689655 -3.7931035 -10.307347047014847
16.689655 -3.9655173 -10.307144079973888
16.689655 -4.1379309 -10.306642548022747
16.689655 -4.3103447 -10.305653904905858
16.689655 -4.4827585 -10.303891028310622
16.689655 -4.6551723 -10.300922572932688
16.689655 -4.8275862 -10.296110622067866
16.689655 -5.0 -10.288530464845698

17.034483 0.0 -10.30819251678619
17.034483 -0.1724138 -10.307811823817339
17.034483 -0.34482759 -10.307507844915362
17.034483 -0.51724136 -10.30726861356825
17.034483 -0.68965518 -10.307084683787375
17.034483 -0.86206895 -10.306948758731455
17.034483 -1.0344827 -10.306855397722183
17.034483 -1.2068965 -10.306800790553629
17.034483 -1.3793104 -10.306782587748927
17.034483 -1.5517242 -10.30679977701026
17.034483 -1.7241379 -10.30685259615204
17.034483 -1.8965517 -10.30694247177143
17.034483 -2.0689654 -10.307071968980958
17.034483 -2.2413793 -10.307244734311267
17.034483 -2.4137931 -10.307465401403213
17.034483 -2.5862069 -10.307739420278995
17.034483 -2.7586207 -10.308072742339773
17.034483 -2.9310346 -10.308471263831509
17.034483 -3.1034484 -10.308939873434632
17.034483 -3.275862 -10.309480874171332
17.034483 -3.4482758 -10.3100914244612
17.034483 -3.6206896 -10.31075945491822
17.034483 -3.7931035 -10.311457264295884
17.034483 -3.9655173 -10.312131579089048
17.034483 -4.1379309 -10.31268832013955
17.034483 -4.3103447 -10.312969545613734
17.034483 -4.4827585 -10.312719106851162
17.034483 -4.6551723 -10.311532645700106
17.034483 -4.8275862 -10.30878721725617
17.034483 -5.0 -10.303547570173547

17.379311 0.0 -10.311006873924956
17.379311 -0.1724138 -10.31016745300749
17.379311 -0.34482759 -10.309496981525216
17.379311 -0.51724136 -10.308969304871562
17.379311 -0.68965518 -10.308563774370917
17.379311 -0.86206895 -10.308264465122837
17.379311 -1.0344827 -10.30805956246287
17.379311 -1.2068965 -10.307940897971267
17.379311 -1.3793104 -10.307903615546495
17.379311 -1.5517242 -10.307945952586584
17.379311 -1.7241379 -10.308069123509526
17.379311 -1.8965517 -10.308277293979515
17.379311 -2.0689654 -10.308577630859833
17.379311 -2.2413793 -10.308980414139256
17.379311 -2.4137931 -10.309499181310146
17.379311 -2.5862069 -10.310150873991418
17.379311 -2.7586207 -10.310955919580302
17.379311 -2.9310346 -10.311938156301
17.379311 -3.1034484 -10.31312444195941
17.379311 -3.275862 -10.314543707256469
17.379311 -3.4482758 -10.316225062871554
17.379311 -3.6206896 -10.31819432999085
17.379311 -3.7931035 -10.320468067283837
17.379311 -3.9655173 -10.323043578652731
17.379311 -4.1379309 -10.325882656791261
17.379311 -4.3103447 -10.328885647048551
17.379311 -4.4827585 -10.33185085576175
17.379311 -4.6551723 -10.334412616074994
17.379311 -4.8275862 -10.335949844468775
17.379311 -5.0 -10.335458089117239

17.724138 0.0 -10.317199383037348
17.724138 -0.1724138 -10.315355124062673
17.724138 -0.34482759 -10.313880576882891
17.724138 -0.51724136 -10.312719258523165
17.724138 -0.68965518 -10.311826445234638
17.724138 -0.86206895 -10.311167592806719
17.724138 -1.0344827 -10.310717087621727
17.724138 -1.2068965 -10.31045730313364
17.724138 -1.3793104 -10.310377931709167
17.724138 -1.5517242 -10.310475569886027
17.724138 -1.7241379 -10.310753539832078
17.724138 -1.8965517 -10.311221933876155
17.724138 -2.0689654 -10.311897865159516
17.724138 -2.2413793 -10.312805916496345
17.724138 -2.4137931 -10.313978754084623
17.724138 -2.5862069 -10.315457886570067
17.724138 -2.7586207 -10.317294489811687
17.724138 -2.9310346 -10.319550197365984
17.724138 -3.1034484 -10.322297654558406
17.724138 -3.275862 -10.325620531049625
17.724138 -3.4482758 -10.32961245595623
17.724138 -3.6206896 -10.334373956633819
17.724138 -3.7931035 -10.340006043715594
17.724138 -3.9655173 -10.346598059941739
17.724138 -4.1379309 -10.354206176494452
17.724138 -4.3103447 -10.362816765295713
17.724138 -4.4827585 -10.372285834370341
17.724138 -4.6551723 -10.38224226116435
17.724138 -4.8275862 -10.391939204579588
17.724138 -5.0 -10.400040388408046

18.068966 0.0 -10.330736148940794
18.068966 -0.1724138 -10.326717229766011
18.068966 -0.34482759 -10.323496313594342
18.068966 -0.51724136 -10.320954907045113
18.068966 -0.68965518 -10.318998436304412
18.068966 -0.86206895 -10.317553427014202
18.068966 -1.0344827 -10.316565199534928
18.068966 -1.2068965 -10.315996091884168
18.068966 -1.3793104 -10.315824190945762
18.068966 -1.5517242 -10.316042555512222
18.068966 -1.7241379 -10.316658914932633
18.068966 -1.8965517 -10.317695829125814
18.068966 -2.0689654 -10.319191282598624
18.068966 -2.2413793 -10.321199702098582
18.068966 -2.4137931 -10.323793329664504
18.068966 -2.5862069 -10.327063913424167
18.068966 -2.7586207 -10.331124547264784
18.068966 -2.9310346 -10.33611145047068
18.068966 -3.1034484 -10.342185262821825
18.068966 -3.275862 -10.349531222936166
18.068966 -3.4482758 -10.358357124761792
18.068966 -3.6206896 -10.3688871699343
18.068966 -3.7931035 -10.381348991797523
18.068966 -3.9655173 -10.395949094723205
18.068966 -4.1379309 -10.412829657662174
18.068966 -4.3103447 -10.431995704823157
18.068966 -4.4827585 -10.453196527647211
18.068966 -4.6551723 -10.475740923694238
18.068966 -4.8275862 -10.498225485993606
18.068966 -5.0 -10.518175169864062

18.413794 0.0 -10.35990106682546
18.413794 -0.1724138 -10.351301809492506
18.413794 -0.34482759 -10.344373059784985
18.413794 -0.51724136 -10.338882865191064
18.413794 -0.68965518 -10.334642435133391
18.413794 -0.86206895 -10.33150289634953
18.413794 -1.0344827 -10.32935223456515
18.413794 -1.2068965 -10.328112716866094
18.413794 -1.3793104 -10.32773893791364
18.413794 -1.5517242 -10.32821657429907
18.413794 -1.7241379 -10.329561879716886
18.413794 -1.8965517 -10.331821913963243
18.413794 -2.0689654 -10.335075429497742
18.413794 -2.2413793 -10.3394343345027
18.413794 -2.4137931 -10.345045478328293
18.413794 -2.5862069 -10.352092516108607
18.413794 -2.7586207 -10.3607972590168
18.413794 -2.9310346 -10.371419759234016
18.413794 -3.1034484 -10.38425585192005
18.413794 -3.275862 -10.399630415262925
18.413794 -3.4482758 -10.417883711463155
18.413794 -3.6206896 -10.439346932203438
18.413794 -3.7931035 -10.464302262274865
18.413794 -3.9655173 -10.492920488725627
18.413794 -4.1379309 -10.525167839848542
18.413794 -4.3103447 -10.560670628119588
18.413794 -4.4827585 -10.59852138727138
18.413794 -4.6551723 -10.637003974504918
18.413794 -4.8275862 -10.673210233032904
18.413794 -5.0 -10.702556836783828

18.758621 0.0 -10.420757045398313
18.758621 -0.1724138 -10.403084568523179
18.758621 -0.34482759 -10.38867676797241
18.758621 -0.51724136 -10.377152651691567
18.758621 -0.68965518 -10.368186044405068
18.758621 -0.86206895 -10.361509701313876
18.758621 -1.0344827 -10.35691670489695
18.758621 -1.2068965 -10.35426037171414
18.758621 -1.3793104 -10.353453500865434
18.758621 -1.5517242 -10.354467526208744
18.758621 -1.7241379 -10.357331862504308
18.758621 -1.8965517 -10.362133488443554
18.758621 -2.0689654 -10.369016501842635
18.758621 -2.2413793 -10.378181215931546
18.758621 -2.4137931 -10.389881856167523
18.758621 -2.5862069 -10.40442184299175
18.758621 -2.7586207 -10.422144935727129
18.758621 -2.9310346 -10.443420498183027
18.758621 -3.1034484 -10.468620937843221
18.758621 -3.275862 -10.498090298651759
18.758621 -3.4482758 -10.53210448203432
18.758621 -3.6206896 -10.57082590324374
18.758621 -3.7931035 -10.61425828544973
18.758621 -3.9655173 -10.662201730913921
18.758621 -4.1379309 -10.714187983237293
18.758621 -4.3103447 -10.76932370317258
18.758621 -4.4827585 -10.825890506673318
18.758621 -4.6551723 -10.880507000820552
18.758621 -4.8275862 -10.926837400086683
18.758621 -5.0 -10.954598060070238

19.103449 0.0 -10.539413284456108
19.103449 -0.1724138 -10.506020028429814
19.103449 -0.34482759 -10.478147785712643
19.103449 -0.51724136 -10.455415922277998
19.103449 -0.68965518 -10.437449692367492
19.103449 -0.86206895 -10.42390710423505
19.103449 -1.0344827 -10.414500974281424
19.103449 -1.2068965 -10.409014768795933
19.103449 -1.3793104 -10.407312443918956
19.103449 -1.5517242 -10.40934308634326
19.103449 -1.7241379 -10.415140985639935
19.103449 -1.8965517 -10.424821286886141
19.103449 -2.0689654 -10.43857070579807
19.103449 -2.2413793 -10.456632627203662
19.103449 -2.4137931 -10.479285618016975
19.103449 -2.5862069 -10.506815987389535
19.103449 -2.7586207 -10.539486881571811
19.103449 -2.9310346 -10.577511238303014
19.103449 -3.1034484 -10.621040528216632
19.103449 -3.275862 -10.670183173881858
19.103449 -3.4482758 -10.72505502050761
19.103449 -3.6206896 -10.78582856821324
19.103449 -3.7931035 -10.852686874802997
19.103449 -3.9655173 -10.925516621021464
19.103449 -4.1379309 -11.00314835686479
19.103449 -4.3103447 -11.082035842607018
19.103449 -4.4827585 -11.15461249721839
19.103449 -4.6551723 -11.208454891203933
19.103449 -4.8275862 -11.228563422527252
19.103449 -5.0 -11.203885912151698

19.448277 0.0 -10.74515984006881
19.448277 -0.1724138 -10.689728569664679
19.448277 -0.34482759 -10.642099588823886
19.448277 -0.51724136 -10.60212617789776
19.448277 -0.68965518 -10.569700951159975
19.448277 -0.86206895 -10.54471067251739
19.448277 -1.0344827 -10.527028760882974
19.448277 -1.2068965 -10.516529966520277
19.448277 -1.3793104 -10.5131104456207
19.448277 -1.5517242 -10.516701766940844
19.448277 -1.7241379 -10.527273134800065
19.448277 -1.8965517 -10.544820940916162
19.448277 -2.0689654 -10.569349075909841
19.448277 -2.2413793 -10.600849143901996
19.448277 -2.4137931 -10.639294960097189
19.448277 -2.5862069 -10.684669955253044
19.448277 -2.7586207 -10.737037486883592
19.448277 -2.9310346 -10.79663668012054
19.448277 -3.1034484 -10.863934872448237
19.448277 -3.275862 -10.939517248583769
19.448277 -3.4482758 -11.023686978224795
19.448277 -3.6206896 -11.115723044414125
19.448277 -3.7931035 -11.212900710042955
19.448277 -3.9655173 -11.309592838213991
19.448277 -4.1379309 -11.396999906395349
19.448277 -4.3103447 -11.464041367230081
19.448277 -4.4827585 -11.499348728179896
19.448277 -4.6551723 -11.493745238430755
19.448277 -4.8275862 -11.443033068194993
19.448277 -5.0 -11.350296925150088

19.793104 0.0 -11.068174504062384
19.793104 -0.1724138 -10.982374328472197
19.793104 -0.34482759 -10.90794271089147
19.793104 -0.51724136 -10.844791294009681
19.793104 -0.68965518 -10.792808722065443
19.793104 -0.86206895 -10.752023650189479
19.793104 -1.0344827 -10.722578762530338
19.793104 -1.2068965 -10.704629913687109
19.793104 -1.3793104 -10.69825211134608
19.793104 -1.5517242 -10.703385751697164
19.793104 -1.7241379 -10.71982888502691
19.793104 -1.8965517 -10.74727642665374
19.793104 -2.0689654 -10.785407552482848
19.793104 -2.2413793 -10.834008920062752
19.793104 -2.4137931 -10.893080522937296
19.793104 -2.5862069 -10.962822707790531
19.793104 -2.7586207 -11.043388564205246
19.793104 -2.9310346 -11.134363743263668
19.793104 -3.1034484 -11.234107140365252
19.793104 -3.275862 -11.339297700686293
19.793104 -3.4482758 -11.445132780873159
19.793104 -3.6206896 -11.546295085921251
19.793104 -3.7931035 -11.637817685802919
19.793104 -3.9655173 -11.714224042994479
19.793104 -4.1379309 -11.766855110635714
19.793104 -4.3103447 -11.7830682264769
19.793104 -4.4827585 -11.751939954034034
19.793104 -4.6551723 -11.672909677019094
19.793104 -4.8275862 -11.556257168043107
19.793104 -5.0 -11.415226396016477

20.137932 0.0 -11.520297042750082
20.137932 -0.1724138 -11.411698363048597
20.137932 -0.34482759 -11.309585581770543
20.137932 -0.51724136 -11.217702677328303
20.137932 -0.68965518 -11.139175526264937
20.137932 -0.86206895 -11.076105742430796
20.137932 -1.0344827 -11.029750206753755
20.137932 -1.2068965 -11.000820441500807
20.137932 -1.3793104 -10.989659506280484
20.137932 -1.5517242 -10.996302836856074
20.137932 -1.7241379 -11.020512930188781
20.137932 -1.8965517 -11.061815364204476
20.137932 -2.0689654 -11.119460767702167
20.137932 -2.2413793 -11.192211048486321
20.137932 -2.4137931 -11.277968914234584
20.137932 -2.5862069 -11.37351847882307
20.137932 -2.7586207 -11.474828643518846
20.137932 -2.9310346 -11.578147153946679
20.137932 -3.1034484 -11.681236874856532
20.137932 -3.275862 -11.783254336045301
20.137932 -3.4482758 -11.882366716518215
20.137932 -3.6206896 -11.972230419257482
20.137932 -3.7931035 -12.040232151099675
20.137932 -3.9655173 -12.070722936508757
20.137932 -4.1379309 -12.053090876506392
20.137932 -4.3103447 -11.987591723552162
20.137932 -4.4827585 -11.88302350066621
20.137932 -4.6551723 -11.75065525891306
20.137932 -4.8275862 -11.60039388057866
20.137932 -5.0 -11.439582429616106

20.482758 0.0 -12.003953441060904
20.482758 -0.1724138 -11.890212566797896
20.482758 -0.34482759 -11.78453193321811
20.482758 -0.51724136 -11.68769185746011
20.482758 -0.68965518 -11.600916679123051
20.482758 -0.86206895 -11.526831818538165
20.482758 -1.0344827 -11.46905453654713
20.482758 -1.2068965 -11.431069828423414
20.482758 -1.3793104 -11.41527961439359
20.482758 -1.5517242 -11.422528683585764
20.482758 -1.7241379 -11.451981147384798
20.482758 -1.8965517 -11.501233412372914
20.482758 -2.0689654 -11.56675177191181
20.482758 -2.2413793 -11.644775452179406
20.482758 -2.4137931 -11.732436910292366
20.482758 -2.5862069 -11.828228720034495
20.482758 -2.7586207 -11.93100308712493
20.482758 -2.9310346 -12.037866082382395
20.482758 -3.1034484 -12.142506887733964
20.482758 -3.275862 -12.235443924671305
20.482758 -3.4482758 -12.306159365929906
20.482758 -3.6206896 -12.345114735182964
20.482758 -3.7931035 -12.344300794539935
20.482758 -3.9655173 -12.298662949803669
20.482758 -4.1379309 -12.209711005038516
20.482758 -4.3103447 -12.086385758982196
20.482758 -4.4827585 -11.940507477368602
20.482758 -4.6551723 -11.78181793998085
20.482758 -4.8275862 -11.616430228514442
20.482758 -5.0 -11.447627605878358

20.827587 0.0 -12.502248348983743
20.827587 -0.1724138 -12.392468640562381
20.827587 -0.34482759 -12.284958945659959
20.827587 -0.51724136 -12.181772441771276
20.827587 -0.68965518 -12.087412873561169
20.827587 -0.86206895 -12.006844041324335
20.827587 -1.0344827 -11.944205437416544
20.827587 -1.2068965 -11.902566124967338
20.827587 -1.3793104 -11.883939608125305
20.827587 -1.5517242 -11.889119659514302
20.827587 -1.7241379 -11.917558509424012
20.827587 -1.8965517 -11.967510839318138
20.827587 -2.0689654 -12.036205909610375
20.827587 -2.2413793 -12.119696814527966
20.827587 -2.4137931 -12.212628056595989
20.827587 -2.5862069 -12.308753950645736
20.827587 -2.7586207 -12.402412020541714
20.827587 -2.9310346 -12.489374779948365
20.827587 -3.1034484 -12.564970575003988
20.827587 -3.275862 -12.620183147583369
20.827587 -3.4482758 -12.640586271276199
20.827587 -3.6206896 -12.61308465417575
20.827587 -3.7931035 -12.53603341931229
20.827587 -3.9655173 -12.419968042417368
20.827587 -4.1379309 -12.278803821555508
20.827587 -4.3103447 -12.123187190405275
20.827587 -4.4827585 -11.95959619212558
20.827587 -4.6551723 -11.791692990697012
20.827587 -4.8275862 -11.621525874265995
20.827587 -5.0 -11.450217193465168

21.172413 0.0 -13.01159048563108
21.172413 -0.1724138 -12.88854724060209
21.172413 -0.34482759 -12.773354268101965
21.172413 -0.51724136 -12.669489974993205
21.172413 -0.68965518 -12.578596293111422
21.172413 -0.86206895 -12.501762445234144
21.172413 -1.0344827 -12.440940979023473
21.172413 -1.2068965 -12.399101737940294
21.172413 -1.3793104 -12.379116555153782
21.172413 -1.5517242 -12.38239613302228
21.172413 -1.7241379 -12.408164533605714
21.172413 -1.8965517 -12.453682100494998
21.172413 -2.0689654 -12.515276230465478
21.172413 -2.2413793 -12.589495271670888
21.172413 -2.4137931 -12.673185539541482
21.172413 -2.5862069 -12.761717579170236
21.172413 -2.7586207 -12.84615174727695
21.172413 -2.9310346 -12.91181704873316
21.172413 -3.1034484 -12.94146111695539
21.172413 -3.275862 -12.923206222946671
21.172413 -3.4482758 -12.856576671731856
21.172413 -3.6206896 -12.75034221634316
21.172413 -3.7931035 -12.616194306807177
21.172413 -3.9655173 -12.464466559447724
21.172413 -4.1379309 -12.302676747526036
21.172413 -4.3103447 -12.135573811425662
21.172413 -4.4827585 -11.965815596935713
21.172413 -4.6551723 -11.794752606423879
21.172413 -4.8275862 -11.623035032396718
21.172413 -5.0 -11.45097830435783

21.517242 0.0 -13.529162617726094
21.517242 -0.1724138 -13.411696546998435
21.517242 -0.34482759 -13.300206358571307
21.517242 -0.51724136 -13.194070838327475
21.517242 -0.68965518 -13.095271190599975
21.517242 -0.86206895 -13.008315806063418
21.517242 -1.0344827 -12.938472251657213
21.517242 -1.2068965 -12.890131668048673
21.517242 -1.3793104 -12.866098122559494
21.517242 -1.5517242 -12.867434618458597
21.517242 -1.7241379 -12.893386414160402
21.517242 -1.8965517 -12.941182791935358
21.517242 -2.0689654 -13.005641754676029
21.517242 -2.2413793 -13.078758764944194
21.517242 -2.4137931 -13.149862726428177
21.517242 -2.5862069 -13.206690661013072
21.517242 -2.7586207 -13.236775052532446
21.517242 -2.9310346 -13.228928332434352
21.517242 -3.1034484 -13.176472251723055
21.517242 -3.275862 -13.081353779428184
21.517242 -3.4482758 -12.953514527987801
21.517242 -3.6206896 -12.804975486824963
21.517242 -3.7931035 -12.644970218651942
21.517242 -3.9655173 -12.479002225955295
21.517242 -4.1379309 -12.30994890572501
21.517242 -4.3103447 -12.139268656123889
21.517242 -4.4827585 -11.967727664179076
21.517242 -4.6551723 -11.795742366287906
21.517242 -4.8275862 -11.62353659764491
21.517242 -5.0 -11.451225077049175

21.862068 0.0 -14.05906484811433
21.862068 -0.1724138 -13.939968619586294
21.862068 -0.34482759 -13.821620052376387
21.862068 -0.51724136 -13.709090284499847
21.862068 -0.68965518 -13.607740026262391
21.862068 -0.86206895 -13.521528886641079
21.862068 -1.0344827 -13.453228145448156
21.862068 -1.2068965 -13.405203174714627
21.862068 -1.3793104 -13.379393651809632
21.862068 -1.5517242 -13.376411039730225
21.862068 -1.7241379 -13.394594399261294
21.862068 -1.8965517 -13.429637783709923
21.862068 -2.0689654 -13.474527175673803
21.862068 -2.2413793 -13.51896610063503
21.862068 -2.4137931 -13.548484621713092
21.862068 -2.5862069 -13.546228148742316
21.862068 -2.7586207 -13.500265583647918
21.862068 -2.9310346 -13.41080606639981
21.862068 -3.1034484 -13.287978505126969
21.862068 -3.275862 -13.143648714847098
21.862068 -3.4482758 -12.986623925576755
21.862068 -3.6206896 -12.82237402688812
21.862068 -3.7931035 -12.654135616807626
21.862068 -3.9655173 -12.483790532475796
21.862068 -4.1379309 -12.312387262264922
21.862068 -4.3103447 -12.140471608547184
21.862068 -4.4827585 -11.968309565637849
21.862068 -4.6551723 -11.796025435549621
21.862068 -4.8275862 -11.623678190308562
21.862068 -5.0 -11.451297963448111

22.206898 0.0 -14.565404624303627
22.206898 -0.1724138 -14.440863794037341
22.206898 -0.34482759 -14.32629222326946
22.206898 -0.51724136 -14.221952553610839
22.206898 -0.68965518 -14.12712275353343
22.206898 -0.86206895 -14.042560358780774
22.206898 -1.0344827 -13.971341568430063
22.206898 -1.2068965 -13.917559397678486
22.206898 -1.3793104 -13.884160803840153
22.206898 -1.5517242 -13.87114237050058
22.206898 -1.7241379 -13.87431313887654
22.206898 -1.8965517 -13.884585998287951
22.206898 -2.0689654 -13.888489026041615
22.206898 -2.2413793 -13.871198228538375
22.206898 -2.4137931 -13.821809564565186
22.206898 -2.5862069 -13.737241758377543
22.206898 -2.7586207 -13.621642889965567
22.206898 -2.9310346 -13.482810818669646
22.206898 -3.1034484 -13.328768401826293
22.206898 -3.275862 -13.165842193234557
22.206898 -3.4482758 -12.998182774035163
22.206898 -3.6206896 -12.828150639053925
22.206898 -3.7931035 -12.656951717513586
22.206898 -3.9655173 -12.485166984840065
22.206898 -4.1379309 -12.313077701875608
22.206898 -4.3103447 -12.140827555475036
22.206898 -4.4827585 -11.96849432738721
22.206898 -4.6551723 -11.796119696449543
22.206898 -4.8275862 -11.62372496662829
22.206898 -5.0 -11.451320730341061

22.551723 0.0 -15.080485556795589
22.551723 -0.1724138 -14.96418628797208
22.551723 -0.34482759 -14.847258450282188
22.551723 -0.51724136 -14.731486366864806
22.551723 -0.68965518 -14.621980771240446
22.551723 -0.86206895 -14.524302039407658
22.551723 -1.0344827 -14.442274473147203
22.551723 -1.2068965 -14.377329100890115
22.551723 -1.3793104 -14.328403508605808
22.551723 -1.5517242 -14.29145759145285
22.551723 -1.7241379 -14.258797757045953
22.551723 -1.8965517 -14.219341367138512
22.551723 -2.0689654 -14.161033259952191
22.551723 -2.2413793 -14.075358168007892
22.551723 -2.4137931 -13.96108675682813
22.551723 -2.5862069 -13.823604543382544
22.551723 -2.7586207 -13.670649573175233
22.551723 -2.9310346 -13.508686308559719
22.551723 -3.1034484 -13.341835562141648
22.551723 -3.275862 -13.172373469140103
22.551723 -3.4482758 -13.001502871639937
22.551723 -3.6206896 -12.829874694415057
22.551723 -3.7931035 -12.657849965172671
22.551723 -3.9655173 -12.48562620098126
22.551723 -4.1379309 -12.313305899647736
22.551723 -4.3103447 -12.140938738536661
22.551723 -4.4827585 -11.96854854808744
22.551723 -4.6551723 -11.796146629569998
22.551723 -4.8275862 -11.62373858524131
22.551723 -5.0 -11.45132761315559

22.896551 0.0 -15.56158535849802
22.896551 -0.1724138 -15.427735908567653
22.896551 -0.34482759 -15.300445844796098
22.896551 -0.51724136 -15.182147287152931
22.896551 -0.68965518 -15.072857974616367
22.896551 -0.86206895 -14.971509737896087
22.896551 -1.0344827 -14.877351128147506
22.896551 -1.2068965 -14.78980646274676
22.896551 -1.3793104 -14.706833921453951
22.896551 -1.5517242 -14.623480399180886
22.896551 -1.7241379 -14.532421284227368
22.896551 -1.8965517 -14.426827632423505
22.896551 -2.0689654 -14.303580480474169
22.896551 -2.2413793 -14.164010160533389
22.896551 -2.4137931 -14.011946493566262
22.896551 -2.5862069 -13.85142964874472
22.896551 -2.7586207 -13.685627849534436
22.896551 -2.9310346 -13.51671972838553
22.896551 -3.1034484 -13.346093801735973
22.896551 -3.275862 -13.174572047988343
22.896551 -3.4482758 -13.00260272509169
22.896551 -3.6206896 -12.830413272122042
22.896551 -3.7931035 -12.65811359717333
22.896551 -3.9655173 -12.485757480899245
22.896551 -4.1379309 -12.313372376526335
22.896551 -4.3103447 -12.140972362411256
22.896551 -4.4827585 -11.968565207856601
22.896551 -4.6551723 -11.796154673390292
22.896551 -4.8275862 -11.623742425342096
22.896551 -5.0 -11.451329474663016

23.241379 0.0 -15.975970064512138
23.241379 -0.1724138 -15.837673167053294
23.241379 -0.34482759 -15.701253932367267
23.241379 -0.51724136 -15.565433028317184
23.241379 -0.68965518 -15.430847709806514
23.241379 -0.86206895 -15.29918501115347
23.241379 -1.0344827 -15.171373976558963
23.241379 -1.2068965 -15.046412218659569
23.241379 -1.3793104 -14.921384686486482
23.241379 -1.5517242 -14.792423823163608
23.241379 -1.7241379 -14.656134800222548
23.241379 -1.8965517 -14.510816066936357
23.241379 -2.0689654 -14.356790839575957
23.241379 -2.2413793 -14.19578266376829
23.241379 -2.4137931 -14.029942256111397
23.241379 -2.5862069 -13.861127624123052
23.241379 -2.7586207 -13.690631591836045
23.241379 -2.9310346 -13.519229066586337
23.241379 -3.1034484 -13.347344162751906
23.241379 -3.275862 -13.175202110515132
23.241379 -3.4482758 -13.002923985431623
23.241379 -3.6206896 -12.830576388301186
23.241379 -3.7931035 -12.658194610449353
23.241379 -3.9655173 -12.485796667859178
23.241379 -4.1379309 -12.313391112620835
23.241379 -4.3103447 -12.140981455397519
23.241379 -4.4827585 -11.96856977078971
23.241379 -4.6551723 -11.7961570248749
23.241379 -4.8275862 -11.623743637780034
23.241379 -5.0 -11.451330085393847

23.586206 0.0 -16.259203972989663
23.586206 -0.1724138 -16.102995625007786
23.586206 -0.34482759 -15.94577298433322
23.586206 -0.51724136 -15.789446391936446
23.586206 -0.68965518 -15.634973518028824
23.586206 -0.86206895 -15.482115258987386
23.586206 -1.0344827 -15.329923524825663
23.586206 -1.2068965 -15.177238081879779
23.586206 -1.3793104 -15.022880756546957
23.586206 -1.5517242 -14.865794063400543
23.586206 -1.7241379 -14.705320727916108
23.586206 -1.8965517 -14.541426371640545
23.586206 -2.0689654 -14.37462221451069
23.586206 -2.2413793 -14.205659539902411
23.586206 -2.4137931 -14.035250808205092
23.586206 -2.5862069 -13.863943335017355
23.586206 -2.7586207 -13.692112089367852
23.586206 -2.9310346 -13.519994197494077
23.586206 -3.1034484 -13.34772854448524
23.586206 -3.275862 -13.17538969356344
23.586206 -3.4482758 -13.003014334363561
23.586206 -3.6206896 -12.830620484725776
23.586206 -3.7931035 -12.658216819429942
23.586206 -3.9655173 -12.485808135804115
23.586206 -4.1379309 -12.313397031566984
23.586206 -4.3103447 -12.140984438763754
23.586206 -4.4827585 -11.968571230242274
23.586206 -4.6551723 -11.796157726949858
23.586206 -4.8275862 -11.623743977912318
23.586206 -5.0 -11.451330254255662

23.931034 0.0 -16.381996788036506
23.931034 -0.1724138 -16.2167484537515
23.931034 -0.34482759 -16.05202094961477
23.931034 -0.51724136 -15.887263245364807
23.931034 -0.68965518 -15.722088751486364
23.931034 -0.86206895 -15.556462386428258
23.931034 -1.0344827 -15.390504994453343
23.931034 -1.2068965 -15.224208911556152
23.931034 -1.3793104 -15.057350812790315
23.931034 -1.5517242 -14.889623214810927
23.931034 -1.7241379 -14.720822477074202
23.931034 -1.8965517 -14.550946528413197
23.931034 -2.0689654 -14.380167220877018
23.931034 -2.2413793 -14.208732349681727
23.931034 -2.4137931 -14.03687571085513
23.931034 -2.5862069 -13.864770087224617
23.931034 -2.7586207 -13.692524374873182
23.931034 -2.9310346 -13.52020083341294
23.931034 -3.1034484 -13.34783441763713
23.931034 -3.275862 -13.175444876751703
23.931034 -3.4482758 -13.00304295519673
23.931034 -3.6206896 -12.830634954677748
23.931034 -3.7931035 -12.65822391526404
23.931034 -3.9655173 -12.485811556365855
23.931034 -4.1379309 -12.313398691420144
23.931034 -4.3103447 -12.140985263710371
23.931034 -4.4827585 -11.968571648592523
23.931034 -4.6551723 -11.796157938985965
23.931034 -4.8275862 -11.623744083311124
23.931034 -5.0 -11.451330305545142

24.275862 0.0 -16.430455809025464
24.275862 -0.1724138 -16.26035512625029
24.275862 -0.34482759 -16.089974325056357
24.275862 -0.51724136 -15.919492995354927
24.275862 -0.68965518 -15.749076215160786
24.275862 -0.86206895 -15.578766774588452
24.275862 -1.0344827 -15.408484944861746
24.275862 -1.2068965 -15.238094983700398
24.275862 -1.3793104 -15.067468516302426
24.275862 -1.5517242 -14.896518748756005
24.275862 -1.7241379 -14.72521442393367
24.275862 -1.8965517 -14.553579036696851
24.275862 -2.0689654 -14.381673623551672
24.275862 -2.2413793 -14.20957053204546
24.275862 -2.4137931 -14.037335645071568
24.275862 -2.5862069 -13.865019389913787
24.275862 -2.7586207 -13.69265654176016
24.275862 -2.9310346 -13.520268630677995
24.275862 -3.1034484 -13.347868058192441
24.275862 -3.275862 -13.175461257277428
24.275862 -3.4482758 -13.00305096687551
24.275862 -3.6206896 -12.830638957500119
24.275862 -3.7931035 -12.65822595129998
24.275862 -3.9655173 -12.485812590010292
24.275862 -4.1379309 -12.31339920576892
24.275862 -4.3103447 -12.140985514213954
24.275862 -4.4827585 -11.968571770143399
24.275862 -4.6551723 -11.796157999269981
24.275862 -4.8275862 -11.62374411425003
24.275862 -5.0 -11.451330321765333

24.620689 0.0 -16.444907166404253
24.620689 -0.1724138 -16.273157108295322
24.620689 -0.34482759 -16.101425367204598
24.620689 -0.51724136 -15.929715709776362
24.620689 -0.68965518 -15.757999265522175
24.620689 -0.86206895 -15.58625077442149
24.620689 -1.0344827 -15.414459929696786
24.620689 -1.2068965 -15.242619248094258
24.620689 -1.3793104 -15.070712589281275
24.620689 -1.5517242 -14.89871928029494
24.620689 -1.7241379 -14.726626408733843
24.620689 -1.8965517 -14.554436851957385
24.620689 -2.0689654 -14.382167692423794
24.620689 -2.2413793 -14.209841041327575
24.620689 -2.4137931 -14.037477519247673
24.620689 -2.5862069 -13.8650918005294
24.620689 -2.7586207 -13.692693273372006
24.620689 -2.9310346 -13.520287434915423
24.620689 -3.1034484 -13.347877758351203
24.620689 -3.275862 -13.175466220689886
24.620689 -3.4482758 -13.003053449429085
24.620689 -3.6206896 -12.83064017152787
24.620689 -3.7931035 -12.658226542375331
24.620689 -3.9655173 -12.485812883896015
24.620689 -4.1379309 -12.313399356830326
24.620689 -4.3103447 -12.140985593474037
24.620689 -4.4827585 -11.968571811488836
24.620689 -4.6551723 -11.796158020295609
24.620689 -4.8275862 -11.623744124655364
24.620689 -5.0 -11.451330326853698

24.965517 0.0 -16.44927721490577
24.965517 -0.1724138 -16.277144402705453
24.965517 -0.34482759 -16.104981809287064
24.965517 -0.51724136 -15.932786905830776
24.965517 -0.68965518 -15.760570663454901
24.965517 -0.86206895 -15.588345598843404
24.965517 -1.0344827 -15.416115964032429
24.965517 -1.2068965 -15.243876801011348
24.965517 -1.3793104 -15.07161878163371
24.965517 -1.5517242 -14.899333907257287
24.965517 -1.7241379 -14.72701843411231
24.965517 -1.8965517 -14.554673573768573
24.965517 -2.0689654 -14.382304630008166
24.965517 -2.2413793 -14.20991779525778
24.965517 -2.4137931 -14.037519398693059
24.965517 -2.5862069 -13.865113981505374
24.965517 -2.7586207 -13.69270463934455
24.965517 -2.9310346 -13.520293103536407
24.965517 -3.1034484 -13.347880563551962
24.965517 -3.275862 -13.175467632353943
24.965517 -3.4482758 -13.003054180443034
24.965517 -3.6206896 -12.830640556573625
24.965517 -3.7931035 -12.658226743640931
24.965517 -3.9655173 -12.485812986384332
24.965517 -4.1379309 -12.313399407606806
24.965517 -4.3103447 -12.140985618327791
24.965517 -4.4827585 -11.968571823771265
24.965517 -4.6551723 -11.796158026494151
24.965517 -4.8275862 -11.623744127820325
24.965517 -5.0 -11.451330328452569

25.310345 0.0 -16.450709156579194
25.310345 -0.1724138 -16.27835834318317
25.310345 -0.34482759 -16.10600776530446
25.310345 -0.51724136 -15.933660804040187
25.310345 -0.68965518 -15.761316285105789
25.310345 -0.86206895 -15.58897071145703
25.310345 -1.0344827 -15.416620605968006
25.310345 -1.2068965 -15.244263634637337
25.310345 -1.3793104 -15.071898253040139
25.310345 -1.5517242 -14.89952359374134
25.310345 -1.7241379 -14.727139348023298
25.310345 -1.8965517 -14.554746129411518
25.310345 -2.0689654 -14.38234586239835
25.310345 -2.2413793 -14.209940253063511
25.310345 -2.4137931 -14.037531346365792
25.310345 -2.5862069 -13.865120321037711
25.310345 -2.7586207 -13.69270803163301
25.310345 -2.9310346 -13.5202949221125
25.310345 -3.1034484 -13.347881523305777
25.310345 -3.275862 -13.175468124271141
25.310345 -3.4482758 -13.003054425475712
25.310345 -3.6206896 -12.830640677059794
25.310345 -3.7931035 -12.658226803390313
25.310345 -3.9655173 -12.48581301660508
25.310345 -4.1379309 -12.313399423056648
25.310345 -4.3103447 -12.140985626138143
25.310345 -4.4827585 -11.968571827608557
25.310345 -4.6551723 -11.796158028326344
25.310345 -4.8275862 -11.623744128687267
25.310345 -5.0 -11.451330328870977

25.655172 0.0 -16.451143815340576
25.655172 -0.1724138 -16.27875012403469
25.655172 -0.34482759 -16.10635720741294
25.655172 -0.51724136 -15.933963585348256
25.655172 -0.68965518 -15.761568745442343
25.655172 -0.86206895 -15.589173131999845
25.655172 -1.0344827 -15.416776980104522
25.655172 -1.2068965 -15.244379882288023
25.655172 -1.3793104 -15.07198097895113
25.655172 -1.5517242 -14.899579660444473
25.655172 -1.7241379 -14.727175510551245
25.655172 -1.8965517 -14.554768423265765
25.655172 -2.0689654 -14.382359075801412
25.655172 -2.2413793 -14.209947801704475
25.655172 -2.4137931 -14.037535496340686
25.655172 -2.5862069 -13.86512251426227
25.655172 -2.7586207 -13.692709152845817
25.655172 -2.9310346 -13.520295485606237
25.655172 -3.1034484 -13.347881807386884
25.655172 -3.275862 -13.175468269487585
25.655172 -3.4482758 -13.003054500158482
25.655172 -3.6206896 -12.830640714941183
25.655172 -3.7931035 -12.658226822044439
25.655172 -3.9655173 -12.485813025528767
25.655172 -4.1379309 -12.313399427285935
25.655172 -4.3103447 -12.14098562818182
25.655172 -4.4827585 -11.968571828631742
25.655172 -4.6551723 -11.79615802885072
25.655172 -4.8275862 -11.623744128954216
25.655172 -5.0 -11.451330329002637

26.0 0.0 -16.451279992997794
26.0 -0.1724138 -16.278871133571887
26.0 -0.34482759 -16.10646169972747
26.0 -0.51724136 -15.934052343529473
26.0 -0.68965518 -15.761643376548491
26.0 -0.86206895 -15.589234865058677
26.0 -1.0344827 -15.416826472441043
26.0 -1.2068965 -15.244417759978779
26.0 -1.3793104 -15.072008364453742
26.0 -1.5517242 -14.899598270281704
26.0 -1.7241379 -14.727187389177947
26.0 -1.8965517 -14.554775570624498
26.0 -2.0689654 -14.382363165030993
26.0 -2.2413793 -14.209950057695353
26.0 -2.4137931 -14.037536715788018
26.0 -2.5862069 -13.865123166569315
26.0 -2.7586207 -13.69270949731457
26.0 -2.9310346 -13.520295663091828
26.0 -3.1034484 -13.347881895758414
26.0 -3.275862 -13.175468312154413
26.0 -3.4482758 -13.003054520539699
26.0 -3.6206896 -12.830640724848973
26.0 -3.7931035 -12.658226827023551
26.0 -3.9655173 -12.485813028085566
26.0 -4.1379309 -12.313399428588855
26.0 -4.3103447 -12.140985628824838
26.0 -4.4827585 -11.96857182893734
26.0 -4.6551723 -11.796158028992746
26.0 -4.8275862 -11.623744129020679
26.0 -5.0 -11.451330329034748
