# KROME file, XRAY H rate
# Distance = 7 kpc
# Xray rate including primary H ionization in 1/s
# first line indicates the size of the table (30x30)
# then first column is the parameter log10(nH), where nH is the H column density in cm-2
# second column is log10(xHe), where xHe = nHe/nH both in cm-2
# third column is log10(rate), where rate is in units of 1/s
30, 30
16.0 0.0 -17.83785962175745
16.0 -0.1724138 -17.992068665311052
16.0 -0.34482759 -18.138743263219745
16.0 -0.51724136 -18.275491571931298
16.0 -0.68965518 -18.399749370601885
16.0 -0.86206895 -18.50916483535465
16.0 -1.0344827 -18.602095178488067
16.0 -1.2068965 -18.67803203878814
16.0 -1.3793104 -18.73774594384058
16.0 -1.5517242 -18.783069621943532
16.0 -1.7241379 -18.816438985037273
16.0 -1.8965517 -18.8404082929811
16.0 -2.0689654 -18.85730104152417
16.0 -2.2413793 -18.86903965976189
16.0 -2.4137931 -18.877114177854146
16.0 -2.5862069 -18.882628612647785
16.0 -2.7586207 -18.886375928920312
16.0 -2.9310346 -18.88891369331589
16.0 -3.1034484 -18.89062830605987
16.0 -3.275862 -18.891784929122586
16.0 -3.4482758 -18.892564318430562
16.0 -3.6206896 -18.893089134090904
16.0 -3.7931035 -18.89344236415953
16.0 -3.9655173 -18.89368004008506
16.0 -4.1379309 -18.89383994196224
16.0 -4.3103447 -18.893947520617154
16.0 -4.4827585 -18.89401991050996
16.0 -4.6551723 -18.8940686436413
16.0 -4.8275862 -18.894101480108034
16.0 -5.0 -18.894123641987136

16.344828 0.0 -17.837859632534343
16.344828 -0.1724138 -17.99206867811279
16.344828 -0.34482759 -18.138743278272617
16.344828 -0.51724136 -18.27549158940786
16.344828 -0.68965518 -18.399749390597496
16.344828 -0.86206895 -18.509164857889402
16.344828 -1.0344827 -18.602095203551897
16.344828 -1.2068965 -18.678032066429232
16.344828 -1.3793104 -18.737745974272002
16.344828 -1.5517242 -18.78306965563266
16.344828 -1.7241379 -18.816439022758132
16.344828 -1.8965517 -18.84040833583537
16.344828 -2.0689654 -18.8573010909512
16.344828 -2.2413793 -18.869039717557087
16.344828 -2.4137931 -18.877114246207125
16.344828 -2.5862069 -18.88262869420506
16.344828 -2.7586207 -18.886376026874057
16.344828 -2.9310346 -18.888913811520293
16.344828 -3.1034484 -18.890628449177548
16.344828 -3.275862 -18.891785102805457
16.344828 -3.4482758 -18.89256452954141
16.344828 -3.6206896 -18.893089390973458
16.344828 -3.7931035 -18.89344267696774
16.344828 -3.9655173 -18.893680421184047
16.344828 -4.1379309 -18.893840406416903
16.344828 -4.3103447 -18.893948086787844
16.344828 -4.4827585 -18.894020600777964
16.344828 -4.6551723 -18.89406948529362
16.344828 -4.8275862 -18.89410250641617
16.344828 -5.0 -18.894124893521976

16.689655 0.0 -17.837859656375066
16.689655 -0.1724138 -17.9920687064329
16.689655 -0.34482759 -18.138743311572703
16.689655 -0.51724136 -18.275491628069652
16.689655 -0.68965518 -18.39974943483195
16.689655 -0.86206895 -18.509164907740978
16.689655 -1.0344827 -18.602095258998315
16.689655 -1.2068965 -18.678032127577097
16.689655 -1.3793104 -18.737746041592658
16.689655 -1.5517242 -18.783069730160044
16.689655 -1.7241379 -18.816439106204545
16.689655 -1.8965517 -18.840408430637968
16.689655 -2.0689654 -18.857301200294106
16.689655 -2.2413793 -18.86903984541212
16.689655 -2.4137931 -18.877114397418183
16.689655 -2.5862069 -18.88262887462676
16.689655 -2.7586207 -18.88637624356816
16.689655 -2.9310346 -18.888914073013062
16.689655 -3.1034484 -18.89062876578365
16.689655 -3.275862 -18.891785487028102
16.689655 -3.4482758 -18.892564996562484
16.689655 -3.6206896 -18.893089959250986
16.689655 -3.7931035 -18.893443368964324
16.689655 -3.9655173 -18.89368126425383
16.689655 -4.1379309 -18.893841433886436
16.689655 -4.3103447 -18.893949339273878
16.689655 -4.4827585 -18.89402212779226
16.689655 -4.6551723 -18.89407134720029
16.689655 -4.8275862 -18.89410477681805
16.689655 -5.0 -18.894127662169346

17.034483 0.0 -17.837859709115968
17.034483 -0.1724138 -17.992068769083193
17.034483 -0.34482759 -18.138743385239824
17.034483 -0.51724136 -18.27549171359807
17.034483 -0.68965518 -18.39974953268834
17.034483 -0.86206895 -18.509165018023694
17.034483 -1.0344827 -18.60209538165808
17.034483 -1.2068965 -18.67803226284973
17.034483 -1.3793104 -18.73774619052088
17.034483 -1.5517242 -18.783069895031147
17.034483 -1.7241379 -18.81643929080653
17.034483 -1.8965517 -18.840408640362345
17.034483 -2.0689654 -18.857301442184873
17.034483 -2.2413793 -18.869040128255808
17.034483 -2.4137931 -18.87711473193055
17.034483 -2.5862069 -18.88262927375952
17.034483 -2.7586207 -18.88637672294347
17.034483 -2.9310346 -18.888914651492858
17.034483 -3.1034484 -18.890629466186212
17.034483 -3.275862 -18.891786337013222
17.034483 -3.4482758 -18.892566029715734
17.034483 -3.6206896 -18.893091216405427
17.034483 -3.7931035 -18.893444899811918
17.034483 -3.9655173 -18.893683129307576
17.034483 -4.1379309 -18.89384370687142
17.034483 -4.3103447 -18.893952110042363
17.034483 -4.4827585 -18.894025505873802
17.034483 -4.6551723 -18.894075466131493
17.034483 -4.8275862 -18.894109799421468
17.034483 -5.0 -18.894133786987627

17.379311 0.0 -17.83785982578994
17.379311 -0.1724138 -17.992068907678924
17.379311 -0.34482759 -18.13874354820719
17.379311 -0.51724136 -18.275491902805232
17.379311 -0.68965518 -18.399749749167707
17.379311 -0.86206895 -18.509165261992827
17.379311 -1.0344827 -18.60209565300798
17.379311 -1.2068965 -18.678032562102064
17.379311 -1.3793104 -18.737746519982373
17.379311 -1.5517242 -18.783070259761768
17.379311 -1.7241379 -18.81643969918614
17.379311 -1.8965517 -18.840409104318123
17.379311 -2.0689654 -18.857301977299656
17.379311 -2.2413793 -18.869040753967276
17.379311 -2.4137931 -18.87711547194423
17.379311 -2.5862069 -18.882630156727338
17.379311 -2.7586207 -18.886377783424905
17.379311 -2.9310346 -18.888915931214438
17.379311 -3.1034484 -18.89063101562665
17.379311 -3.275862 -18.891788217361558
17.379311 -3.4482758 -18.892568315269912
17.379311 -3.6206896 -18.893093997496077
17.379311 -3.7931035 -18.89344828636702
17.379311 -3.9655173 -18.893687255192862
17.379311 -4.1379309 -18.89384873517956
17.379311 -4.3103447 -18.89395823954127
17.379311 -4.4827585 -18.89403297885942
17.379311 -4.6551723 -18.894084578005053
17.379311 -4.8275862 -18.894120910365753
17.379311 -5.0 -18.894147336198213

17.724138 0.0 -17.837860083895098
17.724138 -0.1724138 -17.99206921427966
17.724138 -0.34482759 -18.13874390872318
17.724138 -0.51724136 -18.275492321369246
17.724138 -0.68965518 -18.399750228063663
17.724138 -0.86206895 -18.509165801702018
17.724138 -1.0344827 -18.602096253289258
17.724138 -1.2068965 -18.678033224109463
17.724138 -1.3793104 -18.737747248818778
17.724138 -1.5517242 -18.78307106662083
17.724138 -1.7241379 -18.816440602605773
17.724138 -1.8965517 -18.84041013068364
17.724138 -2.0689654 -18.85730316108338
17.724138 -2.2413793 -18.869042138169206
17.724138 -2.4137931 -18.87711710900564
17.724138 -2.5862069 -18.88263211003181
17.724138 -2.7586207 -18.886380129424566
17.724138 -2.9310346 -18.888918762216065
17.724138 -3.1034484 -18.89063444329821
17.724138 -3.275862 -18.891792377063783
17.724138 -3.4482758 -18.892573371362058
17.724138 -3.6206896 -18.893100149803463
17.724138 -3.7931035 -18.89345577806597
17.724138 -3.9655173 -18.893696382411463
17.724138 -4.1379309 -18.89385985869665
17.724138 -4.3103447 -18.89397179904889
17.724138 -4.4827585 -18.894049510330937
17.724138 -4.6551723 -18.894104734876322
17.724138 -4.8275862 -18.894145489356962
17.724138 -5.0 -18.89417730878361

18.068966 0.0 -17.83786065487105
18.068966 -0.1724138 -17.992069892538968
18.068966 -0.34482759 -18.13874470625546
18.068966 -0.51724136 -18.27549324731722
18.068966 -0.68965518 -18.39975128747992
18.068966 -0.86206895 -18.509166995651327
18.068966 -1.0344827 -18.602097581238084
18.068966 -1.2068965 -18.678034688610616
18.068966 -1.3793104 -18.737748861160746
18.068966 -1.5517242 -18.783072851566136
18.068966 -1.7241379 -18.81644260116399
18.068966 -1.8965517 -18.840412401224388
18.068966 -2.0689654 -18.85730577986636
18.068966 -2.2413793 -18.869045200318922
18.068966 -2.4137931 -18.877120730532326
18.068966 -2.5862069 -18.88263643115181
18.068966 -2.7586207 -18.886385319263645
18.068966 -2.9310346 -18.888925024972423
18.068966 -3.1034484 -18.8906420259989
18.068966 -3.275862 -18.891801579145934
18.068966 -3.4482758 -18.892584556408703
18.068966 -3.6206896 -18.89311375984852
18.068966 -3.7931035 -18.893472351033697
18.068966 -3.9655173 -18.89371657334966
18.068966 -4.1379309 -18.893884465648966
18.068966 -4.3103447 -18.8940017945938
18.068966 -4.4827585 -18.894086079985073
18.068966 -4.6551723 -18.894149323923834
18.068966 -4.8275862 -18.894199859931458
18.068966 -5.0 -18.894243609424187

18.413794 0.0 -17.837861917945084
18.413794 -0.1724138 -17.99207139294885
18.413794 -0.34482759 -18.138746470525337
18.413794 -0.51724136 -18.275495295673274
18.413794 -0.68965518 -18.399753631099962
18.413794 -0.86206895 -18.509169636890945
18.413794 -1.0344827 -18.602100518916686
18.413794 -1.2068965 -18.67803792837484
18.413794 -1.3793104 -18.737752427982013
18.413794 -1.5517242 -18.78307680022295
18.413794 -1.7241379 -18.81644702237642
18.413794 -1.8965517 -18.840417424116062
18.413794 -2.0689654 -18.857311573136695
18.413794 -2.2413793 -18.869051974398896
18.413794 -2.4137931 -18.877128742054357
18.413794 -2.5862069 -18.88264599029401
18.413794 -2.7586207 -18.886396800152816
18.413794 -2.9310346 -18.888938879315372
18.413794 -3.1034484 -18.890658800237436
18.413794 -3.275862 -18.891821935646938
18.413794 -3.4482758 -18.892609299417767
18.413794 -3.6206896 -18.893143867123012
18.413794 -3.7931035 -18.893509012403772
18.413794 -3.9655173 -18.89376123766269
18.413794 -4.1379309 -18.893938897963
18.413794 -4.3103447 -18.89406814588662
18.413794 -4.4827585 -18.894166972018485
18.413794 -4.6551723 -18.894247952703232
18.413794 -4.8275862 -18.894320121779543
18.413794 -5.0 -18.894390254550796

18.758621 0.0 -17.837864711886848
18.758621 -0.1724138 -17.992074711935196
18.758621 -0.34482759 -18.138750373235606
18.758621 -0.51724136 -18.27549982685437
18.758621 -0.68965518 -18.399758815481338
18.758621 -0.86206895 -18.50917547968414
18.758621 -1.0344827 -18.602107017508565
18.758621 -1.2068965 -18.678045095253324
18.758621 -1.3793104 -18.737760318383327
18.758621 -1.5517242 -18.783085535320765
18.758621 -1.7241379 -18.81645680285235
18.758621 -1.8965517 -18.840428535605316
18.758621 -2.0689654 -18.85732438881957
18.758621 -2.2413793 -18.869066959767192
18.758621 -2.4137931 -18.877146464795757
18.758621 -2.5862069 -18.882667136533243
18.758621 -2.7586207 -18.886422197456675
18.758621 -2.9310346 -18.888969526835243
18.758621 -3.1034484 -18.89069590664089
18.758621 -3.275862 -18.89186696596645
18.758621 -3.4482758 -18.89266403242387
18.758621 -3.6206896 -18.893210465241182
18.758621 -3.7931035 -18.893590106927153
18.758621 -3.9655173 -18.89386003246583
18.758621 -4.1379309 -18.89405929582169
18.758621 -4.3103447 -18.894214902385617
18.758621 -4.4827585 -18.894345882838167
18.758621 -4.6551723 -18.89446608182358
18.758621 -4.8275862 -18.894586079385384
18.758621 -5.0 -18.894714535280066

19.103449 0.0 -17.837870891523384
19.103449 -0.1724138 -17.992082053126524
19.103449 -0.34482759 -18.13875900580523
19.103449 -0.51724136 -18.275509849804028
19.103449 -0.68965518 -18.39977028352681
19.103449 -0.86206895 -18.509188404356927
19.103449 -1.0344827 -18.602121393020887
19.103449 -1.2068965 -18.6780609492135
19.103449 -1.3793104 -18.7377777729579
19.103449 -1.5517242 -18.783104858534536
19.103449 -1.7241379 -18.816478438608165
19.103449 -1.8965517 -18.840453115726824
19.103449 -2.0689654 -18.85735273877619
19.103449 -2.2413793 -18.869100109205537
19.103449 -2.4137931 -18.877185669386805
19.103449 -2.5862069 -18.88271391387288
19.103449 -2.7586207 -18.88647837791576
19.103449 -2.9310346 -18.889037320179288
19.103449 -3.1034484 -18.89077798585064
19.103449 -3.275862 -18.89196657074035
19.103449 -3.4482758 -18.892785095896123
19.103449 -3.6206896 -18.893357768350114
19.103449 -3.7931035 -18.893769466473763
19.103449 -3.9655173 -18.89407852988139
19.103449 -4.1379309 -18.89432555561923
19.103449 -4.3103447 -18.894539431157575
19.103449 -4.4827585 -18.89474148137685
19.103449 -4.6551723 -18.89494834669207
19.103449 -4.8275862 -18.89517401285411
19.103449 -5.0 -18.895431286405557

19.448277 0.0 -17.837884556434574
19.448277 -0.1724138 -17.992098287842374
19.448277 -0.34482759 -18.138778097581202
19.448277 -0.51724136 -18.275532017710514
19.448277 -0.68965518 -18.399795648649963
19.448277 -0.86206895 -18.509216992218832
19.448277 -1.0344827 -18.60215319078374
19.448277 -1.2068965 -18.678096017866206
19.448277 -1.3793104 -18.737816382621208
19.448277 -1.5517242 -18.783147601950226
19.448277 -1.7241379 -18.81652629754377
19.448277 -1.8965517 -18.840507487596284
19.448277 -2.0689654 -18.857415449265194
19.448277 -2.2413793 -18.869173435506408
19.448277 -2.4137931 -18.877272388434747
19.448277 -2.5862069 -18.882817381626328
19.448277 -2.7586207 -18.886602641641883
19.448277 -2.9310346 -18.88918726552645
19.448277 -3.1034484 -18.89095952182589
19.448277 -3.275862 -18.89218685800848
19.448277 -3.4482758 -18.893052826110875
19.448277 -3.6206896 -18.893683504170127
19.448277 -3.7931035 -18.894166055389388
19.448277 -3.9655173 -18.894561607031452
19.448277 -4.1379309 -18.894914154934966
19.448277 -4.3103447 -18.895256728096932
19.448277 -4.4827585 -18.895615693938534
19.448277 -4.6551723 -18.896013829150306
19.448277 -4.8275862 -18.896472581579268
19.448277 -5.0 -18.897013824500288

19.793104 0.0 -17.837914757748468
19.793104 -0.1724138 -17.99213417503365
19.793104 -0.34482759 -18.138820306401634
19.793104 -0.51724136 -18.275581033069223
19.793104 -0.68965518 -18.399851738625664
19.793104 -0.86206895 -18.50928021333067
19.793104 -1.0344827 -18.60222351446638
19.793104 -1.2068965 -18.678173578616114
19.793104 -1.3793104 -18.737901777325504
19.793104 -1.5517242 -18.783242140960198
19.793104 -1.7241379 -18.81663215154822
19.793104 -1.8965517 -18.840627746411695
19.793104 -2.0689654 -18.85755414957261
19.793104 -2.2413793 -18.86933561194395
19.793104 -2.4137931 -18.877464179844836
19.793104 -2.5862069 -18.883046205758923
19.793104 -2.7586207 -18.886877442547846
19.793104 -2.9310346 -18.889518837424873
19.793104 -3.1034484 -18.891360916108283
19.793104 -3.275862 -18.89267388501325
19.793104 -3.4482758 -18.893644668207973
19.793104 -3.6206896 -18.89440346074388
19.793104 -3.7931035 -18.89504244762177
19.793104 -3.9655173 -18.895628874388265
19.793104 -4.1379309 -18.89621418365225
19.793104 -4.3103447 -18.896840459469082
19.793104 -4.4827585 -18.897545066067682
19.793104 -4.6551723 -18.898364120416122
19.793104 -4.8275862 -18.899335231293232
19.793104 -5.0 -18.90049981713675

20.137932 0.0 -17.837981431474464
20.137932 -0.1724138 -17.992213431678678
20.137932 -0.34482759 -18.138913553785343
20.137932 -0.51724136 -18.275689345297714
20.137932 -0.68965518 -18.39997570979037
20.137932 -0.86206895 -18.509419968762167
20.137932 -1.0344827 -18.60237899017037
20.137932 -1.2068965 -18.678345070062083
20.137932 -1.3793104 -18.738090601656463
20.137932 -1.5517242 -18.783451192480655
20.137932 -1.7241379 -18.816866226506004
20.137932 -1.8965517 -18.840893672565535
20.137932 -2.0689654 -18.857860846610045
20.137932 -2.2413793 -18.86969420300689
20.137932 -2.4137931 -18.87788822432099
20.137932 -2.5862069 -18.88355208244249
20.137932 -2.7586207 -18.88748489203068
20.137932 -2.9310346 -18.89025167132523
20.137932 -3.1034484 -18.892247906742245
20.137932 -3.275862 -18.893749859564107
20.137932 -3.4482758 -18.894951841500035
20.137932 -3.6206896 -18.895993048510235
20.137932 -3.7931035 -18.89697661659493
20.137932 -3.9655173 -18.897983091870973
20.137932 -4.1379309 -18.89908004408889
20.137932 -4.3103447 -18.900329076758783
20.137932 -4.4827585 -18.901791125597878
20.137932 -4.6551723 -18.903530705851267
20.137932 -4.8275862 -18.905619541170488
20.137932 -5.0 -18.90813988790438

20.482758 0.0 -17.83812825376054
20.482758 -0.1724138 -17.99238811114144
20.482758 -0.34482759 -18.13911921175954
20.482758 -0.51724136 -18.27592836478493
20.482758 -0.68965518 -18.4002494102426
20.482758 -0.86206895 -18.509728628989706
20.482758 -1.0344827 -18.60272246477122
20.482758 -1.2068965 -18.67872400263754
20.482758 -1.3793104 -18.738507889887835
20.482758 -1.5517242 -18.78391321726636
20.482758 -1.7241379 -18.81738356979508
20.482758 -1.8965517 -18.84148140160881
20.482758 -2.0689654 -18.858538643032187
20.482758 -2.2413793 -18.870486602215436
20.482758 -2.4137931 -18.878825119550086
20.482758 -2.5862069 -18.884669556265255
20.482758 -2.7586207 -18.888826392519366
20.482758 -2.9310346 -18.891869546039874
20.482758 -3.1034484 -18.894205319253732
20.482758 -3.275862 -18.896123133789864
20.482758 -3.4482758 -18.897833297663492
20.482758 -3.6206896 -18.899494406414306
20.482758 -3.7931035 -18.90123306602396
20.482758 -3.9655173 -18.903158132826757
20.482758 -4.1379309 -18.90537121643006
20.482758 -4.3103447 -18.907974700964477
20.482758 -4.4827585 -18.91107815637114
20.482758 -4.6551723 -18.914803802210336
20.482758 -4.8275862 -18.919291395793188
20.482758 -5.0 -18.924702778723123

20.827587 0.0 -17.83844980163335
20.827587 -0.1724138 -17.99277138182216
20.827587 -0.34482759 -18.139571145745553
20.827587 -0.51724136 -18.276454268629703
20.827587 -0.68965518 -18.400852229459716
20.827587 -0.86206895 -18.5104089890125
20.827587 -1.0344827 -18.603480026114774
20.827587 -1.2068965 -18.679560140812814
20.827587 -1.3793104 -18.739428937174704
20.827587 -1.5517242 -18.784933183315367
20.827587 -1.7241379 -18.818525726580702
20.827587 -1.8965517 -18.842778900799342
20.827587 -2.0689654 -18.86003477937604
20.827587 -2.2413793 -18.872235307884946
20.827587 -2.4137931 -18.880892026512438
20.827587 -2.5862069 -18.887133758395628
20.827587 -2.7586207 -18.891782934114527
20.827587 -2.9310346 -18.89543264895472
20.827587 -3.1034484 -18.898512378546194
20.827587 -3.275862 -18.901339546044145
20.827587 -3.4482758 -18.904158211170873
20.827587 -3.6206896 -18.90716748619823
20.827587 -3.7931035 -18.91054238800632
20.827587 -3.9655173 -18.91444928381764
20.827587 -4.1379309 -18.919057652550755
20.827587 -4.3103447 -18.92454933823688
20.827587 -4.4827585 -18.931126011033847
20.827587 -4.6551723 -18.939015349213786
20.827587 -4.8275862 -18.94847597729198
20.827587 -5.0 -18.959800949663638

21.172413 0.0 -17.839145578815906
21.172413 -0.1724138 -17.993604092286915
21.172413 -0.34482759 -18.140556329179272
21.172413 -0.51724136 -18.277603846376483
21.172413 -0.68965518 -18.40217285894324
21.172413 -0.86206895 -18.51190210680639
21.172413 -1.0344827 -18.60514480386751
21.172413 -1.2068965 -18.681399393888217
21.172413 -1.3793104 -18.741456299461568
21.172413 -1.5517242 -18.787179133454426
21.172413 -1.7241379 -18.82104108035922
21.172413 -1.8965517 -18.845636122673238
21.172413 -2.0689654 -18.86332845970097
21.172413 -2.2413793 -18.876083088785546
21.172413 -2.4137931 -18.88543670276753
21.172413 -2.5862069 -18.892546811917946
21.172413 -2.7586207 -18.898269510463457
21.172413 -2.9310346 -18.903237928678045
21.172413 -3.1034484 -18.90792930307845
21.172413 -3.275862 -18.91271788914952
21.172413 -3.4482758 -18.917914980996823
21.172413 -3.6206896 -18.923798568725164
21.172413 -3.7931035 -18.930635275720565
21.172413 -3.9655173 -18.93869649983875
21.172413 -4.1379309 -18.94827022310153
21.172413 -4.3103447 -18.95966922205725
21.172413 -4.4827585 -18.973235703307473
21.172413 -4.6551723 -18.989342108230108
21.172413 -4.8275862 -19.00838692220027
21.172413 -5.0 -19.030784022371183

21.517242 0.0 -17.840612671641477
21.517242 -0.1724138 -17.995375250648674
21.517242 -0.34482759 -18.142666949758087
21.517242 -0.51724136 -18.280081301514294
21.517242 -0.68965518 -18.405032675631897
21.517242 -0.86206895 -18.51514782787233
21.517242 -1.0344827 -18.608774317998716
21.517242 -1.2068965 -18.685417905963316
21.517242 -1.3793104 -18.74589221910579
21.517242 -1.5517242 -18.792097449634106
21.517242 -1.7241379 -18.82655103131223
21.517242 -1.8965517 -18.85189385081855
21.517242 -2.0689654 -18.870537581239613
21.517242 -2.2413793 -18.884495970171688
21.517242 -2.4137931 -18.895357971486295
21.517242 -2.5862069 -18.904339538467127
21.517242 -2.7586207 -18.912363875231065
21.517242 -2.9310346 -18.92014197552914
21.517242 -3.1034484 -18.928241282174373
21.517242 -3.275862 -18.937139607570526
21.517242 -3.4482758 -18.947265363256104
21.517242 -3.6206896 -18.959026199435822
21.517242 -3.7931035 -18.97282819331228
21.517242 -3.9655173 -18.989086567687206
21.517242 -4.1379309 -19.008228370374507
21.517242 -4.3103447 -19.03068658609591
21.517242 -4.4827585 -19.05688466758087
21.517242 -4.6551723 -19.087211908007006
21.517242 -4.8275862 -19.12199223070241
21.517242 -5.0 -19.161454964021768

21.862068 0.0 -17.84354242809669
21.862068 -0.1724138 -17.998976633154317
21.862068 -0.34482759 -18.147023916349728
21.862068 -0.51724136 -18.285260069144016
21.862068 -0.68965518 -18.411072372373035
21.862068 -0.86206895 -18.522059005645218
21.862068 -1.0344827 -18.616551872956155
21.862068 -1.2068965 -18.694069218162507
21.862068 -1.3793104 -18.75547235875131
21.862068 -1.5517242 -18.802739015391296
21.862068 -1.7241379 -18.838480949001656
21.862068 -1.8965517 -18.865438216451658
21.862068 -2.0689654 -18.886120816055044
21.862068 -2.2413793 -18.902640303865706
21.862068 -2.4137931 -18.916686356168952
21.862068 -2.5862069 -18.92958247797593
21.862068 -2.7586207 -18.94236903040466
21.862068 -2.9310346 -18.95588464244952
21.862068 -3.1034484 -18.97083326270674
21.862068 -3.275862 -18.98783336825533
21.862068 -3.4482758 -19.007449439042336
21.862068 -3.6206896 -19.030206588032314
21.862068 -3.7931035 -19.05658981953335
21.862068 -3.9655173 -19.087029243860158
21.862068 -4.1379309 -19.12187573439101
21.862068 -4.3103447 -19.161376488494252
21.862068 -4.4827585 -19.205667332192597
21.862068 -4.6551723 -19.254805532271057
21.862068 -4.8275862 -19.308859764991407
21.862068 -5.0 -19.36804486632853

22.206898 0.0 -17.848786377865135
22.206898 -0.1724138 -18.005656652052583
22.206898 -0.34482759 -18.155354321387353
22.206898 -0.51724136 -18.29541798510799
22.206898 -0.68965518 -18.42317264232317
22.206898 -0.86206895 -18.536144774872078
22.206898 -1.0344827 -18.6326171681409
22.206898 -1.2068965 -18.712117685912453
22.206898 -1.3793104 -18.775594947529363
22.206898 -1.5517242 -18.825181341135732
22.206898 -1.7241379 -18.863680414485355
22.206898 -1.8965517 -18.894031088153238
22.206898 -2.0689654 -18.918932189504286
22.206898 -2.2413793 -18.94066983156039
22.206898 -2.4137931 -18.961095870076722
22.206898 -2.5862069 -18.981685181562238
22.206898 -2.7586207 -19.003615680275033
22.206898 -2.9310346 -19.027840043557262
22.206898 -3.1034484 -19.055135533739826
22.206898 -3.275862 -19.086129399458088
22.206898 -3.4482758 -19.121304193930346
22.206898 -3.6206896 -19.160994007311164
22.206898 -3.7931035 -19.20539155933831
22.206898 -3.9655173 -19.254590339514202
22.206898 -4.1379309 -19.308681035317367
22.206898 -4.3103447 -19.367890918269552
22.206898 -4.4827585 -19.432699866051042
22.206898 -4.6551723 -19.50381828126813
22.206898 -4.8275862 -19.581922606713384
22.206898 -5.0 -19.66716258096011

22.551723 0.0 -17.856433038664317
22.551723 -0.1724138 -18.016037857973842
22.551723 -0.34482759 -18.169048893956678
22.551723 -0.51724136 -18.31295126405205
22.551723 -0.68965518 -18.44494244663987
22.551723 -0.86206895 -18.56237059810202
22.551723 -1.0344827 -18.663356043407546
22.551723 -1.2068965 -18.747368962993352
22.551723 -1.3793104 -18.815464164411175
22.551723 -1.5517242 -18.870033698629168
22.551723 -1.7241379 -18.914226333439927
22.551723 -1.8965517 -18.95133286709506
22.551723 -2.0689654 -18.984355625173936
22.551723 -2.2413793 -19.015808885683807
22.551723 -2.4137931 -19.047684887819052
22.551723 -2.5862069 -19.08150024989225
22.551723 -2.7586207 -19.118362409629423
22.551723 -2.9310346 -19.159032172906482
22.551723 -3.1034484 -19.203986371332004
22.551723 -3.275862 -19.253502187798635
22.551723 -3.4482758 -19.307783399304192
22.551723 -3.6206896 -19.367120483072274
22.551723 -3.7931035 -19.432023600080157
22.551723 -3.9655173 -19.50321388327228
22.551723 -4.1379309 -19.58137059347996
22.551723 -4.3103447 -19.66664669008902
22.551723 -4.4827585 -19.75816165681791
22.551723 -4.6551723 -19.853861041007512
22.551723 -4.8275862 -19.951128425724388
22.551723 -5.0 -20.048147372217954

22.896551 0.0 -17.864637199145214
22.896551 -0.1724138 -18.02813530491446
22.896551 -0.34482759 -18.18636556631576
22.896551 -0.51724136 -18.33690537248841
22.896551 -0.68965518 -18.476854535857836
22.896551 -0.86206895 -18.603252326865853
22.896551 -1.0344827 -18.7137852385033
22.896551 -1.2068965 -18.80755637257428
22.896551 -1.3793104 -18.885512922416165
22.896551 -1.5517242 -18.950256544693143
22.896551 -1.7241379 -19.00535289132369
22.896551 -1.8965517 -19.054530243101606
22.896551 -2.0689654 -19.10109356752003
22.896551 -2.2413793 -19.1476478174838
22.896551 -2.4137931 -19.19606414790509
22.896551 -2.5862069 -19.247596602640506
22.896551 -2.7586207 -19.303085236022827
22.896551 -2.9310346 -19.363198965819798
22.896551 -3.1034484 -19.42864471718546
22.896551 -3.275862 -19.500228929971147
22.896551 -3.4482758 -19.578664779047255
22.896551 -3.6206896 -19.664129693700126
22.896551 -3.7931035 -19.75577873491143
22.896551 -3.9655173 -19.851601539495107
22.896551 -4.1379309 -19.949018784855134
22.896551 -4.3103447 -20.046227361469715
22.896551 -4.4827585 -20.1435353808057
22.896551 -4.6551723 -20.24350115812573
22.896551 -4.8275862 -20.349463283091396
22.896551 -5.0 -20.463402752935764

23.241379 0.0 -17.871302653683593
23.241379 -0.1724138 -18.03863303560031
23.241379 -0.34482759 -18.202472541981358
23.241379 -0.51724136 -18.360921520031255
23.241379 -0.68965518 -18.511474071701578
23.241379 -0.86206895 -18.65122097367847
23.241379 -1.0344827 -18.77742383952847
23.241379 -1.2068965 -18.888391804654752
23.241379 -1.3793104 -18.98425870397183
23.241379 -1.5517242 -19.06714211717963
23.241379 -1.7241379 -19.140541150939953
23.241379 -1.8965517 -19.208370644763292
23.241379 -2.0689654 -19.274178837037777
23.241379 -2.2413793 -19.34081437316611
23.241379 -2.4137931 -19.410464049498426
23.241379 -2.5862069 -19.484810320955386
23.241379 -2.7586207 -19.565052965837427
23.241379 -2.9310346 -19.651680616635026
23.241379 -3.1034484 -19.744117834001788
23.241379 -3.275862 -19.84061405318548
23.241379 -3.4482758 -19.938793142153834
23.241379 -3.6206896 -20.036929874938988
23.241379 -3.7931035 -20.135268970083597
23.241379 -3.9655173 -20.236229862158467
23.241379 -4.1379309 -20.34303655924359
23.241379 -4.3103447 -20.457635415745994
23.241379 -4.4827585 -20.579243857129082
23.241379 -4.6551723 -20.70437855029885
23.241379 -4.8275862 -20.828591251170685
23.241379 -5.0 -20.94930219555922

23.586206 0.0 -17.875115299146582
23.586206 -0.1724138 -18.04532088494428
23.586206 -0.34482759 -18.21378584556163
23.586206 -0.51724136 -18.37930384041418
23.586206 -0.68965518 -18.54012062988041
23.586206 -0.86206895 -18.69397698773336
23.586206 -1.0344827 -18.838414876294514
23.586206 -1.2068965 -18.97141079258399
23.586206 -1.3793104 -19.092180971700323
23.586206 -1.5517242 -19.201727929037478
23.586206 -1.7241379 -19.30272095183009
23.586206 -1.8965517 -19.39874208329163
23.586206 -2.0689654 -19.493326357358985
23.586206 -2.2413793 -19.58917344820156
23.586206 -2.4137931 -19.68764903120312
23.586206 -2.5862069 -19.788650613546995
23.586206 -2.7586207 -19.89103053701302
23.586206 -2.9310346 -19.993670276068777
23.586206 -3.1034484 -20.0967480183686
23.586206 -3.275862 -20.20221213299619
23.586206 -3.4482758 -20.31284190124134
23.586206 -3.6206896 -20.430439344962057
23.586206 -3.7931035 -20.554387957878944
23.586206 -3.9655173 -20.681532249306922
23.586206 -4.1379309 -20.80772230865725
23.586206 -4.3103447 -20.930485526454866
23.586206 -4.4827585 -21.050934893906497
23.586206 -4.6551723 -21.172893108664116
23.586206 -4.8275862 -21.29967789987897
23.586206 -5.0 -21.431198082887565

23.931034 0.0 -17.876789070363913
23.931034 -0.1724138 -18.04829469338541
23.931034 -0.34482759 -18.219066078424788
23.931034 -0.51724136 -18.38859742010242
23.931034 -0.68965518 -18.556094323310678
23.931034 -0.86206895 -18.72039518455745
23.931034 -1.0344827 -18.880010780942836
23.931034 -1.2068965 -19.033396808943543
23.931034 -1.3793104 -19.179458104167114
23.931034 -1.5517242 -19.318046908176274
23.931034 -1.7241379 -19.450083317555308
23.931034 -1.8965517 -19.577142277818222
23.931034 -2.0689654 -19.700813424451763
23.931034 -2.2413793 -19.822379990695623
23.931034 -2.4137931 -19.943069320630844
23.931034 -2.5862069 -20.064509640847174
23.931034 -2.7586207 -20.18867969666787
23.931034 -2.9310346 -20.317069810025917
23.931034 -3.1034484 -20.449600693601575
23.931034 -3.275862 -20.584234155157567
23.931034 -3.4482758 -20.717906555198713
23.931034 -3.6206896 -20.848574863131624
23.931034 -3.7931035 -20.976943023809888
23.931034 -3.9655173 -21.10606574428679
23.931034 -4.1379309 -21.238812667917372
23.931034 -4.3103447 -21.375256312730038
23.931034 -4.4827585 -21.512035632067573
23.931034 -4.6551723 -21.644383422824006
23.931034 -4.8275862 -21.7697749461164
23.931034 -5.0 -21.890280262176137

24.275862 0.0 -17.87746634683144
24.275862 -0.1724138 -18.049584471019188
24.275862 -0.34482759 -18.221435721690934
24.275862 -0.51724136 -18.39279716705841
24.275862 -0.68965518 -18.563309470234973
24.275862 -0.86206895 -18.732450267658795
24.275862 -1.0344827 -18.89954626021286
24.275862 -1.2068965 -19.06385594700246
24.275862 -1.3793104 -19.224747001388984
24.275862 -1.5517242 -19.381935038566603
24.275862 -1.7241379 -19.53567276634624
24.275862 -1.8965517 -19.68677205921584
24.275862 -2.0689654 -19.836421197457465
24.275862 -2.2413793 -19.98581444998754
24.275862 -2.4137931 -20.13565642722324
24.275862 -2.5862069 -20.2857792246474
24.275862 -2.7586207 -20.43525396665593
24.275862 -2.9310346 -20.583176655540036
24.275862 -3.1034484 -20.72966237391496
24.275862 -3.275862 -20.876067908350578
24.275862 -3.4482758 -21.023940468008995
24.275862 -3.6206896 -21.173437270662273
24.275862 -3.7931035 -21.32259676194468
24.275862 -3.9655173 -21.46830096927415
24.275862 -4.1379309 -21.608558234390866
24.275862 -4.3103447 -21.744364619087975
24.275862 -4.4827585 -21.87926047074673
24.275862 -4.6551723 -22.01680731170898
24.275862 -4.8275862 -22.15817096146053
24.275862 -5.0 -22.3015152858214

24.620689 0.0 -17.877686905165337
24.620689 -0.1724138 -18.05000228717065
24.620689 -0.34482759 -18.22222895178112
24.620689 -0.51724136 -18.394298634888102
24.620689 -0.68965518 -18.566099319595462
24.620689 -0.86206895 -18.737455913329267
24.620689 -1.0344827 -18.908122903294714
24.620689 -1.2068965 -19.077812523362173
24.620689 -1.3793104 -19.24627225898525
24.620689 -1.5517242 -19.413384254380276
24.620689 -1.7241379 -19.57921818825739
24.620689 -1.8965517 -19.743980697350725
24.620689 -2.0689654 -19.907896713385576
24.620689 -2.2413793 -20.071151263683582
24.620689 -2.4137931 -20.233968726544056
24.620689 -2.5862069 -20.39671475560087
24.620689 -2.7586207 -20.55977840401385
24.620689 -2.9310346 -20.72319747264087
24.620689 -3.1034484 -20.886347016543336
24.620689 -3.275862 -21.048102777189207
24.620689 -3.4482758 -21.207550639917084
24.620689 -3.6206896 -21.36477059952547
24.620689 -3.7931035 -21.520958584556205
24.620689 -3.9655173 -21.67761652308111
24.620689 -4.1379309 -21.835420589441423
24.620689 -4.3103447 -21.993665873583954
24.620689 -4.4827585 -22.15072616646145
24.620689 -4.6551723 -22.3053329109457
24.620689 -4.8275862 -22.45783252496307
24.620689 -5.0 -22.610263763417162

24.965517 0.0 -17.877755316929186
24.965517 -0.1724138 -18.05013924838263
24.965517 -0.34482759 -18.222497058267116
24.965517 -0.51724136 -18.394805846255405
24.965517 -0.68965518 -18.567025964201456
24.965517 -0.86206895 -18.739095674538156
24.965517 -1.0344827 -18.91093148971213
24.965517 -1.2068965 -19.08243803379293
24.965517 -1.3793104 -19.253531018712003
24.965517 -1.5517242 -19.42416931447448
24.965517 -1.7241379 -19.59438171798167
24.965517 -1.8965517 -19.76426717484383
24.965517 -2.0689654 -19.933956179880973
24.965517 -2.2413793 -20.103538896719257
24.965517 -2.4137931 -20.272988369438792
24.965517 -2.5862069 -20.442150012248707
24.965517 -2.7586207 -20.61084703332282
24.965517 -2.9310346 -20.779055619037408
24.965517 -3.1034484 -20.946990906189455
24.965517 -3.275862 -21.11498050368517
24.965517 -3.4482758 -21.283193927983795
24.965517 -3.6206896 -21.451450858479006
24.965517 -3.7931035 -21.6192921112776
24.965517 -3.9655173 -21.786312250119256
24.965517 -4.1379309 -21.95254955184886
24.965517 -4.3103447 -22.11858719175686
24.965517 -4.4827585 -22.285166106884617
24.965517 -4.6551723 -22.452545186544093
24.965517 -4.8275862 -22.620125371507736
24.965517 -5.0 -22.786707207872023

25.310345 0.0 -17.877778247006187
25.310345 -0.1724138 -18.050182009251188
25.310345 -0.34482759 -18.222576491908313
25.310345 -0.51724136 -18.39495445256638
25.310345 -0.68965518 -18.567304459994446
25.310345 -0.86206895 -18.739608929288945
25.310345 -1.0344827 -18.91184321404457
25.310345 -1.2068965 -19.08397713260114
25.310345 -1.3793104 -19.255981474183436
25.310345 -1.5517242 -19.427837347485035
25.310345 -1.7241379 -19.599542338800546
25.310345 -1.8965517 -19.771107536183283
25.310345 -2.0689654 -19.942551033893896
25.310345 -2.2413793 -20.113901104976208
25.310345 -2.4137931 -20.28520296309635
25.310345 -2.5862069 -20.456512256518444
25.310345 -2.7586207 -20.627860329218887
25.310345 -2.9310346 -20.799217580319972
25.310345 -3.1034484 -20.970495955254144
25.310345 -3.275862 -21.141609847223613
25.310345 -3.4482758 -21.31256067543787
25.310345 -3.6206896 -21.483467738523093
25.310345 -3.7931035 -21.65449345872277
25.310345 -3.9655173 -21.825697819934973
25.310345 -4.1379309 -21.996942901201013
25.310345 -4.3103447 -22.16794353171261
25.310345 -4.4827585 -22.338456646824074
25.310345 -4.6551723 -22.50849178780153
25.310345 -4.8275862 -22.678362848505845
25.310345 -5.0 -22.848496251438952

25.655172 0.0 -17.87778540165056
25.655172 -0.1724138 -18.050196151622345
25.655172 -0.34482759 -18.222604184801558
25.655172 -0.51724136 -18.3950072149951
25.655172 -0.68965518 -18.567401323989095
25.655172 -0.86206895 -18.73978006719136
25.655172 -1.0344827 -18.91213468022025
25.655172 -1.2068965 -19.084455062196408
25.655172 -1.3793104 -19.256732264786685
25.655172 -1.5517242 -19.42896175930379
25.655172 -1.7241379 -19.601146636111817
25.655172 -1.8965517 -19.77329729615438
25.655172 -2.0689654 -19.945426197659803
25.655172 -2.2413793 -20.117541477174065
25.655172 -2.4137931 -20.289641535075187
25.655172 -2.5862069 -20.46172084974168
25.655172 -2.7586207 -20.63378236587203
25.655172 -2.9310346 -20.805846299871472
25.655172 -3.1034484 -20.977940139037944
25.655172 -3.275862 -21.15007340984548
25.655172 -3.4482758 -21.3222180551484
25.655172 -3.6206896 -21.494315136100592
25.655172 -3.7931035 -21.666313436186552
25.655172 -3.9655173 -21.83821280053726
25.655172 -4.1379309 -22.010077335316815
25.655172 -4.3103447 -22.1819973073863
25.655172 -4.4827585 -22.354021282287476
25.655172 -4.6551723 -22.52611176602884
25.655172 -4.8275862 -22.69815603748238
25.655172 -5.0 -22.870031492853574

26.0 0.0 -17.87778769171311
26.0 -0.1724138 -18.050200642292122
26.0 -0.34482759 -18.22261273335449
26.0 -0.51724136 -18.39502319913024
26.0 -0.68965518 -18.567430874966536
26.0 -0.86206895 -18.739833805830322
26.0 -1.0344827 -18.912229482674547
26.0 -1.2068965 -19.08461495204581
26.0 -1.3793104 -19.256987432034755
26.0 -1.5517242 -19.429345133039114
26.0 -1.7241379 -19.601688550279036
26.0 -1.8965517 -19.77402059145186
26.0 -2.0689654 -19.946345608030658
26.0 -2.2413793 -20.118669762893127
26.0 -2.4137931 -20.29099852169071
26.0 -2.5862069 -20.463334538275937
26.0 -2.7586207 -20.635673947344518
26.0 -2.9310346 -20.80800708721484
26.0 -3.1034484 -20.980324324113727
26.0 -3.275862 -21.152624985461472
26.0 -3.4482758 -21.324921117726788
26.0 -3.6206896 -21.497229613583723
26.0 -3.7931035 -21.669559976151852
26.0 -3.9655173 -21.84190425097835
26.0 -4.1379309 -22.014239211350976
26.0 -4.3103447 -22.186539994640345
26.0 -4.4827585 -22.35879612166427
26.0 -4.6551723 -22.53102009676051
26.0 -4.8275862 -22.70323656781284
26.0 -5.0 -22.875459294454043
