# KROME file, XRAY H rate
# Distance = 3 kpc
# Xray rate including primary H ionization in 1/s
# first line indicates the size of the table (30x30)
# then first column is the parameter log10(nH), where nH is the H column density in cm-2
# second column is log10(xHe), where xHe = nHe/nH both in cm-2
# third column is log10(rate), where rate is in units of 1/s
30, 30
16.0 0.0 -16.022702702176918
16.0 -0.1724138 -16.114252521320065
16.0 -0.34482759 -16.188824334344453
16.0 -0.51724136 -16.247287690255398
16.0 -0.68965518 -16.291543404040905
16.0 -0.86206895 -16.324053994345963
16.0 -1.0344827 -16.347365550205836
16.0 -1.2068965 -16.36377309442817
16.0 -1.3793104 -16.37516360000518
16.0 -1.5517242 -16.38299333704806
16.0 -1.7241379 -16.388338082720878
16.0 -1.8965517 -16.391968945974195
16.0 -2.0689654 -16.394427359371683
16.0 -2.2413793 -16.39608819827507
16.0 -2.4137931 -16.397208545191727
16.0 -2.5862069 -16.39796357803642
16.0 -2.7586207 -16.398472144714425
16.0 -2.9310346 -16.398814643969583
16.0 -3.1034484 -16.3990453602891
16.0 -3.275862 -16.399200903036885
16.0 -3.4482758 -16.399305945717778
16.0 -3.6206896 -16.399377114502226
16.0 -3.7931035 -16.399425618213023
16.0 -3.9655173 -16.399459022696718
16.0 -4.1379309 -16.399482447951648
16.0 -4.3103447 -16.39949937538138
16.0 -4.4827585 -16.399512192509267
16.0 -4.6551723 -16.399522561503638
16.0 -4.8275862 -16.39953166920498
16.0 -5.0 -16.399540398012437

16.344828 0.0 -16.022704219793134
16.344828 -0.1724138 -16.114254083349454
16.344828 -0.34482759 -16.18882589218633
16.344828 -0.51724136 -16.247289203460948
16.344828 -0.68965518 -16.291544847821417
16.344828 -0.86206895 -16.324055362093464
16.344828 -1.0344827 -16.347366851783427
16.344828 -1.2068965 -16.36377435250899
16.344828 -1.3793104 -16.3751648464752
16.344828 -1.5517242 -16.382994610501385
16.344828 -1.7241379 -16.388339427267894
16.344828 -1.8965517 -16.391970411195885
16.344828 -2.0689654 -16.39442900116867
16.344828 -2.2413793 -16.396090080415004
16.344828 -2.4137931 -16.3972107414438
16.344828 -2.5862069 -16.397966174867623
16.344828 -2.7586207 -16.398475244582894
16.344828 -2.9310346 -16.398818369305136
16.344828 -3.1034484 -16.399049858292344
16.344828 -3.275862 -16.399206351475428
16.344828 -3.4482758 -16.39931255994312
16.344828 -3.6206896 -16.39938515595064
16.344828 -3.7931035 -16.399435404735307
16.344828 -3.9655173 -16.399470941112686
16.344828 -4.1379309 -16.399496969332112
16.344828 -4.3103447 -16.399517073666118
16.344828 -4.4827585 -16.39953376716875
16.344828 -4.6551723 -16.399548865166185
16.344828 -4.8275862 -16.399563741326602
16.344828 -5.0 -16.39957950589911

16.689655 0.0 -16.022707576989042
16.689655 -0.1724138 -16.11425753881291
16.689655 -0.34482759 -16.18882933840094
16.689655 -0.51724136 -16.247292550943044
16.689655 -0.68965518 -16.291548041730415
16.689655 -0.86206895 -16.32405838780852
16.689655 -1.0344827 -16.3473697311215
16.689655 -1.2068965 -16.36377713562592
16.689655 -1.3793104 -16.375167603907784
16.689655 -1.5517242 -16.382997427626353
16.689655 -1.7241379 -16.38834240166505
16.689655 -1.8965517 -16.391973652546813
16.689655 -2.0689654 -16.394432633134706
16.689655 -2.2413793 -16.396094244059952
16.689655 -2.4137931 -16.39721559995541
16.689655 -2.5862069 -16.397971919521407
16.689655 -2.7586207 -16.398482102026502
16.689655 -2.9310346 -16.398826610362367
16.689655 -3.1034484 -16.399059808577125
16.689655 -3.275862 -16.3992184042103
16.689655 -3.4482758 -16.399327191476253
16.689655 -3.6206896 -16.39940294455288
16.689655 -3.7931035 -16.399457053438805
16.689655 -3.9655173 -16.39949730546489
16.689655 -4.1379309 -16.399529091174127
16.689655 -4.3103447 -16.399556222277088
16.689655 -4.4827585 -16.39958148933519
16.689655 -4.6551723 -16.399607046205052
16.689655 -4.8275862 -16.399634679430427
16.689655 -5.0 -16.399666002678103

17.034483 0.0 -16.022715003420593
17.034483 -0.1724138 -16.114265182714053
17.034483 -0.34482759 -16.188836961914042
17.034483 -0.51724136 -16.247299956098406
17.034483 -0.68965518 -16.291555107194913
17.034483 -0.86206895 -16.32406508122468
17.034483 -1.0344827 -16.347376100742164
17.034483 -1.2068965 -16.363783292397688
17.034483 -1.3793104 -16.375173703865837
17.034483 -1.5517242 -16.38300365963564
17.034483 -1.7241379 -16.38834898158601
17.034483 -1.8965517 -16.391980823010154
17.034483 -2.0689654 -16.39444066769442
17.034483 -2.2413793 -16.39610345476318
17.034483 -2.4137931 -16.397226347784585
17.034483 -2.5862069 -16.397984627583593
17.034483 -2.7586207 -16.398497271662126
17.034483 -2.9310346 -16.398844840612902
17.034483 -3.1034484 -16.39908181965268
17.034483 -3.275862 -16.39924506582771
17.034483 -3.4482758 -16.399359557157638
17.034483 -3.6206896 -16.399442293166363
17.034483 -3.7931035 -16.399504939659536
17.034483 -3.9655173 -16.399555621079102
17.034483 -4.1379309 -16.39960013966472
17.034483 -4.3103447 -16.399642809636465
17.034483 -4.4827585 -16.39968703452091
17.034483 -4.6551723 -16.39973571567732
17.034483 -4.8275862 -16.399791550937316
17.034483 -5.0 -16.399857264540007

17.379311 0.0 -16.022731430189786
17.379311 -0.1724138 -16.114282090964387
17.379311 -0.34482759 -16.18885382541616
17.379311 -0.51724136 -16.247316336841816
17.379311 -0.68965518 -16.291570736697977
17.379311 -0.86206895 -16.324079887842494
17.379311 -1.0344827 -16.347390191166056
17.379311 -1.2068965 -16.36379691202037
17.379311 -1.3793104 -16.375187197832407
17.379311 -1.5517242 -16.3830174457205
17.379311 -1.7241379 -16.388363537281418
17.379311 -1.8965517 -16.391996685022335
17.379311 -2.0689654 -16.39445844112382
17.379311 -2.2413793 -16.39612382984106
17.379311 -2.4137931 -16.397250122959754
17.379311 -2.5862069 -16.398012738680432
17.379311 -2.7586207 -16.398530827487793
17.379311 -2.9310346 -16.39888516598143
17.379311 -3.1034484 -16.399130507237068
17.379311 -3.275862 -16.399304038756
17.379311 -3.4482758 -16.399431144749034
17.379311 -3.6206896 -16.399529322620666
17.379311 -3.7931035 -16.399610847379087
17.379311 -3.9655173 -16.399684587827533
17.379311 -4.1379309 -16.399757254883877
17.379311 -4.3103447 -16.399834271329247
17.379311 -4.4827585 -16.399920392094792
17.379311 -4.6551723 -16.400020165328428
17.379311 -4.8275862 -16.400138294647192
17.379311 -5.0 -16.40027994598629

17.724138 0.0 -16.02276775926925
17.724138 -0.1724138 -16.114319487092864
17.724138 -0.34482759 -16.188891124286815
17.724138 -0.51724136 -16.247352569198952
17.724138 -0.68965518 -16.291605308279895
17.724138 -0.86206895 -16.324112639846913
17.724138 -1.0344827 -16.347421359349887
17.724138 -1.2068965 -16.363827039021473
17.724138 -1.3793104 -16.375217046994088
17.724138 -1.5517242 -16.383047941070384
17.724138 -1.7241379 -16.388395734945384
17.724138 -1.8965517 -16.392031772082237
17.724138 -2.0689654 -16.394497755891237
17.724138 -2.2413793 -16.396168898835104
17.724138 -2.4137931 -16.397302711913454
17.724138 -2.5862069 -16.39807491694825
17.724138 -2.7586207 -16.398605046675012
17.724138 -2.9310346 -16.398974354913754
17.724138 -3.1034484 -16.39923818635879
17.724138 -3.275862 -16.399434458145976
17.724138 -3.4482758 -16.399589450981736
17.724138 -3.6206896 -16.399721760587376
17.724138 -3.7931035 -16.399845005046497
17.724138 -3.9655173 -16.399969692994997
17.724138 -4.1379309 -16.400104535354952
17.724138 -4.3103447 -16.400257392143807
17.724138 -4.4827585 -16.40043598539707
17.724138 -4.6551723 -16.400648472900027
17.724138 -4.8275862 -16.400903945875793
17.724138 -5.0 -16.401212898145673

18.068966 0.0 -16.022848076566103
18.068966 -0.1724138 -16.114402174286028
18.068966 -0.34482759 -16.18897360480571
18.068966 -0.51724136 -16.247432697442605
18.068966 -0.68965518 -16.29168176802447
18.068966 -0.86206895 -16.324185078276546
18.068966 -1.0344827 -16.347490296707175
18.068966 -1.2068965 -16.36389367465548
18.068966 -1.3793104 -16.375283068661474
18.068966 -1.5517242 -16.383115392061285
18.068966 -1.7241379 -16.388466950731267
18.068966 -1.8965517 -16.392109377653792
18.068966 -2.0689654 -16.394584710437865
18.068966 -2.2413793 -16.396268577318114
18.068966 -2.4137931 -16.397419017579168
18.068966 -2.5862069 -16.3982124233418
18.068966 -2.7586207 -16.398769170896077
18.068966 -2.9310346 -16.39917156669051
18.068966 -3.1034484 -16.399476259610235
18.068966 -3.275862 -16.399722774059562
18.068966 -3.4482758 -16.399939363813598
18.068966 -3.6206896 -16.400147039184656
18.068966 -3.7931035 -16.400362366954138
18.068966 -3.9655173 -16.400599450030455
18.068966 -4.1379309 -16.40087137418092
18.068966 -4.3103447 -16.401191317474783
18.068966 -4.4827585 -16.40157345652809
18.068966 -4.6551723 -16.40203377228876
18.068966 -4.8275862 -16.402590821934954
18.068966 -5.0 -16.403266529612328

18.413794 0.0 -16.023025508110575
18.413794 -0.1724138 -16.11458489417961
18.413794 -0.34482759 -16.189155908920345
18.413794 -0.51724136 -16.24760983245944
18.413794 -0.68965518 -16.291850814433452
18.413794 -0.86206895 -16.324345248194966
18.413794 -1.0344827 -16.34764273465037
18.413794 -1.2068965 -16.364041028532018
18.413794 -1.3793104 -16.37542906761595
18.413794 -1.5517242 -16.383264552068674
18.413794 -1.7241379 -16.388624433893526
18.413794 -1.8965517 -16.39228098565041
18.413794 -2.0689654 -16.394776982532715
18.413794 -2.2413793 -16.39648896969358
18.413794 -2.4137931 -16.397676150655023
18.413794 -2.5862069 -16.39851639364609
18.413794 -2.7586207 -16.39913193097688
18.413794 -2.9310346 -16.399607382658505
18.413794 -3.1034484 -16.4000022602805
18.413794 -3.275862 -16.40035961049625
18.413794 -3.4482758 -16.40071200234456
18.413794 -3.6206896 -16.401085714094826
18.413794 -3.7931035 -16.401503726383332
18.413794 -3.9655173 -16.401987931281838
18.413794 -4.1379309 -16.402560852272476
18.413794 -4.3103447 -16.403247075966284
18.413794 -4.4827585 -16.40407453077776
18.413794 -4.6551723 -16.40507572480191
18.413794 -4.8275862 -16.40628900515985
18.413794 -5.0 -16.40775988598093

18.758621 0.0 -16.023416814387886
18.758621 -0.1724138 -16.114988121364863
18.758621 -0.34482759 -16.189558418214673
18.758621 -0.51724136 -16.248001075661378
18.758621 -0.68965518 -16.292224295332723
18.758621 -0.86206895 -16.324699187861835
18.758621 -1.0344827 -16.34797963387505
18.758621 -1.2068965 -16.364366719088174
18.758621 -1.3793104 -16.375751776957674
18.758621 -1.5517242 -16.383594249806617
18.758621 -1.7241379 -16.388972517823024
18.758621 -1.8965517 -16.392660264039048
18.758621 -2.0689654 -16.395201886861773
18.758621 -2.2413793 -16.39697594590133
18.758621 -2.4137931 -16.3982441985336
18.758621 -2.5862069 -16.39918774559019
18.758621 -2.7586207 -16.399932876046275
18.758621 -2.9310346 -16.400569254592504
18.758621 -3.1034484 -16.40116261657708
18.758621 -3.275862 -16.401763638567232
18.758621 -3.4482758 -16.402414195543543
18.758621 -3.6206896 -16.403151863512804
18.758621 -3.7931035 -16.404013284795692
18.758621 -3.9655173 -16.405036803367906
18.758621 -4.1379309 -16.40626467014857
18.758621 -4.3103447 -16.40774501343912
18.758621 -4.4827585 -16.40953368801141
18.758621 -4.6551723 -16.411696101644445
18.758621 -4.8275862 -16.414309024570258
18.758621 -5.0 -16.4174623526241

19.103449 0.0 -16.024276590881442
19.103449 -0.1724138 -16.115875342020868
19.103449 -0.34482759 -16.190445029627924
19.103449 -0.51724136 -16.248863585442574
19.103449 -0.68965518 -16.293048150487895
19.103449 -0.86206895 -16.325480278415043
19.103449 -1.0344827 -16.348723340721698
19.103449 -1.2068965 -16.365085816932897
19.103449 -1.3793104 -16.37646435850534
19.103449 -1.5517242 -16.384322269180124
19.103449 -1.7241379 -16.38974108282355
19.103449 -1.8965517 -16.393497581270257
19.103449 -2.0689654 -16.39613971255876
19.103449 -2.2413793 -16.398050424813444
19.103449 -2.4137931 -16.399497019721895
19.103449 -2.5862069 -16.40066758987768
19.103449 -2.7586207 -16.401697159931494
19.103449 -2.9310346 -16.402686199637127
19.103449 -3.1034484 -16.403713686413365
19.103449 -3.275862 -16.404846397125905
19.103449 -3.4482758 -16.406145643199775
19.103449 -3.6206896 -16.407672297709894
19.103449 -3.7931035 -16.409490730393784
19.103449 -3.9655173 -16.411672018922673
19.103449 -4.1379309 -16.414296699614304
19.103449 -4.3103447 -16.41745717598731
19.103449 -4.4827585 -16.42125976704775
19.103449 -4.6551723 -16.425826357557856
19.103449 -4.8275862 -16.431295407873385
19.103449 -5.0 -16.437822002078754

19.448277 0.0 -16.02615024142192
19.448277 -0.1724138 -16.11781480573778
19.448277 -0.34482759 -16.19238783779616
19.448277 -0.51724136 -16.25075703386021
19.448277 -0.68965518 -16.29485917896314
19.448277 -0.86206895 -16.327198955831914
19.448277 -1.0344827 -16.350360839235734
19.448277 -1.2068965 -16.366669783824044
19.448277 -1.3793104 -16.3780342928678
19.448277 -1.5517242 -16.385926247718853
19.448277 -1.7241379 -16.39143413063722
19.448277 -1.8965517 -16.395341474571147
19.448277 -2.0689654 -16.398203880353368
19.448277 -2.2413793 -16.400413676406163
19.448277 -2.4137931 -16.402249921818015
19.448277 -2.5862069 -16.403915410359385
19.448277 -2.7586207 -16.40556335026209
19.448277 -2.9310346 -16.407316424443536
19.448277 -3.1034484 -16.409280413744952
19.448277 -3.275862 -16.411554054008214
19.448277 -3.4482758 -16.414236300540146
19.448277 -3.6206896 -16.417431762539884
19.448277 -3.7931035 -16.42125483542829
19.448277 -3.9655173 -16.425832708356104
19.448277 -4.1379309 -16.431307305132382
19.448277 -4.3103447 -16.43783598279219
19.448277 -4.4827585 -16.445590597082045
19.448277 -4.6551723 -16.45475462494598
19.448277 -4.8275862 -16.465517858023922
19.448277 -5.0 -16.478068507621234

19.793104 0.0 -16.030160725012074
19.793104 -0.1724138 -16.12199429648445
19.793104 -0.34482759 -16.19659665070382
19.793104 -0.51724136 -16.254875365692644
19.793104 -0.68965518 -16.298809916027885
19.793104 -0.86206895 -16.33095618727241
19.793104 -1.0344827 -16.35394580083106
19.793104 -1.2068965 -16.37014069879551
19.793104 -1.3793104 -16.381476009328612
19.793104 -1.5517242 -16.38944275344075
19.793104 -1.7241379 -16.395144647375126
19.793104 -1.8965517 -16.399379660090293
19.793104 -2.0689654 -16.402719368595168
19.793104 -2.2413793 -16.40557529339185
19.793104 -2.4137931 -16.408250103102304
19.793104 -2.5862069 -16.410975518045486
19.793104 -2.7586207 -16.413939662809206
19.793104 -2.9310346 -16.417306590017517
19.793104 -3.1034484 -16.4212300856377
19.793104 -3.275862 -16.42586330143711
19.793104 -3.4482758 -16.43136517555728
19.793104 -3.6206896 -16.43790409226948
19.793104 -3.7931035 -16.4456590256023
19.793104 -3.9655173 -16.45481796101226
19.793104 -4.1379309 -16.46557349752873
19.793104 -4.3103447 -16.478115607028702
19.793104 -4.4827585 -16.49262198671407
19.793104 -4.6551723 -16.509247878672863
19.793104 -4.8275862 -16.528118412373217
19.793104 -5.0 -16.54932826770551

20.137932 0.0 -16.03842004352896
20.137932 -0.1724138 -16.13072655991433
20.137932 -0.34482759 -16.20549041926499
20.137932 -0.51724136 -16.2636536967207
20.137932 -0.68965518 -16.30728540530122
20.137932 -0.86206895 -16.339053939722664
20.137932 -1.0344827 -16.36169682856014
20.137932 -1.2068965 -16.377660086609666
20.137932 -1.3793104 -16.388939512626187
20.137932 -1.5517242 -16.397069181669078
20.137932 -1.7241379 -16.403185848600135
20.137932 -1.8965517 -16.408117091001756
20.137932 -2.0689654 -16.412465421953865
20.137932 -2.2413793 -16.416677683547633
20.137932 -2.4137931 -16.42109793038685
20.137932 -2.5862069 -16.42600590667662
20.137932 -2.7586207 -16.431643915388637
20.137932 -2.9310346 -16.438234719898897
20.137932 -3.1034484 -16.445992348709797
20.137932 -3.275862 -16.45512710702458
20.137932 -3.4482758 -16.465845587293707
20.137932 -3.6206896 -16.478346256707283
20.137932 -3.7931035 -16.49281185989023
20.137932 -3.9655173 -16.50940040989992
20.137932 -4.1379309 -16.528238375152345
20.137932 -4.3103447 -16.549420966615696
20.137932 -4.4827585 -16.573024530025055
20.137932 -4.6551723 -16.599133654121804
20.137932 -4.8275862 -16.62787701017554
20.137932 -5.0 -16.659454983978296

20.482758 0.0 -16.054127467407273
20.482758 -0.1724138 -16.1478240251017
20.482758 -0.34482759 -16.22331658351481
20.482758 -0.51724136 -16.28157150206996
20.482758 -0.68965518 -16.324823158004662
20.482758 -0.86206895 -16.3559768511116
20.482758 -1.0344827 -16.378006128063202
20.482758 -1.2068965 -16.39355006908127
20.482758 -1.3793104 -16.404745166669674
20.482758 -1.5517242 -16.413223311712006
20.482758 -1.7241379 -16.420191221512646
20.482758 -1.8965517 -16.426531792039192
20.482758 -2.0689654 -16.432897118210995
20.482758 -2.2413793 -16.43978239531115
20.482758 -2.4137931 -16.447579446597537
20.482758 -2.5862069 -16.45661259625589
20.482758 -2.7586207 -16.467160105972052
20.482758 -2.9310346 -16.479464446599113
20.482758 -3.1034484 -16.49373439791774
20.482758 -3.275862 -16.510142551185652
20.482758 -3.4482758 -16.528822705261906
20.482758 -3.6206896 -16.549872662890937
20.482758 -3.7931035 -16.573368524254153
20.482758 -3.9655173 -16.59939272386476
20.482758 -4.1379309 -16.62807068029347
20.482758 -4.3103447 -16.65959919430266
20.482758 -4.4827585 -16.6942425396105
20.482758 -4.6551723 -16.732282811312245
20.482758 -4.8275862 -16.77394230242936
20.482758 -5.0 -16.819334971971625

20.827587 0.0 -16.07993661782936
20.827587 -0.1724138 -16.17738346327196
20.827587 -0.34482759 -16.255496664819574
20.827587 -0.51724136 -16.315068482660863
20.827587 -0.68965518 -16.35850952559795
20.827587 -0.86206895 -16.38914009272724
20.827587 -1.0344827 -16.41041792650232
20.827587 -1.2068965 -16.425410803137485
20.827587 -1.3793104 -16.436578628553846
20.827587 -1.5517242 -16.445773932906793
20.827587 -1.7241379 -16.454344348376036
20.827587 -1.8965517 -16.463257327495864
20.827587 -2.0689654 -16.473208769687645
20.827587 -2.2413793 -16.484703812224843
20.827587 -2.4137931 -16.49811068064253
20.827587 -2.5862069 -16.51369421106059
20.827587 -2.7586207 -16.53163723792648
20.827587 -2.9310346 -16.55205917690516
20.827587 -3.1034484 -16.57504018870726
20.827587 -3.275862 -16.60065577721127
20.827587 -3.4482758 -16.62901790684196
20.827587 -3.6206896 -16.66030661141443
20.827587 -3.7931035 -16.69476934753369
20.827587 -3.9655173 -16.732673419748057
20.827587 -4.1379309 -16.77422972539201
20.827587 -4.3103447 -16.819544473594732
20.827587 -4.4827585 -16.868662907527938
20.827587 -4.6551723 -16.921716224136347
20.827587 -4.8275862 -16.979085610590882
20.827587 -5.0 -17.041434215531336

21.172413 0.0 -16.11481830631766
21.172413 -0.1724138 -16.219885301596534
21.172413 -0.34482759 -16.304585666307712
21.172413 -0.51724136 -16.368928536076265
21.172413 -0.68965518 -16.41510149340963
21.172413 -0.86206895 -16.446794264832995
21.172413 -1.0344827 -16.468186625309052
21.172413 -1.2068965 -16.48312827276747
21.172413 -1.3793104 -16.494731153095877
21.172413 -1.5517242 -16.50530159688967
21.172413 -1.7241379 -16.516447800005118
21.172413 -1.8965517 -16.529236904703048
21.172413 -2.0689654 -16.544340553109542
21.172413 -2.2413793 -16.562153006719313
21.172413 -2.4137931 -16.58288700010564
21.172413 -2.5862069 -16.60665782549559
21.172413 -2.7586207 -16.633558732349226
21.172413 -2.9310346 -16.663718257119122
21.172413 -3.1034484 -16.697319535605974
21.172413 -3.275862 -16.73456823948069
21.172413 -3.4482758 -16.775625559200734
21.172413 -3.6206896 -16.820561765996423
21.172413 -3.7931035 -16.869397112287785
21.172413 -3.9655173 -16.922243236832823
21.172413 -4.1379309 -16.979463772361676
21.172413 -4.3103447 -17.04170598315048
21.172413 -4.4827585 -17.10968977592459
21.172413 -4.6551723 -17.18378344473677
21.172413 -4.8275862 -17.263572011184074
21.172413 -5.0 -17.347734713355667

21.517242 0.0 -16.15521314062348
21.517242 -0.1724138 -16.271990858080216
21.517242 -0.34482759 -16.36818203134523
21.517242 -0.51724136 -16.442416260231433
21.517242 -0.68965518 -16.495977622678407
21.517242 -0.86206895 -16.532461599525593
21.517242 -1.0344827 -16.556667170128243
21.517242 -1.2068965 -16.573413549483536
21.517242 -1.3793104 -16.58677420849912
21.517242 -1.5517242 -16.599796663174022
21.517242 -1.7241379 -16.61454617720698
21.517242 -1.8965517 -16.63229909831003
21.517242 -2.0689654 -16.65377622310071
21.517242 -2.2413793 -16.679358197776423
21.517242 -2.4137931 -16.709246821985733
21.517242 -2.5862069 -16.743551072248856
21.517242 -2.7586207 -16.782304289800404
21.517242 -2.9310346 -16.82546220607065
21.517242 -3.1034484 -16.872952374023026
21.517242 -3.275862 -16.924806176299
21.517242 -3.4482758 -16.981310190393028
21.517242 -3.6206896 -17.043037655226605
21.517242 -3.7931035 -17.110645476214785
21.517242 -3.9655173 -17.18445624328178
21.517242 -4.1379309 -17.264027775241537
21.517242 -4.3103447 -17.348026323643406
21.517242 -4.4827585 -17.43466268571017
21.517242 -4.6551723 -17.52265594851658
21.517242 -4.8275862 -17.612208885791905
21.517242 -5.0 -17.705203643000903

21.862068 0.0 -16.194727676900634
21.862068 -0.1724138 -16.326852405344564
21.862068 -0.34482759 -16.440252344188742
21.862068 -0.51724136 -16.53146501035717
21.862068 -0.68965518 -16.599603654453475
21.862068 -0.86206895 -16.647066660138243
21.862068 -1.0344827 -16.678818402441568
21.862068 -1.2068965 -16.70078648852949
21.862068 -1.3793104 -16.718423704343394
21.862068 -1.5517242 -16.735967763800492
21.862068 -1.7241379 -16.75631156611327
21.862068 -1.8965517 -16.781196638420813
21.862068 -2.0689654 -16.81150785209314
21.862068 -2.2413793 -16.847560455821217
21.862068 -2.4137931 -16.88935805769024
21.862068 -2.5862069 -16.93683827989744
21.862068 -2.7586207 -16.99008524843021
21.862068 -2.9310346 -17.049417361135053
21.862068 -3.1034484 -17.115245143637814
21.862068 -3.275862 -17.187701571440005
21.862068 -3.4482758 -17.26622820098256
21.862068 -3.6206896 -17.349433056215478
21.862068 -3.7931035 -17.435497167793123
21.862068 -3.9655173 -17.52310953612645
21.862068 -4.1379309 -17.612429854914506
21.862068 -4.3103447 -17.705289866755432
21.862068 -4.4827585 -17.804243897923087
21.862068 -4.6551723 -17.91096239035942
21.862068 -4.8275862 -18.024956908041027
21.862068 -5.0 -18.143437230851994

22.206898 0.0 -16.226678843714645
22.206898 -0.1724138 -16.375165428158112
22.206898 -0.34482759 -16.509166469497156
22.206898 -0.51724136 -16.623743406264975
22.206898 -0.68965518 -16.71540008729958
22.206898 -0.86206895 -16.78378682562763
22.206898 -1.0344827 -16.832281793469882
22.206898 -1.2068965 -16.866921871292412
22.206898 -1.3793104 -16.894464552730113
22.206898 -1.5517242 -16.920781288696986
22.206898 -1.7241379 -16.95013445384711
22.206898 -1.8965517 -16.985198987979626
22.206898 -2.0689654 -17.027461702689298
22.206898 -2.2413793 -17.077674603005494
22.206898 -2.4137931 -17.13613181364876
22.206898 -2.5862069 -17.202669374820818
22.206898 -2.7586207 -17.27648069065692
22.206898 -2.9310346 -17.356037506913765
22.206898 -3.1034484 -17.43944021828347
22.206898 -3.275862 -17.52526590822527
22.206898 -3.4482758 -17.61348801351698
22.206898 -3.6206896 -17.705707214297018
22.206898 -3.7931035 -17.80427270690117
22.206898 -3.9655173 -17.91072347197545
22.206898 -4.1379309 -18.024514955705683
22.206898 -4.3103447 -18.142848812452225
22.206898 -4.4827585 -18.26195238838717
22.206898 -4.6551723 -18.379405719993954
22.206898 -4.8275862 -18.495961011289918
22.206898 -5.0 -18.615028128988467

22.551723 0.0 -16.244877721399295
22.551723 -0.1724138 -16.4058403888124
22.551723 -0.34482759 -16.55882052034201
22.551723 -0.51724136 -16.69946086074807
22.551723 -0.68965518 -16.822697972461967
22.551723 -0.86206895 -16.92446106700293
22.551723 -1.0344827 -17.003942418351635
22.551723 -1.2068965 -17.064704929521582
22.551723 -1.3793104 -17.113510021614534
22.551723 -1.5517242 -17.157841275393938
22.551723 -1.7241379 -17.203878585229347
22.551723 -1.8965517 -17.255633197858856
22.551723 -2.0689654 -17.314938708253425
22.551723 -2.2413793 -17.38185392284454
22.551723 -2.4137931 -17.455328108547754
22.551723 -2.5862069 -17.534136126415458
22.551723 -2.7586207 -17.61786104043678
22.551723 -2.9310346 -17.70735412031464
22.551723 -3.1034484 -17.804203888613046
22.551723 -3.275862 -17.90943531880344
22.551723 -3.4482758 -18.02228550284432
22.551723 -3.6206896 -18.139933894167356
22.551723 -3.7931035 -18.258647349974204
22.551723 -3.9655173 -18.37600072464449
22.551723 -4.1379309 -18.49266155015842
22.551723 -4.3103447 -18.61191958793332
22.551723 -4.4827585 -18.73697591003455
22.551723 -4.6551723 -18.86808656121891
22.551723 -4.8275862 -19.001656887119793
22.551723 -5.0 -19.132158125101487

22.896551 0.0 -16.25406303588342
22.896551 -0.1724138 -16.421780786175546
22.896551 -0.34482759 -16.585612161308905
22.896551 -0.51724136 -16.74305171403575
22.896551 -0.68965518 -16.890757440817616
22.896551 -0.86206895 -17.024956426548478
22.896551 -1.0344827 -17.142533440556374
22.896551 -1.2068965 -17.242628365343815
22.896551 -1.3793104 -17.327695326316242
22.896551 -1.5517242 -17.40290681006249
22.896551 -1.7241379 -17.47422226838278
22.896551 -1.8965517 -17.54663840389735
22.896551 -2.0689654 -17.623620438505174
22.896551 -2.2413793 -17.70746328063326
22.896551 -2.4137931 -17.79969935898796
22.896551 -2.5862069 -17.90094587744557
22.896551 -2.7586207 -18.01034519876997
22.896551 -2.9310346 -18.125347131163288
22.896551 -3.1034484 -18.242553355882848
22.896551 -3.275862 -18.359600549548404
22.896551 -3.4482758 -18.47682876535415
22.896551 -3.6206896 -18.597012602624428
22.896551 -3.7931035 -18.72296418750832
22.896551 -3.9655173 -18.85482506258338
22.896551 -4.1379309 -18.989107154633565
22.896551 -4.3103447 -19.120450814768276
22.896551 -4.4827585 -19.245434266522924
22.896551 -4.6551723 -19.36554004901829
22.896551 -4.8275862 -19.486190011423286
22.896551 -5.0 -19.61264414878469

23.241379 0.0 -16.257505055352613
23.241379 -0.1724138 -16.428327229242534
23.241379 -0.34482759 -16.597798725453185
23.241379 -0.51724136 -16.76486570511437
23.241379 -0.68965518 -16.927830582321587
23.241379 -0.86206895 -17.08431523455678
23.241379 -1.0344827 -17.23163794503961
23.241379 -1.2068965 -17.36773569940047
23.241379 -1.3793104 -17.492318800285965
23.241379 -1.5517242 -17.607475325590112
23.241379 -1.7241379 -17.717120475602236
23.241379 -1.8965517 -17.82554949304235
23.241379 -2.0689654 -17.935957583089717
23.241379 -2.2413793 -18.049643955300912
23.241379 -2.4137931 -18.166232663135872
23.241379 -2.5862069 -18.28486717264708
23.241379 -2.7586207 -18.405662246510747
23.241379 -2.9310346 -18.530139136401598
23.241379 -3.1034484 -18.659986219194852
23.241379 -3.275862 -18.795057997755457
23.241379 -3.4482758 -18.932365144918233
23.241379 -3.6206896 -19.067277990925074
23.241379 -3.7931035 -19.196663529945997
23.241379 -3.9655173 -19.321575481513108
23.241379 -4.1379309 -19.446686374685363
23.241379 -4.3103447 -19.576771276307962
23.241379 -4.4827585 -19.71336771679773
23.241379 -4.6551723 -19.85382198997239
23.241379 -4.8275862 -19.992975707080642
23.241379 -5.0 -20.126721504794375

23.586206 0.0 -16.258712309678327
23.586206 -0.1724138 -16.43063299832676
23.586206 -0.34482759 -16.602086372140963
23.586206 -0.51724136 -16.77268622462324
23.586206 -0.68965518 -16.94182380563439
23.586206 -0.86206895 -17.10862094611086
23.586206 -1.0344827 -17.27195255816262
23.586206 -1.2068965 -17.430636769379827
23.586206 -1.3793104 -17.583843065447308
23.586206 -1.5517242 -17.73154850372417
23.586206 -1.7241379 -17.874697459114465
23.586206 -1.8965517 -18.01492829337411
23.586206 -2.0689654 -18.154141122229902
23.586206 -2.2413793 -18.29417434719932
23.586206 -2.4137931 -18.436434790925517
23.586206 -2.5862069 -18.581274451967374
23.586206 -2.7586207 -18.727471014956834
23.586206 -2.9310346 -18.872609451138757
23.586206 -3.1034484 -19.01467100309023
23.586206 -3.275862 -19.153829648520585
23.586206 -3.4482758 -19.292678580364733
23.586206 -3.6206896 -19.43436291457986
23.586206 -3.7931035 -19.580164457289662
23.586206 -3.9655173 -19.7283938482698
23.586206 -4.1379309 -19.875312531335528
23.586206 -4.3103447 -20.01769821319033
23.586206 -4.4827585 -20.155414494050245
23.586206 -4.6551723 -20.291586352082057
23.586206 -4.8275862 -20.42986982584237
23.586206 -5.0 -20.57123878108968

23.931034 0.0 -16.259062810805503
23.931034 -0.1724138 -16.431317710696298
23.931034 -0.34482759 -16.603435532564674
23.931034 -0.51724136 -16.77530848783323
23.931034 -0.68965518 -16.946749832211466
23.931034 -0.86206895 -17.117460192827796
23.931034 -1.0344827 -17.287024724999604
23.931034 -1.2068965 -17.454980695104908
23.931034 -1.3793104 -17.620968598799422
23.931034 -1.5517242 -17.784908941603632
23.931034 -1.7241379 -17.94707881729179
23.931034 -1.8965517 -18.107979120360906
23.931034 -2.0689654 -18.26803307581391
23.931034 -2.2413793 -18.427349777597325
23.931034 -2.4137931 -18.58582060616867
23.931034 -2.5862069 -18.743553307397793
23.931034 -2.7586207 -18.901210618800675
23.931034 -2.9310346 -19.059763196297812
23.931034 -3.1034484 -19.219721556730356
23.931034 -3.275862 -19.380500223466264
23.931034 -3.4482758 -19.54053819223803
23.931034 -3.6206896 -19.698275411654425
23.931034 -3.7931035 -19.85338275920681
23.931034 -3.9655173 -20.007135199890257
23.931034 -4.1379309 -20.1613425198245
23.931034 -4.3103447 -20.316636735915296
23.931034 -4.4827585 -20.471591101062124
23.931034 -4.6551723 -20.623500276085718
23.931034 -4.8275862 -20.770444740029312
23.931034 -5.0 -20.913098369454925

24.275862 0.0 -16.259180631478724
24.275862 -0.1724138 -16.431548589887523
24.275862 -0.34482759 -16.603872544451878
24.275862 -0.51724136 -16.77611346795877
24.275862 -0.68965518 -16.948207262364974
24.275862 -0.86206895 -17.120058422014285
24.275862 -1.0344827 -17.291539856730306
24.275862 -1.2068965 -17.46250502379287
24.275862 -1.3793104 -17.63282053068805
24.275862 -1.5517242 -17.80241474506502
24.275862 -1.7241379 -17.971319508839066
24.275862 -1.8965517 -18.13968126777786
24.275862 -2.0689654 -18.30773939686647
24.275862 -2.2413793 -18.475768043684933
24.275862 -2.4137931 -18.643959551773307
24.275862 -2.5862069 -18.812288606977166
24.275862 -2.7586207 -18.98047651372422
24.275862 -2.9310346 -19.14816142898583
24.275862 -3.1034484 -19.3152019078911
24.275862 -3.275862 -19.481847992643136
24.275862 -3.4482758 -19.648543143119504
24.275862 -3.6206896 -19.81545363766905
24.275862 -3.7931035 -19.98213631847801
24.275862 -3.9655173 -20.147685064650634
24.275862 -4.1379309 -20.311338588767118
24.275862 -4.3103447 -20.47313254757578
24.275862 -4.4827585 -20.63401689420294
24.275862 -4.6551723 -20.795226403068636
24.275862 -4.8275862 -20.957361865066275
24.275862 -5.0 -21.11990207590845

24.620689 0.0 -16.259214024376114
24.620689 -0.1724138 -16.431613529609205
24.620689 -0.34482759 -16.60399996246463
24.620689 -0.51724136 -16.776362992264747
24.620689 -0.68965518 -16.948685282436653
24.620689 -0.86206895 -17.120938798502348
24.620689 -1.0344827 -17.29308358427741
24.620689 -1.2068965 -17.465072525671257
24.620689 -1.3793104 -17.63686503367438
24.620689 -1.5517242 -17.80844458754117
24.620689 -1.7241379 -17.979828145839186
24.620689 -1.8965517 -18.15105514726837
24.620689 -2.0689654 -18.322161695539698
24.620689 -2.2413793 -18.493167370217797
24.620689 -2.4137931 -18.664091293920855
24.620689 -2.5862069 -18.834982124462847
24.620689 -2.7586207 -19.005907384836384
24.620689 -2.9310346 -19.176885847908885
24.620689 -3.1034484 -19.347818665728067
24.620689 -3.275862 -19.51850415507345
24.620689 -3.4482758 -19.688757905899646
24.620689 -3.6206896 -19.85856154388136
24.620689 -3.7931035 -20.02811241552307
24.620689 -3.9655173 -20.197696823770496
24.620689 -4.1379309 -20.367467636106074
24.620689 -4.3103447 -20.537300645669855
24.620689 -4.4827585 -20.706850758715376
24.620689 -4.6551723 -20.875801649067633
24.620689 -4.8275862 -21.044155618498134
24.620689 -5.0 -21.212317783472944

24.965517 0.0 -16.259223950460918
24.965517 -0.1724138 -16.43163353974465
24.965517 -0.34482759 -16.604039388869083
24.965517 -0.51724136 -16.776438168053804
24.965517 -0.68965518 -16.94882415895432
24.965517 -0.86206895 -17.121188246470844
24.965517 -1.0344827 -17.293518203250237
24.965517 -1.2068965 -17.465800043127476
24.965517 -1.3793104 -17.638021386662125
24.965517 -1.5517242 -17.810176105022546
24.965517 -1.7241379 -17.98226875507398
24.965517 -1.8965517 -18.154314654211994
24.965517 -2.0689654 -18.326333732554094
24.965517 -2.2413793 -18.49834059450942
24.965517 -2.4137931 -18.670331620502775
24.965517 -2.5862069 -18.84228342610329
24.965517 -2.7586207 -19.014167966590918
24.965517 -2.9310346 -19.1859799404707
24.965517 -3.1034484 -19.35775118904385
24.965517 -3.275862 -19.529533032312383
24.965517 -3.4482758 -19.701354384071664
24.965517 -3.6206896 -19.873188647351245
24.965517 -3.7931035 -20.04496275624402
24.965517 -3.9655173 -20.216607241943013
24.965517 -4.1379309 -20.388119462957054
24.965517 -4.3103447 -20.559585543509886
24.965517 -4.4827585 -20.731123613410496
24.965517 -4.6551723 -20.902781587252704
24.965517 -4.8275862 -21.074470137518443
24.965517 -5.0 -21.24599673233695

25.310345 0.0 -16.259227183737064
25.310345 -0.1724138 -16.43163959965413
25.310345 -0.34482759 -16.604050712441044
25.310345 -0.51724136 -16.77645949498533
25.310345 -0.68965518 -16.948864394940394
25.310345 -0.86206895 -17.121262836925244
25.310345 -1.0344827 -17.293651347209302
25.310345 -1.2068965 -17.4660257018815
25.310345 -1.3793104 -17.638381831611778
25.310345 -1.5517242 -17.810716995281634
25.310345 -1.7241379 -17.98303105185155
25.310345 -1.8965517 -18.155325985083742
25.310345 -2.0689654 -18.327604392871546
25.310345 -2.2413793 -18.499870718791218
25.310345 -2.4137931 -18.672131382726334
25.310345 -2.5862069 -18.844394780977492
25.310345 -2.7586207 -19.016665767665952
25.310345 -2.9310346 -19.188940300104154
25.310345 -3.1034484 -19.361205214242172
25.310345 -3.275862 -19.533447274166292
25.310345 -3.4482758 -19.705665917535132
25.310345 -3.6206896 -19.877877261801004
25.310345 -3.7931035 -20.050104619955384
25.310345 -3.9655173 -20.222357151451337
25.310345 -4.1379309 -20.39461612943488
25.310345 -4.3103447 -20.566841926984836
25.310345 -4.4827585 -20.73899945468351
25.310345 -4.6551723 -20.911088619934933
25.310345 -4.8275862 -21.08315245631049
25.310345 -5.0 -21.255250833664597

25.655172 0.0 -16.259228165015806
25.655172 -0.1724138 -16.431641554972728
25.655172 -0.34482759 -16.604054568189905
25.655172 -0.51724136 -16.7764668820007
25.655172 -0.68965518 -16.9488780151552
25.655172 -0.86206895 -17.121286987634566
25.655172 -1.0344827 -17.293692609024145
25.655172 -1.2068965 -17.46609354286961
25.655172 -1.3793104 -17.63848861073765
25.655172 -1.5517242 -17.810877060395416
25.655172 -1.7241379 -17.983259405377755
25.655172 -1.8965517 -18.155637374706988
25.655172 -2.0689654 -18.328012636514096
25.655172 -2.2413793 -18.50038663784303
25.655172 -2.4137931 -18.672758860519988
25.655172 -2.5862069 -18.845128486921663
25.655172 -2.7586207 -19.0174957480443
25.655172 -2.9310346 -19.189863408519425
25.655172 -3.1034484 -19.362235095872368
25.655172 -3.275862 -19.534612144162313
25.655172 -3.4482758 -19.70699117210895
25.655172 -3.6206896 -19.87936399162475
25.655172 -3.7931035 -20.051723627862977
25.655172 -3.9655173 -20.224069717708414
25.655172 -4.1379309 -20.396410718243253
25.655172 -4.3103447 -20.56875916305935
25.655172 -4.4827585 -20.741121535549766
25.655172 -4.6551723 -20.913492916844802
25.655172 -4.8275862 -21.085858306921818
25.655172 -5.0 -21.258201031506115

26.0 0.0 -16.259228472579096
26.0 -0.1724138 -16.431642159581298
26.0 -0.34482759 -16.60405572298295
26.0 -0.51724136 -16.77646905133548
26.0 -0.68965518 -16.948882048695932
26.0 -0.86206895 -17.121294365303278
26.0 -1.0344827 -17.293705688670325
26.0 -1.2068965 -17.466115680952377
26.0 -1.3793104 -17.63852401240099
26.0 -1.5517242 -17.81093027613265
26.0 -1.7241379 -17.983334551553124
26.0 -1.8965517 -18.155737416027613
26.0 -2.0689654 -18.328139289567854
26.0 -2.2413793 -18.500541264838347
26.0 -2.4137931 -18.672943823962466
26.0 -2.5862069 -18.845347419738516
26.0 -2.7586207 -19.01775153594921
26.0 -2.9310346 -19.190154950173824
26.0 -3.1034484 -19.3625561709714
26.0 -3.275862 -19.534954992048558
26.0 -3.4482758 -19.707353353428324
26.0 -3.6206896 -19.879753340224827
26.0 -3.7931035 -20.05215632363049
26.0 -3.9655173 -20.224561090952207
26.0 -4.1379309 -20.396964478909215
26.0 -4.3103447 -20.56936353087581
26.0 -4.4827585 -20.741756669683273
26.0 -4.6551723 -20.914145537999296
26.0 -4.8275862 -21.08653348381256
26.0 -5.0 -21.25892216501602
