# KROME file, XRAY He rate
# Distance = 2 kpc
# Xray rate including primary He ionization in 1/s
# first line indicates the size of the table (30x30)
# then first column is the parameter log10(nH), where nH is the H column density in cm-2
# second column is log10(xHe), where xHe = nHe/nH both in cm-2
# third column is log10(rate), where rate is in units of 1/s
30, 30
16.0 0.0 -12.995170240010616
16.0 -0.1724138 -12.99515245219897
16.0 -0.34482759 -12.99512769460487
16.0 -0.51724136 -12.995092253535772
16.0 -0.68965518 -12.995040661408003
16.0 -0.86206895 -12.99496483341839
16.0 -1.0344827 -12.994852787182358
16.0 -1.2068965 -12.99468674460126
16.0 -1.3793104 -12.994440320275407
16.0 -1.5517242 -12.994074364219376
16.0 -1.7241379 -12.99353082889764
16.0 -1.8965517 -12.992723759433808
16.0 -2.0689654 -12.99152614188379
16.0 -2.2413793 -12.989750866686641
16.0 -2.4137931 -12.987123585386312
16.0 -2.5862069 -12.983244786522647
16.0 -2.7586207 -12.977538600663499
16.0 -2.9310346 -12.969187309340834
16.0 -3.1034484 -12.957055084138602
16.0 -3.275862 -12.939614098852417
16.0 -3.4482758 -12.914902796178461
16.0 -3.6206896 -12.880567187688433
16.0 -3.7931035 -12.834046391689862
16.0 -3.9655173 -12.772937505351123
16.0 -4.1379309 -12.695486356727216
16.0 -4.3103447 -12.601033323681072
16.0 -4.4827585 -12.490200245634048
16.0 -4.6551723 -12.364714065955454
16.0 -4.8275862 -12.226965572171602
16.0 -5.0 -12.079517229410605

16.344828 0.0 -12.995188327123037
16.344828 -0.1724138 -12.995167539294746
16.344828 -0.34482759 -12.995140378015035
16.344828 -0.51724136 -12.995103034566519
16.344828 -0.68965518 -12.995049966133106
16.344828 -0.86206895 -12.994973029487006
16.344828 -1.0344827 -12.994860198289024
16.344828 -1.2068965 -12.99469366317226
16.344828 -1.3793104 -12.994447018832549
16.344828 -1.5517242 -12.994081105799122
16.344828 -1.7241379 -12.993537876810768
16.344828 -1.8965517 -12.992731386528087
16.344828 -2.0689654 -12.991534639272745
16.344828 -2.2413793 -12.989760551594822
16.344828 -2.4137931 -12.98713480720673
16.344828 -2.5862069 -12.983257929320226
16.344828 -2.7586207 -12.977554078977416
16.344828 -2.9310346 -12.96920555228478
16.344828 -3.1034484 -12.957076500774747
16.344828 -3.275862 -12.93963901703963
16.344828 -3.4482758 -12.914931370577762
16.344828 -3.6206896 -12.880599284915156
16.344828 -3.7931035 -12.834081484118817
16.344828 -3.9655173 -12.772974630341963
16.344828 -4.1379309 -12.695524198634297
16.344828 -4.3103447 -12.601070426468691
16.344828 -4.4827585 -12.490235283899013
16.344828 -4.6551723 -12.364746060530521
16.344828 -4.8275862 -12.226993975962971
16.344828 -5.0 -12.07954188915807

16.689655 0.0 -12.995228337598203
16.689655 -0.1724138 -12.995200913712484
16.689655 -0.34482759 -12.995168435384441
16.689655 -0.51724136 -12.995126883746817
16.689655 -0.68965518 -12.995070549597104
16.689655 -0.86206895 -12.99499116048887
16.689655 -1.0344827 -12.994876592864914
16.689655 -1.2068965 -12.994708968198244
16.689655 -1.3793104 -12.994461837158523
16.689655 -1.5517242 -12.994096019294075
16.689655 -1.7241379 -12.993553467949548
16.689655 -1.8965517 -12.992748258878583
16.689655 -2.0689654 -12.991553436801176
16.689655 -2.2413793 -12.989781976014994
16.689655 -2.4137931 -12.98715963137169
16.689655 -2.5862069 -12.983287002747822
16.689655 -2.7586207 -12.977588318545603
16.689655 -2.9310346 -12.969245907030862
16.689655 -3.1034484 -12.957123875256556
16.689655 -3.275862 -12.93969413600311
16.689655 -3.4482758 -12.914994575385352
16.689655 -3.6206896 -12.880670279429333
16.689655 -3.7931035 -12.834159099783562
16.689655 -3.9655173 -12.77305673610465
16.689655 -4.1379309 -12.695607882641186
16.689655 -4.3103447 -12.601152466766784
16.689655 -4.4827585 -12.490312748256574
16.689655 -4.6551723 -12.36481678341907
16.689655 -4.8275862 -12.227056748234592
16.689655 -5.0 -12.079596373141122

17.034483 0.0 -12.995316839891098
17.034483 -0.1724138 -12.995274738537818
17.034483 -0.34482759 -12.995230499706102
17.034483 -0.51724136 -12.995179639948205
17.034483 -0.68965518 -12.995116082190284
17.034483 -0.86206895 -12.995031268266514
17.034483 -1.0344827 -12.994912859643886
17.034483 -1.2068965 -12.994742824855699
17.034483 -1.3793104 -12.9944946172087
17.034483 -1.5517242 -12.994129009849752
17.034483 -1.7241379 -12.993587957459015
17.034483 -1.8965517 -12.992785582429283
17.034483 -2.0689654 -12.991595018804889
17.034483 -2.2413793 -12.989829368558365
17.034483 -2.4137931 -12.987214543799215
17.034483 -2.5862069 -12.983351313823912
17.034483 -2.7586207 -12.977664055779613
17.034483 -2.9310346 -12.969335168672107
17.034483 -3.1034484 -12.957228660562453
17.034483 -3.275862 -12.939816045599951
17.034483 -3.4482758 -12.91513436062745
17.034483 -3.6206896 -12.880827279997684
17.034483 -3.7931035 -12.834330724027817
17.034483 -3.9655173 -12.773238262378785
17.034483 -4.1379309 -12.695792862590379
17.034483 -4.3103447 -12.601333768351124
17.034483 -4.4827585 -12.49048388396847
17.034483 -4.6551723 -12.364972965579328
17.034483 -4.8275862 -12.227195307554956
17.034483 -5.0 -12.079716569380363

17.379311 0.0 -12.995512578420737
17.379311 -0.1724138 -12.995438021826324
17.379311 -0.34482759 -12.99536777593167
17.379311 -0.51724136 -12.995296331089765
17.379311 -0.68965518 -12.995216797454137
17.379311 -0.86206895 -12.995119985474998
17.379311 -1.0344827 -12.994993081496258
17.379311 -1.2068965 -12.994817715997982
17.379311 -1.3793104 -12.994567127059275
17.379311 -1.5517242 -12.994201985240302
17.379311 -1.7241379 -12.99366424815226
17.379311 -1.8965517 -12.992868141249675
17.379311 -2.0689654 -12.991686995957991
17.379311 -2.2413793 -12.989934196324333
17.379311 -2.4137931 -12.987336001769785
17.379311 -2.5862069 -12.983493555505712
17.379311 -2.7586207 -12.977831562412247
17.379311 -2.9310346 -12.969532576013501
17.379311 -3.1034484 -12.957460382477924
17.379311 -3.275862 -12.940085609955522
17.379311 -3.4482758 -12.915443410934765
17.379311 -3.6206896 -12.881174330098473
17.379311 -3.7931035 -12.834710008679613
17.379311 -3.9655173 -12.77363930076677
17.379311 -4.1379309 -12.69620135704871
17.379311 -4.3103447 -12.601733920221529
17.379311 -4.4827585 -12.490861338166749
17.379311 -4.6551723 -12.365317145630042
17.379311 -4.8275862 -12.227500336396057
17.379311 -5.0 -12.079980843060653

17.724138 0.0 -12.995945358850374
17.724138 -0.1724138 -12.995799075486465
17.724138 -0.34482759 -12.995671344160542
17.724138 -0.51724136 -12.99555439265241
17.724138 -0.68965518 -12.995439538171343
17.724138 -0.86206895 -12.995316197785982
17.724138 -1.0344827 -12.995170508970615
17.724138 -1.2068965 -12.994983355743852
17.724138 -1.3793104 -12.994727500840545
17.724138 -1.5517242 -12.994363388188086
17.724138 -1.7241379 -12.993832981767294
17.724138 -1.8965517 -12.993050734468
17.724138 -2.0689654 -12.991890413269381
17.724138 -2.2413793 -12.990166024416926
17.724138 -2.4137931 -12.9876045928361
17.724138 -2.5862069 -12.983808084620122
17.724138 -2.7586207 -12.978201923196611
17.724138 -2.9310346 -12.96996899427479
17.724138 -3.1034484 -12.957972578987631
17.724138 -3.275862 -12.940681325272086
17.724138 -3.4482758 -12.916126189846972
17.724138 -3.6206896 -12.881940761148508
17.724138 -3.7931035 -12.835547182485046
17.724138 -3.9655173 -12.774523859348047
17.724138 -4.1379309 -12.697101514364745
17.724138 -4.3103447 -12.602614626884037
17.724138 -4.4827585 -12.491690825960813
17.724138 -4.6551723 -12.366072095174244
17.724138 -4.8275862 -12.228167888643224
17.724138 -5.0 -12.08055761972597

18.068966 0.0 -12.996901621292746
18.068966 -0.1724138 -12.996597009200256
18.068966 -0.34482759 -12.99634234002709
18.068966 -0.51724136 -12.996124873273525
18.068966 -0.68965518 -12.995931984540396
18.068966 -0.86206895 -12.995750024887966
18.068966 -1.0344827 -12.995562822212017
18.068966 -1.2068965 -12.995349615948736
18.068966 -1.3793104 -12.995082121098195
18.068966 -1.5517242 -12.994720281742833
18.068966 -1.7241379 -12.994206075395265
18.068966 -1.8965517 -12.993454455352444
18.068966 -2.0689654 -12.992340146787704
18.068966 -2.2413793 -12.99067852354906
18.068966 -2.4137931 -12.98819829025178
18.068966 -2.5862069 -12.984503212420623
18.068966 -2.7586207 -12.979020271531205
18.068966 -2.9310346 -12.970933041172039
18.068966 -3.1034484 -12.959103616283162
18.068966 -3.275862 -12.941996165977052
18.068966 -3.4482758 -12.917632233261116
18.068966 -3.6206896 -12.883629859874716
18.068966 -3.7931035 -12.837390026736326
18.068966 -3.9655173 -12.776467949521438
18.068966 -4.1379309 -12.699075792063066
18.068966 -4.3103447 -12.604541105059345
18.068966 -4.4827585 -12.493499214787805
18.068966 -4.6551723 -12.367711240464773
18.068966 -4.8275862 -12.22961009306318
18.068966 -5.0 -12.081796295343498

18.413794 0.0 -12.999011500262231
18.413794 -0.1724138 -12.998358320700872
18.413794 -0.34482759 -12.997823972162575
18.413794 -0.51724136 -12.997384903083057
18.413794 -0.68965518 -12.99701988988004
18.413794 -0.86206895 -12.996708581069656
18.413794 -1.0344827 -12.996429747653135
18.413794 -1.2068965 -12.996159023830401
18.413794 -1.3793104 -12.995865825475924
18.413794 -1.5517242 -12.995508998308217
18.413794 -1.7241379 -12.995030547048083
18.413794 -1.8965517 -12.994346518685731
18.413794 -2.0689654 -12.993333732056618
18.413794 -2.2413793 -12.991810543374658
18.413794 -2.4137931 -12.98950930601932
18.413794 -2.5862069 -12.986037664272116
18.413794 -2.7586207 -12.980825893155972
18.413794 -2.9310346 -12.973058860173987
18.413794 -3.1034484 -12.96159570271871
18.413794 -3.275862 -12.94489020884991
18.413794 -3.4482758 -12.920942465628684
18.413794 -3.6206896 -12.887335374906764
18.413794 -3.7931035 -12.84142240860605
18.413794 -3.9655173 -12.78070718563368
18.413794 -4.1379309 -12.703361333307036
18.413794 -4.3103447 -12.60869860561672
18.413794 -4.4827585 -12.497373590446635
18.413794 -4.6551723 -12.371191957352764
18.413794 -4.8275862 -12.232640049913167
18.413794 -5.0 -12.084365721165982

18.758621 0.0 -13.003651860064307
18.758621 -0.1724138 -13.00223577065741
18.758621 -0.34482759 -13.001088223156783
18.758621 -0.51724136 -13.000162614843392
18.758621 -0.68965518 -12.999419280422753
18.758621 -0.86206895 -12.998823428562067
18.758621 -1.0344827 -12.99834289725321
18.758621 -1.2068965 -12.997945504996563
18.758621 -1.3793104 -12.99759567231524
18.758621 -1.5517242 -12.997249851096523
18.758621 -1.7241379 -12.99685009301006
18.758621 -1.8965517 -12.996314799848165
18.758621 -2.0689654 -12.995525295528303
18.758621 -2.2413793 -12.994306325113673
18.758621 -2.4137931 -12.992397989244317
18.758621 -2.5862069 -12.989416020507976
18.758621 -2.7586207 -12.984797242608993
18.758621 -2.9310346 -12.97772829334441
18.758621 -3.1034484 -12.967060178020121
18.758621 -3.275862 -12.9512214844321
18.758621 -3.4482758 -12.928161895476848
18.758621 -3.6206896 -12.895383189922219
18.758621 -3.7931035 -12.850130816905551
18.758621 -3.9655173 -12.789793539129173
18.758621 -4.1379309 -12.712456820819343
18.758621 -4.3103447 -12.617412373603585
18.758621 -4.4827585 -12.505368970561388
18.758621 -4.6551723 -12.37824172113433
18.758621 -4.8275862 -12.238642149362938
18.758621 -5.0 -12.0893249884141

19.103449 0.0 -13.013786574085442
19.103449 -0.1724138 -13.010722028935406
19.103449 -0.34482759 -13.00824444716924
19.103449 -0.51724136 -13.006260305926839
19.103449 -0.68965518 -13.004691899646618
19.103449 -0.86206895 -13.003474340408383
19.103449 -1.0344827 -13.002552495396088
19.103449 -1.2068965 -13.00187766062746
19.103449 -1.3793104 -13.001403642788771
19.103449 -1.5517242 -13.001081771509185
19.103449 -1.7241379 -13.000854138638427
19.103449 -1.8965517 -13.000644044091949
19.103449 -2.0689654 -13.00034217013546
19.103449 -2.2413793 -12.9997863952126
19.103449 -2.4137931 -12.998732409706486
19.103449 -2.5862069 -12.996811502022156
19.103449 -2.7586207 -12.99347150616607
19.103449 -2.9310346 -12.987897873152283
19.103449 -3.1034484 -12.978916286391602
19.103449 -3.275862 -12.964889473915234
19.103449 -3.4482758 -12.943642757594226
19.103449 -3.6206896 -12.912484631742467
19.103449 -3.7931035 -12.86841191278713
19.103449 -3.9655173 -12.808562703390827
19.103449 -4.1379309 -12.730857366827241
19.103449 -4.3103447 -12.63458716098967
19.103449 -4.4827585 -12.52063872387146
19.103449 -4.6551723 -12.391216273953486
19.103449 -4.8275862 -12.24922990546695
19.103449 -5.0 -12.097666225941232

19.448277 0.0 -13.035587877769837
19.448277 -0.1724138 -13.029059975085483
19.448277 -0.34482759 -13.023764771885734
19.448277 -0.51724136 -13.019523209603532
19.448277 -0.68965518 -13.016185985828344
19.448277 -0.86206895 -13.013630153648004
19.448277 -1.0344827 -13.011755424224688
19.448277 -1.2068965 -13.01048014286734
19.448277 -1.3793104 -13.009736696327769
19.448277 -1.5517242 -13.009465903080798
19.448277 -1.7241379 -13.009609644061952
19.448277 -1.8965517 -13.010100588061684
19.448277 -2.0689654 -13.010847265590666
19.448277 -2.2413793 -13.011711941804853
19.448277 -2.4137931 -13.012477630816896
19.448277 -2.5862069 -13.012799350444677
19.448277 -2.7586207 -13.012133647522079
19.448277 -2.9310346 -13.009640869977716
19.448277 -3.1034484 -13.004059360674457
19.448277 -3.275862 -12.993564985641704
19.448277 -3.4482758 -12.975660015202795
19.448277 -3.6206896 -12.947183605534454
19.448277 -3.7931035 -12.904576067948279
19.448277 -3.9655173 -12.844491373082397
19.448277 -4.1379309 -12.76465827385486
19.448277 -4.3103447 -12.66461294227161
19.448277 -4.4827585 -12.545859425110539
19.448277 -4.6551723 -12.41134669137145
19.448277 -4.8275862 -12.264602356787828
19.448277 -5.0 -12.10897801732133

19.793104 0.0 -13.081008798671418
19.793104 -0.1724138 -13.067625879833265
19.793104 -0.34482759 -13.056656066181882
19.793104 -0.51724136 -13.047803526055288
19.793104 -0.68965518 -13.040812463465558
19.793104 -0.86206895 -13.035467826619291
19.793104 -1.0344827 -13.031594143971347
19.793104 -1.2068965 -13.029052860214366
19.793104 -1.3793104 -13.027738236564517
19.793104 -1.5517242 -13.027571554625462
19.793104 -1.7241379 -13.028492883766857
19.793104 -1.8965517 -13.030449025800195
19.793104 -2.0689654 -13.033375277126
19.793104 -2.2413793 -13.037167360361448
19.793104 -2.4137931 -13.041637937358598
19.793104 -2.5862069 -13.046449892871562
19.793104 -2.7586207 -13.051016192944207
19.793104 -2.9310346 -13.054356124834394
19.793104 -3.1034484 -13.054904973355086
19.793104 -3.275862 -13.050299693148558
19.793104 -3.4482758 -13.037221007084069
19.793104 -3.6206896 -13.011462726337237
19.793104 -3.7931035 -12.96845631046412
19.793104 -3.9655173 -12.904340380867092
19.793104 -4.1379309 -12.817226676878793
19.793104 -4.3103447 -12.707903816951996
19.793104 -4.4827585 -12.579461488889384
19.793104 -4.6551723 -12.43613052570114
19.793104 -4.8275862 -12.282111603517324
19.793104 -5.0 -12.120891775371698

20.137932 0.0 -13.169931727172397
20.137932 -0.1724138 -13.144453857243796
20.137932 -0.34482759 -13.12315314306602
20.137932 -0.51724136 -13.105677348282036
20.137932 -0.68965518 -13.091699292790286
20.137932 -0.86206895 -13.080926100664099
20.137932 -1.0344827 -13.073107430113804
20.137932 -1.2068965 -13.06804082929208
20.137932 -1.3793104 -13.065573218578399
20.137932 -1.5517242 -13.065597792178915
20.137932 -1.7241379 -13.068045234060554
20.137932 -1.8965517 -13.072867204340985
20.137932 -2.0689654 -13.08000840338709
20.137932 -2.2413793 -13.089361337649017
20.137932 -2.4137931 -13.100694548785182
20.137932 -2.5862069 -13.113541545341745
20.137932 -2.7586207 -13.127034301454069
20.137932 -2.9310346 -13.139668007519427
20.137932 -3.1034484 -13.149003854243022
20.137932 -3.275862 -13.151377899636117
20.137932 -3.4482758 -13.141807905740222
20.137932 -3.6206896 -13.114435930897443
20.137932 -3.7931035 -13.063794711596199
20.137932 -3.9655173 -12.986636522393006
20.137932 -4.1379309 -12.883255858782851
20.137932 -4.3103447 -12.757268001067445
20.137932 -4.4827585 -12.614041881324477
20.137932 -4.6551723 -12.45896153653359
20.137932 -4.8275862 -12.296387059500434
20.137932 -5.0 -12.12938370576087

20.482758 0.0 -13.328536523077243
20.482758 -0.1724138 -13.284522182811502
20.482758 -0.34482759 -13.246975307419772
20.482758 -0.51724136 -13.215523834134407
20.482758 -0.68965518 -13.189873514260201
20.482758 -0.86206895 -13.169778358138744
20.482758 -1.0344827 -13.155025566280141
20.482758 -1.2068965 -13.145432236347057
20.482758 -1.3793104 -13.140846365470372
20.482758 -1.5517242 -13.141144769831381
20.482758 -1.7241379 -13.146221778802255
20.482758 -1.8965517 -13.1559633163825
20.482758 -2.0689654 -13.170200326314609
20.482758 -2.2413793 -13.188633671713662
20.482758 -2.4137931 -13.210718015724494
20.482758 -2.5862069 -13.23548558845687
20.482758 -2.7586207 -13.261280918557121
20.482758 -2.9310346 -13.285377682518376
20.482758 -3.1034484 -13.303495983519985
20.482758 -3.275862 -13.309420349637076
20.482758 -3.4482758 -13.295289208763007
20.482758 -3.6206896 -13.253355164171694
20.482758 -3.7931035 -13.179125385054313
20.482758 -3.9655173 -13.073739708025913
20.482758 -4.1379309 -12.943209533644655
20.482758 -4.3103447 -12.795253645572213
20.482758 -4.4827585 -12.636533190649185
20.482758 -4.6551723 -12.471640869724988
20.482758 -4.8275862 -12.30333690292355
20.482758 -5.0 -12.13316136646003

20.827587 0.0 -13.591477523053962
20.827587 -0.1724138 -13.519812235980147
20.827587 -0.34482759 -13.45783961029426
20.827587 -0.51724136 -13.405389806656501
20.827587 -0.68965518 -13.362163802129619
20.827587 -0.86206895 -13.327912720723225
20.827587 -1.0344827 -13.302483212534975
20.827587 -1.2068965 -13.285787439835094
20.827587 -1.3793104 -13.277749144073079
20.827587 -1.5517242 -13.278252929460956
20.827587 -1.7241379 -13.287102797807842
20.827587 -1.8965517 -13.303983818360525
20.827587 -2.0689654 -13.32841144078653
20.827587 -2.2413793 -13.359637049160979
20.827587 -2.4137931 -13.396445490325016
20.827587 -2.5862069 -13.436738666214996
20.827587 -2.7586207 -13.476793319558794
20.827587 -2.9310346 -13.510257377275009
20.827587 -3.1034484 -13.527539985682223
20.827587 -3.275862 -13.517148646784436
20.827587 -3.4482758 -13.47010945576279
20.827587 -3.6206896 -13.384918440100169
20.827587 -3.7931035 -13.267843913265889
20.827587 -3.9655173 -13.128373343483688
20.827587 -4.1379309 -12.974852000440096
20.827587 -4.3103447 -12.813017698666027
20.827587 -4.4827585 -12.646400719744257
20.827587 -4.6551723 -12.477093554301135
20.827587 -4.8275862 -12.306316307229197
20.827587 -5.0 -12.134759944903937

21.172413 0.0 -13.969714903753555
21.172413 -0.1724138 -13.877508909130773
21.172413 -0.34482759 -13.790640191646315
21.172413 -0.51724136 -13.712199472077334
21.172413 -0.68965518 -13.644689276173247
21.172413 -0.86206895 -13.589737478695287
21.172413 -1.0344827 -13.548249092618029
21.172413 -1.2068965 -13.520665951194426
21.172413 -1.3793104 -13.507138122974618
21.172413 -1.5517242 -13.507572043485467
21.172413 -1.7241379 -13.521593550450737
21.172413 -1.8965517 -13.548441967655974
21.172413 -2.0689654 -13.586736701963838
21.172413 -2.2413793 -13.633994820400707
21.172413 -2.4137931 -13.685807336849638
21.172413 -2.5862069 -13.73483275965856
21.172413 -2.7586207 -13.770359829811207
21.172413 -2.9310346 -13.77985736711461
21.172413 -3.1034484 -13.753216311663072
21.172413 -3.275862 -13.687214062467682
21.172413 -3.4482758 -13.58606731545254
21.172413 -3.6206896 -13.458007215772106
21.172413 -3.7931035 -13.311557227563066
21.172413 -3.9655173 -13.153611498162805
21.172413 -4.1379309 -12.988990598506295
21.172413 -4.3103447 -12.82070987477344
21.172413 -4.4827585 -12.650489889125765
21.172413 -4.6551723 -12.479248165303016
21.172413 -4.8275862 -12.307459957295851
21.172413 -5.0 -12.135375481353147

21.517242 0.0 -14.37411180939725
21.517242 -0.1724138 -14.27852024736871
21.517242 -0.34482759 -14.189378503064503
21.517242 -0.51724136 -14.106695438571542
21.517242 -0.68965518 -14.031368951317118
21.517242 -0.86206895 -13.965703077259578
21.517242 -1.0344827 -13.912837505684381
21.517242 -1.2068965 -13.87574126186599
21.517242 -1.3793104 -13.856423995107209
21.517242 -1.5517242 -13.855509041057395
21.517242 -1.7241379 -13.871984860869764
21.517242 -1.8965517 -13.902953462402662
21.517242 -2.0689654 -13.943360637606904
21.517242 -2.2413793 -13.98588488618811
21.517242 -2.4137931 -14.021231814473724
21.517242 -2.5862069 -14.038943198778355
21.517242 -2.7586207 -14.02880259801679
21.517242 -2.9310346 -13.983241855373327
21.517242 -3.1034484 -13.900394415092167
21.517242 -3.275862 -13.785155249497791
21.517242 -3.4482758 -13.646393595843746
21.517242 -3.6206896 -13.49281397516626
21.517242 -3.7931035 -13.330713018116622
21.517242 -3.9655173 -13.16390641586729
21.517242 -4.1379309 -12.994515399876207
21.517242 -4.3103447 -12.82370114910262
21.517242 -4.4827585 -12.652112896936409
21.517242 -4.6551723 -12.48011627736302
21.517242 -4.8275862 -12.307911825752093
21.517242 -5.0 -12.135604373664696

21.862068 0.0 -14.806885911185928
21.862068 -0.1724138 -14.707733549841027
21.862068 -0.34482759 -14.611120923403071
21.862068 -0.51724136 -14.519559245586562
21.862068 -0.68965518 -14.43662664440572
21.862068 -0.86206895 -14.365599526370875
21.862068 -1.0344827 -14.308986826358407
21.862068 -1.2068965 -14.268645823890802
21.862068 -1.3793104 -14.245711196528571
21.862068 -1.5517242 -14.240078477577681
21.862068 -1.7241379 -14.24975880998025
21.862068 -1.8965517 -14.270417868137015
21.862068 -2.0689654 -14.29501727432576
21.862068 -2.2413793 -14.313434928364062
21.862068 -2.4137931 -14.312908483930215
21.862068 -2.5862069 -14.281188344343876
21.862068 -2.7586207 -14.212074806041013
21.862068 -2.9310346 -14.10824486852485
21.862068 -3.1034484 -13.97804909816445
21.862068 -3.275862 -13.830338265131463
21.862068 -3.4482758 -13.671833500737316
21.862068 -3.6206896 -13.506968414893958
21.862068 -3.7931035 -13.338507986810235
21.862068 -3.9655173 -13.168109420438755
21.862068 -4.1379309 -12.996712894115724
21.862068 -4.3103447 -12.82481714758984
21.862068 -4.4827585 -12.65267207948413
21.862068 -4.6551723 -12.480399088018014
21.862068 -4.8275862 -12.30805836245408
21.862068 -5.0 -12.135681749875895

22.206898 0.0 -15.259090179324371
22.206898 -0.1724138 -15.145501057389753
22.206898 -0.34482759 -15.040926269539414
22.206898 -0.51724136 -14.946636144002115
22.206898 -0.68965518 -14.862646062733091
22.206898 -0.86206895 -14.789320975408419
22.206898 -1.0344827 -14.728207665841454
22.206898 -1.2068965 -14.681486072479332
22.206898 -1.3793104 -14.65054791179106
22.206898 -1.5517242 -14.63451666566984
22.206898 -1.7241379 -14.629139129217998
22.206898 -1.8965517 -14.626304019701491
22.206898 -2.0689654 -14.614756329798409
22.206898 -2.2413793 -14.582677793256497
22.206898 -2.4137931 -14.521593353955522
22.206898 -2.5862069 -14.429193210026202
22.206898 -2.7586207 -14.30905465588501
22.206898 -2.9310346 -14.167969159330049
22.206898 -3.1034484 -14.013032457878037
22.206898 -3.275862 -13.84988682845123
22.206898 -3.4482758 -13.68226713916904
22.206898 -3.6206896 -13.512332311323629
22.206898 -3.7931035 -13.341215742491679
22.206898 -3.9655173 -13.169485112260944
22.206898 -4.1379309 -12.997427564613368
22.206898 -4.3103447 -12.82519504276462
22.206898 -4.4827585 -12.652871363227908
22.206898 -4.6551723 -12.480501860831657
22.206898 -4.8275862 -12.308109882458472
22.206898 -5.0 -12.135707118984001

22.551723 0.0 -15.730567464154205
22.551723 -0.1724138 -15.621457371275662
22.551723 -0.34482759 -15.513657905776201
22.551723 -0.51724136 -15.407885829059095
22.551723 -0.68965518 -15.30778461146735
22.551723 -0.86206895 -15.217848155025534
22.551723 -1.0344827 -15.141422691329174
22.551723 -1.2068965 -15.079766235947274
22.551723 -1.3793104 -15.031702224647152
22.551723 -1.5517242 -14.993187685332058
22.551723 -1.7241379 -14.956873607294131
22.551723 -1.8965517 -14.91253498668102
22.551723 -2.0689654 -14.849394653574663
22.551723 -2.2413793 -14.760157313820466
22.551723 -2.4137931 -14.644096431347853
22.551723 -2.5862069 -14.506232139346993
22.551723 -2.7586207 -14.35359054274942
22.551723 -2.9310346 -14.192097258402596
22.551723 -3.1034484 -14.025632693994313
22.551723 -3.275862 -13.85642588836611
22.551723 -3.4482758 -13.685706601872912
22.551723 -3.6206896 -13.514163187689366
22.551723 -3.7931035 -13.342184662797667
22.551723 -3.9655173 -13.169985815265012
22.551723 -4.1379309 -12.997678915739138
22.551723 -4.3103447 -12.825318939690245
22.551723 -4.4827585 -12.652932557032294
22.551723 -4.6551723 -12.480532613410883
22.551723 -4.8275862 -12.308125567696994
22.551723 -5.0 -12.13571509159103

22.896551 0.0 -16.198466746522193
22.896551 -0.1724138 -16.06878733877703
22.896551 -0.34482759 -15.945399858130958
22.896551 -0.51724136 -15.8309104900901
22.896551 -0.68965518 -15.725672072964466
22.896551 -0.86206895 -15.628763776282547
22.896551 -1.0344827 -15.539170244687
22.896551 -1.2068965 -15.455787256685607
22.896551 -1.3793104 -15.376173316662706
22.896551 -1.5517242 -15.295387236179256
22.896551 -1.7241379 -15.20647779521382
22.896551 -1.8965517 -15.103003283795525
22.896551 -2.0689654 -14.981910955589262
22.896551 -2.2413793 -14.844302551457345
22.896551 -2.4137931 -14.69377529122115
22.896551 -2.5862069 -14.534312122038099
22.896551 -2.7586207 -14.369165510792804
22.896551 -2.9310346 -14.200639301858919
22.896551 -3.1034484 -14.030227569000772
22.896551 -3.275862 -13.858823544076033
22.896551 -3.4482758 -13.686918318904594
22.896551 -3.6206896 -13.514763490473426
22.896551 -3.7931035 -13.342482251654214
22.896551 -3.9655173 -13.170135727098161
22.896551 -4.1379309 -12.997755483764642
22.896551 -4.3103447 -12.825357888109956
22.896551 -4.4827585 -12.652951935759223
22.896551 -4.6551723 -12.480542009277643
22.896551 -4.8275862 -12.308130075446183
22.896551 -5.0 -12.135717288450588

23.241379 0.0 -16.61449030921317
23.241379 -0.1724138 -16.479253678326533
23.241379 -0.34482759 -16.346385831942445
23.241379 -0.51724136 -16.214504022174687
23.241379 -0.68965518 -16.084039106042756
23.241379 -0.86206895 -15.956515879839273
23.241379 -1.0344827 -15.83280906302445
23.241379 -1.2068965 -15.711913177656056
23.241379 -1.3793104 -15.590864160441031
23.241379 -1.5517242 -15.465648483526804
23.241379 -1.7241379 -15.332657640698773
23.241379 -1.8965517 -15.190001360027376
23.241379 -2.0689654 -15.037931855728663
23.241379 -2.2413793 -14.878239529767258
23.241379 -2.4137931 -14.713223421436918
23.241379 -2.5862069 -14.54489909456525
23.241379 -2.7586207 -14.37468457685597
23.241379 -2.9310346 -14.20343942323684
23.241379 -3.1034484 -14.031640182456767
23.241379 -3.275862 -13.85954336932935
23.241379 -3.4482758 -13.687288422839714
23.241379 -3.6206896 -13.514952453645718
23.241379 -3.7931035 -13.342576491817573
23.241379 -3.9655173 -13.170181502988738
23.241379 -4.1379309 -12.997777478255305
23.241379 -4.3103447 -12.825368619504872
23.241379 -4.4827585 -12.652957345948378
23.241379 -4.6551723 -12.480544806300562
23.241379 -4.8275862 -12.308131520370486
23.241379 -5.0 -12.135718017260805

23.586206 0.0 -16.915545895023474
23.586206 -0.1724138 -16.761795239875198
23.586206 -0.34482759 -16.606914454008088
23.586206 -0.51724136 -16.45297085726372
23.586206 -0.68965518 -16.301046693268653
23.586206 -0.86206895 -16.150922256585066
23.586206 -1.0344827 -16.00156390527353
23.586206 -1.2068965 -15.851662609981215
23.586206 -1.3793104 -15.699873912915024
23.586206 -1.5517242 -15.544994090489556
23.586206 -1.7241379 -15.386274117181433
23.586206 -1.8965517 -15.223664941803655
23.586206 -2.0689654 -15.057733249592658
23.586206 -2.2413793 -14.889323407066382
23.586206 -2.4137931 -14.719244206651776
23.586206 -2.5862069 -14.548122749343316
23.586206 -2.7586207 -14.37639175620541
23.586206 -2.9310346 -14.204326160950124
23.586206 -3.1034484 -14.03208744037619
23.586206 -3.275862 -13.859762544207824
23.586206 -3.4482758 -13.68739450551136
23.586206 -3.6206896 -13.515004502596573
23.586206 -3.7931035 -13.342602826453895
23.586206 -3.9655173 -13.170195144165184
23.586206 -4.1379309 -12.99778453224679
23.586206 -4.3103447 -12.825372179702045
23.586206 -4.4827585 -12.652959089905494
23.586206 -4.6551723 -12.480545646558193
23.586206 -4.8275862 -12.308131928141451
23.586206 -5.0 -12.135718220005295

23.931034 0.0 -17.053985356109305
23.931034 -0.1724138 -16.889989345810037
23.931034 -0.34482759 -16.7266157395854
23.931034 -0.51724136 -16.563233248002575
23.931034 -0.68965518 -16.399383696370553
23.931034 -0.86206895 -16.23500592279536
23.931034 -1.0344827 -16.07022303229251
23.931034 -1.2068965 -15.905020012945865
23.931034 -1.3793104 -15.73914036022785
23.931034 -1.5517242 -15.572232520932475
23.931034 -1.7241379 -15.404064284070913
23.931034 -1.8965517 -15.234635753824476
23.931034 -2.0689654 -15.064148158518032
23.931034 -2.2413793 -14.892890971519677
23.931034 -2.4137931 -14.721137415353551
23.931034 -2.5862069 -14.54908987382047
23.931034 -2.7586207 -14.376876307649304
23.931034 -2.9310346 -14.20457022005276
23.931034 -3.1034484 -14.032213022563914
23.931034 -3.275862 -13.85982819374551
23.931034 -3.4482758 -13.687428616692074
23.931034 -3.6206896 -13.515021770857507
23.931034 -3.7931035 -13.342611305766935
23.931034 -3.9655173 -13.17019923805018
23.931034 -4.1379309 -12.997786522206596
23.931034 -4.3103447 -12.825373170184225
23.931034 -4.4827585 -12.652959592717213
23.931034 -4.6551723 -12.480545901552075
23.931034 -4.8275862 -12.308132054938046
23.931034 -5.0 -12.135718281725762

24.275862 0.0 -17.110743802400997
24.275862 -0.1724138 -16.94110574391741
24.275862 -0.34482759 -16.771135686815196
24.275862 -0.51724136 -16.601043289001872
24.275862 -0.68965518 -16.43102290144667
24.275862 -0.86206895 -16.261125599871885
24.275862 -1.0344827 -16.091257784442647
24.275862 -1.2068965 -15.921258990308212
24.275862 -1.3793104 -15.750977031754026
24.275862 -1.5517242 -15.58030906277529
24.275862 -1.7241379 -15.409218368528393
24.275862 -1.8965517 -15.23773322379433
24.275862 -2.0689654 -15.065926267161924
24.275862 -2.2413793 -14.8938836339761
24.275862 -2.4137931 -14.721683714210418
24.275862 -2.5862069 -14.549386631769174
24.275862 -2.7586207 -14.37703386801723
24.275862 -2.9310346 -14.204651141173574
24.275862 -3.1034484 -14.032253227215003
24.275862 -3.275862 -13.859847800740024
24.275862 -3.4482758 -13.687438222374498
24.275862 -3.6206896 -13.515026577067395
24.275862 -3.7931035 -13.342613752897524
24.275862 -3.9655173 -13.170200481114051
24.275862 -4.1379309 -12.997787140978676
24.275862 -4.3103447 -12.825373471634457
24.275862 -4.4827585 -12.65295973903681
24.275862 -4.6551723 -12.480545974145658
24.275862 -4.8275862 -12.308132092206103
24.275862 -5.0 -12.135718301268946

24.620689 0.0 -17.127995266619592
24.620689 -0.1724138 -16.956380406872515
24.620689 -0.34482759 -16.78478728842196
24.620689 -0.51724136 -16.613220712233865
24.620689 -0.68965518 -16.44164615333469
24.620689 -0.86206895 -16.270033044273344
24.620689 -1.0344827 -16.098368616252685
24.620689 -1.2068965 -15.926643650562962
24.620689 -1.3793104 -15.754838851085223
24.620689 -1.5517242 -15.582929648942887
24.620689 -1.7241379 -15.410900838961915
24.620689 -1.8965517 -15.23875608076123
24.620689 -2.0689654 -15.066515867058838
24.620689 -2.2413793 -14.894206753663306
24.620689 -2.4137931 -14.721853379246353
24.620689 -2.5862069 -14.549473348113406
24.620689 -2.7586207 -14.377077922034704
24.620689 -2.9310346 -14.204673723289542
24.620689 -3.1034484 -14.032264886722743
24.620689 -3.275862 -13.859853769907224
24.620689 -3.4482758 -13.68744120897375
24.620689 -3.6206896 -13.515028038013117
24.620689 -3.7931035 -13.342614464422535
24.620689 -3.9655173 -13.17020083501073
24.620689 -4.1379309 -12.99778732294305
24.620689 -4.3103447 -12.825373567132505
24.620689 -4.4827585 -12.65295978886322
24.620689 -4.6551723 -12.480545999489994
24.620689 -4.8275862 -12.308132104752328
24.620689 -5.0 -12.135718307406387

24.965517 0.0 -17.133244417019377
24.965517 -0.1724138 -16.961169498090324
24.965517 -0.34482759 -16.789058658378703
24.965517 -0.51724136 -16.61690883903199
24.965517 -0.68965518 -16.444733231187943
24.965517 -0.86206895 -16.272546866406735
24.965517 -1.0344827 -16.10035488102812
24.965517 -1.2068965 -15.928151350358341
24.965517 -1.3793104 -15.755925088654475
24.965517 -1.5517242 -15.583666456498504
24.965517 -1.7241379 -15.411370969587825
24.965517 -1.8965517 -15.23904013799723
24.965517 -2.0689654 -15.066680306300576
24.965517 -2.2413793 -14.894298986201035
24.965517 -2.4137931 -14.721903731558662
24.965517 -2.5862069 -14.549500026640615
24.965517 -2.7586207 -14.377091596491946
24.965517 -2.9310346 -14.204680545126584
24.965517 -3.1034484 -14.032268263679194
24.965517 -3.275862 -13.85985546986729
24.965517 -3.4482758 -13.687442089543385
24.965517 -3.6206896 -13.51502850194594
24.965517 -3.7931035 -13.3426147069737
24.965517 -3.9655173 -13.170200958550785
24.965517 -4.1379309 -12.997787384166951
24.965517 -4.3103447 -12.825373597110461
24.965517 -4.4827585 -12.652959803683375
24.965517 -4.6551723 -12.480546006971558
24.965517 -4.8275862 -12.308132108573211
24.965517 -5.0 -12.135718309336877

25.310345 0.0 -17.134968805551527
25.310345 -0.1724138 -16.962631176902978
25.310345 -0.34482759 -16.790293778690234
25.310345 -0.51724136 -16.617960681241485
25.310345 -0.68965518 -16.445630490916514
25.310345 -0.86206895 -16.273298983001396
25.310345 -1.0344827 -16.100961981335583
25.310345 -1.2068965 -15.928616693251374
25.310345 -1.3793104 -15.756261273752012
25.310345 -1.5517242 -15.583894643518695
25.310345 -1.7241379 -15.411516436900024
25.310345 -1.8965517 -15.239127438052533
25.310345 -2.0689654 -15.066729926179391
25.310345 -2.2413793 -14.894326018322642
25.310345 -2.4137931 -14.721918116609379
25.310345 -2.5862069 -14.549507661615518
25.310345 -2.7586207 -14.37709568302323
25.310345 -2.9310346 -14.204682736354343
25.310345 -3.1034484 -14.03226942033078
25.310345 -3.275862 -13.859856062837293
25.310345 -3.4482758 -13.687442384996533
25.310345 -3.6206896 -13.51502864727484
25.310345 -3.7931035 -13.342614779068674
25.310345 -3.9655173 -13.170200995026978
25.310345 -4.1379309 -12.997787402818716
25.310345 -4.3103447 -12.825373606540747
25.310345 -4.4827585 -12.652959808317037
25.310345 -4.6551723 -12.480546009184243
25.310345 -4.8275862 -12.308132109620336
25.310345 -5.0 -12.13571830984232

25.655172 0.0 -17.13549307350504
25.655172 -0.1724138 -16.96310357638372
25.655172 -0.34482759 -16.79071501219102
25.655172 -0.51724136 -16.618325591704977
25.655172 -0.68965518 -16.445934707508147
25.655172 -0.86206895 -16.27354287112962
25.655172 -1.0344827 -16.101150370533315
25.655172 -1.2068965 -15.92875672949722
25.655172 -1.3793104 -15.756360924119663
25.655172 -1.5517242 -15.583962180883297
25.655172 -1.7241379 -15.411560000215175
25.655172 -1.8965517 -15.239154296921859
25.655172 -2.0689654 -15.06674584713337
25.655172 -2.2413793 -14.894335115007728
25.655172 -2.4137931 -14.721923118465176
25.655172 -2.5862069 -14.549510305605754
25.655172 -2.7586207 -14.377097035043008
25.655172 -2.9310346 -14.204683416069457
25.655172 -3.1034484 -14.032269763121
25.655172 -3.275862 -13.859856238115302
25.655172 -3.4482758 -13.68744247515769
25.655172 -3.6206896 -13.515028693013308
25.655172 -3.7931035 -13.342614801594221
25.655172 -3.9655173 -13.170201005803873
25.655172 -4.1379309 -12.99778740792701
25.655172 -4.3103447 -12.825373609009537
25.655172 -4.4827585 -12.652959809553208
25.655172 -4.6551723 -12.480546009817823
25.655172 -4.8275862 -12.308132109942893
25.655172 -5.0 -12.13571831000141

26.0 0.0 -17.13565749516847
26.0 -0.1724138 -16.963249669490025
26.0 -0.34482759 -16.7908411470692
26.0 -0.51724136 -16.6184327128369
26.0 -0.68965518 -16.446024757499956
26.0 -0.86206895 -16.273617340515568
26.0 -1.0344827 -16.101210061830518
26.0 -1.2068965 -15.928802406335173
26.0 -1.3793104 -15.756393945980493
26.0 -1.5517242 -15.583984620748206
26.0 -1.7241379 -15.411574324374165
26.0 -1.8965517 -15.239162916826725
26.0 -2.0689654 -15.066750779780413
26.0 -2.2413793 -14.894337836947393
26.0 -2.4137931 -14.721924590141715
26.0 -2.5862069 -14.549511093006341
26.0 -2.7586207 -14.377097450918292
26.0 -2.9310346 -14.20468363037115
26.0 -3.1034484 -14.032269869833982
26.0 -3.275862 -13.859856289643307
26.0 -3.4482758 -13.68744249977506
26.0 -3.6206896 -13.515028704982106
26.0 -3.7931035 -13.342614807609802
26.0 -3.9655173 -13.170201008893146
26.0 -4.1379309 -12.997787409501344
26.0 -4.3103447 -12.825373609786526
26.0 -4.4827585 -12.65295980992249
26.0 -4.6551723 -12.480546009989451
26.0 -4.8275862 -12.308132110023212
26.0 -5.0 -12.135718310040218
