# KROME file, XRAY H rate
# Distance = 5 kpc
# Xray rate including primary H ionization in 1/s
# first line indicates the size of the table (30x30)
# then first column is the parameter log10(nH), where nH is the H column density in cm-2
# second column is log10(xHe), where xHe = nHe/nH both in cm-2
# third column is log10(rate), where rate is in units of 1/s
30, 30
16.0 0.0 -17.204468115117102
16.0 -0.1724138 -17.354446700026575
16.0 -0.34482759 -17.495498797246658
16.0 -0.51724136 -17.625093113157863
16.0 -0.68965518 -17.740735932006196
16.0 -0.86206895 -17.840438522575436
16.0 -1.0344827 -17.923198483687884
16.0 -1.2068965 -17.98927760399933
16.0 -1.3793104 -18.04012699024116
16.0 -1.5517242 -18.07800122476054
16.0 -1.7241379 -18.105458728297467
16.0 -1.8965517 -18.12494622335713
16.0 -2.0689654 -18.13855786088751
16.0 -2.2413793 -18.147955336483623
16.0 -2.4137931 -18.154389885333416
16.0 -2.5862069 -18.158770295882555
16.0 -2.7586207 -18.161740449772626
16.0 -2.9310346 -18.163748886460038
16.0 -3.1034484 -18.16510448722605
16.0 -3.275862 -18.166018311063482
16.0 -3.4482758 -18.166633817119163
16.0 -3.6206896 -18.16704816658092
16.0 -3.7931035 -18.167327009909663
16.0 -3.9655173 -18.167514634233726
16.0 -4.1379309 -18.167640884115123
16.0 -4.3103447 -18.167725857802576
16.0 -4.4827585 -18.167783084159087
16.0 -4.6551723 -18.16782166882876
16.0 -4.8275862 -18.16784774082508
16.0 -5.0 -18.167865427198873

16.344828 0.0 -17.20446813994433
16.344828 -0.1724138 -17.3544467292364
16.344828 -0.34482759 -17.495498831157352
16.344828 -0.51724136 -17.62509315189536
16.344828 -0.68965518 -17.740735975472163
16.344828 -0.86206895 -17.840438570500112
16.344828 -1.0344827 -17.923198535788554
16.344828 -1.2068965 -17.989277660208305
16.344828 -1.3793104 -18.040127050923108
16.344828 -1.5517242 -18.078001290851855
16.344828 -1.7241379 -18.105458801357308
16.344828 -1.8965517 -18.124946305567605
16.344828 -2.0689654 -18.13855795505101
16.344828 -2.2413793 -18.14795544605052
16.344828 -2.4137931 -18.154390014474522
16.344828 -2.5862069 -18.158770449610284
16.344828 -2.7586207 -18.16174063411127
16.344828 -2.9310346 -18.163749108667044
16.344828 -3.1034484 -18.16510475606888
16.344828 -3.275862 -18.16601863716049
16.344828 -3.4482758 -18.166634213356268
16.344828 -3.6206896 -18.16704864861898
16.344828 -3.7931035 -18.167327596802668
16.344828 -3.9655173 -18.167515349181247
16.344828 -4.1379309 -18.167641755379087
16.344828 -4.3103447 -18.167726919824762
16.344828 -4.4827585 -18.167784378922015
16.344828 -4.6551723 -18.167823247515337
16.344828 -4.8275862 -18.167849665842013
16.344828 -5.0 -18.167867774642893

16.689655 0.0 -17.204468194867257
16.689655 -0.1724138 -17.354446793854553
16.689655 -0.34482759 -17.495498906174817
16.689655 -0.51724136 -17.62509323759073
16.689655 -0.68965518 -17.740736071627897
16.689655 -0.86206895 -17.84043867651945
16.689655 -1.0344827 -17.923198651046068
16.689655 -1.2068965 -17.989277784554265
16.689655 -1.3793104 -18.04012718516421
16.689655 -1.5517242 -18.078001437059605
16.689655 -1.7241379 -18.105458962980897
16.689655 -1.8965517 -18.12494648743429
16.689655 -2.0689654 -18.138558163360276
16.689655 -2.2413793 -18.147955688435296
16.689655 -2.4137931 -18.154390300161495
16.689655 -2.5862069 -18.158770789687942
16.689655 -2.7586207 -18.16174104190659
16.689655 -2.9310346 -18.163749600234958
16.689655 -3.1034484 -18.165105350804797
16.689655 -3.275862 -18.166019358554323
16.689655 -3.4482758 -18.16663508991421
16.689655 -3.6206896 -18.167049714985907
16.689655 -3.7931035 -18.16732889512967
16.689655 -3.9655173 -18.167516930790164
16.689655 -4.1379309 -18.167643682790466
16.689655 -4.3103447 -18.16772926922998
16.689655 -4.4827585 -18.167787243193594
16.689655 -4.6551723 -18.16782673987821
16.689655 -4.8275862 -18.167853924349373
16.689655 -5.0 -18.167872967631418

17.034483 0.0 -17.20446831636856
17.034483 -0.1724138 -17.35444693680387
17.034483 -0.34482759 -17.495499072129757
17.034483 -0.51724136 -17.62509342716759
17.034483 -0.68965518 -17.74073628434545
17.034483 -0.86206895 -17.840438911057518
17.034483 -1.0344827 -17.923198906021067
17.034483 -1.2068965 -17.989278059634938
17.034483 -1.3793104 -18.04012748213515
17.034483 -1.5517242 -18.07800176050343
17.034483 -1.7241379 -18.105459320527956
17.034483 -1.8965517 -18.12494688976353
17.034483 -2.0689654 -18.13855862418631
17.034483 -2.2413793 -18.147956224643814
17.034483 -2.4137931 -18.15439093216392
17.034483 -2.5862069 -18.158771542014374
17.034483 -2.7586207 -18.16174194403911
17.034483 -2.9310346 -18.16375068769044
17.034483 -3.1034484 -18.165106666489887
17.034483 -3.275862 -18.16602095443344
17.034483 -3.4482758 -18.166637029048697
17.034483 -3.6206896 -18.167052074016887
17.034483 -3.7931035 -18.16733176730314
17.034483 -3.9655173 -18.167520429639097
17.034483 -4.1379309 -18.16764794662075
17.034483 -4.3103447 -18.167734466588687
17.034483 -4.4827585 -18.16779357952767
17.034483 -4.6551723 -18.16783446565491
17.034483 -4.8275862 -18.167863344955965
17.034483 -5.0 -18.167884455440635

17.379311 0.0 -17.204468585153826
17.379311 -0.1724138 -17.354447253036927
17.379311 -0.34482759 -17.49549943925638
17.379311 -0.51724136 -17.625093846551213
17.379311 -0.68965518 -17.740736754921475
17.379311 -0.86206895 -17.84043942990544
17.379311 -1.0344827 -17.923199470080068
17.379311 -1.2068965 -17.989278668172165
17.379311 -1.3793104 -18.040128139098467
17.379311 -1.5517242 -18.078002476030488
17.379311 -1.7241379 -18.10546011149869
17.379311 -1.8965517 -18.12494777980199
17.379311 -2.0689654 -18.138559643632036
17.379311 -2.2413793 -18.147957410851408
17.379311 -2.4137931 -18.154392330287592
17.379311 -2.5862069 -18.158773206319573
17.379311 -2.7586207 -18.161743939745925
17.379311 -2.9310346 -18.163753093368882
17.379311 -3.1034484 -18.16510957705723
17.379311 -3.275862 -18.16602448484399
17.379311 -3.4482758 -18.166641318804427
17.379311 -3.6206896 -18.167057292659468
17.379311 -3.7931035 -18.16733812110536
17.379311 -3.9655173 -18.167528169749176
17.379311 -4.1379309 -18.167657378984387
17.379311 -4.3103447 -18.167745964043345
17.379311 -4.4827585 -18.16780759652899
17.379311 -4.6551723 -18.16785155623482
17.379311 -4.8275862 -18.167884184614
17.379311 -5.0 -18.167909867822004

17.724138 0.0 -17.20446917975254
17.724138 -0.1724138 -17.354447952600513
17.724138 -0.34482759 -17.49550025140775
17.724138 -0.51724136 -17.625094774306653
17.724138 -0.68965518 -17.740737795925945
17.724138 -0.86206895 -17.840440577698153
17.724138 -1.0344827 -17.923200717889745
17.724138 -1.2068965 -17.989280014377403
17.724138 -1.3793104 -18.04012959243248
17.724138 -1.5517242 -18.078004058919543
17.724138 -1.7241379 -18.105461861284276
17.724138 -1.8965517 -18.124949748744868
17.724138 -2.0689654 -18.13856189884883
17.724138 -2.2413793 -18.147960034977203
17.724138 -2.4137931 -18.15439542321132
17.724138 -2.5862069 -18.15877688808536
17.724138 -2.7586207 -18.161748354630745
17.724138 -2.9310346 -18.163758415180812
17.724138 -3.1034484 -18.16511601576537
17.724138 -3.275862 -18.1660322947398
17.724138 -3.4482758 -18.16665080847829
17.724138 -3.6206896 -18.167068837147564
17.724138 -3.7931035 -18.16735217668833
17.724138 -3.9655173 -18.167545291963073
17.724138 -4.1379309 -18.16767824456127
17.724138 -4.3103447 -18.167771397653038
17.724138 -4.4827585 -18.167838603337067
17.724138 -4.6551723 -18.167889361600118
17.724138 -4.8275862 -18.16793028247282
17.724138 -5.0 -18.167966079640163

18.068966 0.0 -17.204470495085847
18.068966 -0.1724138 -17.354449500141666
18.068966 -0.34482759 -17.495502048020896
18.068966 -0.51724136 -17.625096826664993
18.068966 -0.68965518 -17.740740098819924
18.068966 -0.86206895 -17.840443116834994
18.068966 -1.0344827 -17.92320347828937
18.068966 -1.2068965 -17.989282992451955
18.068966 -1.3793104 -18.040132807500413
18.068966 -1.5517242 -18.078007560591043
18.068966 -1.7241379 -18.105465732164866
18.068966 -1.8965517 -18.12495410444417
18.068966 -2.0689654 -18.138566887839914
18.068966 -2.2413793 -18.147965840061797
18.068966 -2.4137931 -18.15440226535805
18.068966 -2.5862069 -18.158785032846943
18.068966 -2.7586207 -18.161758121162734
18.068966 -2.9310346 -18.163770187959837
18.068966 -3.1034484 -18.165130259251928
18.068966 -3.275862 -18.166049571426807
18.068966 -3.4482758 -18.166671800952578
18.068966 -3.6206896 -18.167094374948014
18.068966 -3.7931035 -18.16738326902395
18.068966 -3.9655173 -18.167583167527624
18.068966 -4.1379309 -18.167724400026803
18.068966 -4.3103447 -18.167827656763144
18.068966 -4.4827585 -18.16790718883517
18.068966 -4.6551723 -18.167972982904598
18.068966 -4.8275862 -18.168032242498654
18.068966 -5.0 -18.168090404894382

18.413794 0.0 -17.204473404638822
18.413794 -0.1724138 -17.35445292339979
18.413794 -0.34482759 -17.495506022294155
18.413794 -0.51724136 -17.62510136671846
18.413794 -0.68965518 -17.740745193130373
18.413794 -0.86206895 -17.840448733783383
18.413794 -1.0344827 -17.92320958473402
18.413794 -1.2068965 -17.98928958045105
18.413794 -1.3793104 -18.040139919784018
18.413794 -1.5517242 -18.078015306899317
18.413794 -1.7241379 -18.105474295228696
18.413794 -1.8965517 -18.12496374000348
18.413794 -2.0689654 -18.138577924330725
18.413794 -2.2413793 -18.147978681854738
18.413794 -2.4137931 -18.15441740124524
18.413794 -2.5862069 -18.158803050232027
18.413794 -2.7586207 -18.1617797260033
18.413794 -2.9310346 -18.16379623067726
18.413794 -3.1034484 -18.165161767148714
18.413794 -3.275862 -18.1660877885844
18.413794 -3.4482758 -18.166718236992107
18.413794 -3.6206896 -18.16715086438097
18.413794 -3.7931035 -18.16745204353446
18.413794 -3.9655173 -18.167666943906475
18.413794 -4.1379309 -18.167826487234745
18.413794 -4.3103447 -18.16795208633848
18.413794 -4.4827585 -18.16805887353982
18.413794 -4.6551723 -18.168157909974678
18.413794 -4.8275862 -18.16825770890823
18.413794 -5.0 -18.16836530359674

18.758621 0.0 -17.204479839947602
18.758621 -0.1724138 -17.354460495183982
18.758621 -0.34482759 -17.495514813104972
18.758621 -0.51724136 -17.62511140923155
18.758621 -0.68965518 -17.74075646186109
18.758621 -0.86206895 -17.840461158782364
18.758621 -1.0344827 -17.923223092672774
18.758621 -1.2068965 -17.989304153737766
18.758621 -1.3793104 -18.040155652914244
18.758621 -1.5517242 -18.078032442600133
18.758621 -1.7241379 -18.10549323768728
18.758621 -1.8965517 -18.12498505490255
18.758621 -2.0689654 -18.138602338147212
18.758621 -2.2413793 -18.14800708901034
18.758621 -2.4137931 -18.154450882860676
18.758621 -2.5862069 -18.15884290548839
18.758621 -2.7586207 -18.161827516214434
18.758621 -2.9310346 -18.163853836542067
18.758621 -3.1034484 -18.165231460367647
18.758621 -3.275862 -18.16617231997699
18.758621 -3.4482758 -18.16682094415087
18.758621 -3.6206896 -18.16727580264785
18.758621 -3.7931035 -18.16760414542927
18.758621 -3.9655173 -18.167852212949363
18.758621 -4.1379309 -18.16805223374364
18.758621 -4.3103447 -18.168227214359472
18.758621 -4.4827585 -18.16839422949105
18.758621 -4.6551723 -18.168566706720636
18.758621 -4.8275862 -18.1687560411122
18.758621 -5.0 -18.168972773380926

19.103449 0.0 -17.20449407026306
19.103449 -0.1724138 -17.354477239890755
19.103449 -0.34482759 -17.495534254892107
19.103449 -0.51724136 -17.62513362044467
19.103449 -0.68965518 -17.740781386157632
19.103449 -0.86206895 -17.840488641411792
19.103449 -1.0344827 -17.923252971356675
19.103449 -1.2068965 -17.989336389447356
19.103449 -1.3793104 -18.04019045453684
19.103449 -1.5517242 -18.078070346900954
19.103449 -1.7241379 -18.105535138565152
19.103449 -1.8965517 -18.12503220344336
19.103449 -2.0689654 -18.138656341028586
19.103449 -2.2413793 -18.14806992425275
19.103449 -2.4137931 -18.154524941216266
19.103449 -2.5862069 -18.158931059672252
19.103449 -2.7586207 -18.161933218185702
19.103449 -2.9310346 -18.163981243837803
19.103449 -3.1034484 -18.165385594058442
19.103449 -3.275862 -18.166359258895927
19.103449 -3.4482758 -18.167048061998354
19.103449 -3.6206896 -18.167552056182092
19.103449 -3.7931035 -18.16794042484268
19.103449 -3.9655173 -18.16826176721063
19.103449 -4.1379309 -18.16855118713408
19.103449 -4.3103447 -18.168835193660616
19.103449 -4.4827585 -18.169135124046015
19.103449 -4.6551723 -18.16946958996199
19.103449 -4.8275862 -18.16985628603503
19.103449 -5.0 -18.1703134002644

19.448277 0.0 -17.20452552140308
19.448277 -0.1724138 -17.354514254652393
19.448277 -0.34482759 -17.495577237754564
19.448277 -0.51724136 -17.625182731746374
19.448277 -0.68965518 -17.74083650142955
19.448277 -0.86206895 -17.840549418278854
19.448277 -1.0344827 -17.923319050533586
19.448277 -1.2068965 -17.989407684047613
19.448277 -1.3793104 -18.04026742589288
19.448277 -1.5517242 -18.07815418147109
19.448277 -1.7241379 -18.10562781261056
19.448277 -1.8965517 -18.125136483024434
19.448277 -2.0689654 -18.13877577826131
19.448277 -2.2413793 -18.14820889182407
19.448277 -2.4137931 -18.154688723457657
19.448277 -2.5862069 -18.15912600499699
19.448277 -2.7586207 -18.162166953237804
19.448277 -2.9310346 -18.164262951404993
19.448277 -3.1034484 -18.16572636018521
19.448277 -3.275862 -18.166772499120704
19.448277 -3.4482758 -18.16755004077852
19.448277 -3.6206896 -18.168162516867184
19.448277 -3.7931035 -18.168683353565218
19.448277 -3.9655173 -18.169166317216824
19.448277 -4.1379309 -18.169652796874285
19.448277 -4.3103447 -18.170176937883397
19.448277 -4.4827585 -18.170769341492772
19.448277 -4.6551723 -18.17145984275438
19.448277 -4.8275862 -18.172279710717188
19.448277 -5.0 -18.17326351798497

19.793104 0.0 -17.204594954285092
19.793104 -0.1724138 -17.35459600140838
19.793104 -0.34482759 -17.495672194812713
19.793104 -0.51724136 -17.6252912552616
19.793104 -0.68965518 -17.74095831690953
19.793104 -0.86206895 -17.84068376816774
19.793104 -1.0344827 -17.923465138607764
19.793104 -1.2068965 -17.989565315430998
19.793104 -1.3793104 -18.040437617379016
19.793104 -1.5517242 -18.078339552947817
19.793104 -1.7241379 -18.105832729929432
19.793104 -1.8965517 -18.12536705739838
19.793104 -2.0689654 -18.13903985693716
19.793104 -2.2413793 -18.148516132831006
19.793104 -2.4137931 -18.15505079470527
19.793104 -2.5862069 -18.159556918006256
19.793104 -2.7586207 -18.16268353173882
19.793104 -2.9310346 -18.16488543853974
19.793104 -3.1034484 -18.166479175154194
19.793104 -3.275862 -18.16768516347412
19.793104 -3.4482758 -18.16865830287959
19.793104 -3.6206896 -18.169509709139817
19.793104 -3.7931035 -18.17032202864494
19.793104 -3.9655173 -18.171160213531117
19.793104 -4.1379309 -18.172079195468363
19.793104 -4.3103447 -18.17312948003297
19.793104 -4.4827585 -18.174361378660354
19.793104 -4.6551723 -18.17582840497206
19.793104 -4.8275862 -18.17759017517031
19.793104 -5.0 -18.17971505546134

20.137932 0.0 -17.2047478566127
20.137932 -0.1724138 -17.354776173138312
20.137932 -0.34482759 -17.49588162720747
20.137932 -0.51724136 -17.62553074346912
20.137932 -0.68965518 -17.741227258029014
20.137932 -0.86206895 -17.840980485700502
20.137932 -1.0344827 -17.923787864339236
20.137932 -1.2068965 -17.989913605302
20.137932 -1.3793104 -18.040813702393134
20.137932 -1.5517242 -18.078749205438644
20.137932 -1.7241379 -18.106285578608873
20.137932 -1.8965517 -18.125876583138623
20.137932 -2.0689654 -18.13962336705522
20.137932 -2.2413793 -18.149194918648856
20.137932 -2.4137931 -18.155850560484982
20.137932 -2.5862069 -18.16050850234682
20.137932 -2.7586207 -18.16382391940236
20.137932 -2.9310346 -18.16625906717962
20.137932 -3.1034484 -18.16813955534542
20.137932 -3.275862 -18.169696848566797
20.137932 -3.4482758 -18.171099259877337
20.137932 -3.6206896 -18.172474149929254
20.137932 -3.7931035 -18.173923778641583
20.137932 -3.9655173 -18.17553669379207
20.137932 -4.1379309 -18.177396104116745
20.137932 -4.3103447 -18.179586255095494
20.137932 -4.4827585 -18.182197501082086
20.137932 -4.6551723 -18.185330595566686
20.137932 -4.8275862 -18.189100483367916
20.137932 -5.0 -18.19363977296766

20.482758 0.0 -17.205082732525202
20.482758 -0.1724138 -17.355171503863303
20.482758 -0.34482759 -17.49634185940817
20.482758 -0.51724136 -17.62605767317328
20.482758 -0.68965518 -17.741819574119553
20.482758 -0.86206895 -17.841634477689713
20.482758 -1.0344827 -17.924499588489457
20.482758 -1.2068965 -17.990682016878285
20.482758 -1.3793104 -18.04164364779219
20.482758 -1.5517242 -18.07965334034534
20.482758 -1.7241379 -18.107285060156986
20.482758 -1.8965517 -18.12700104670275
20.482758 -2.0689654 -18.140910844893327
20.482758 -2.2413793 -18.15069215096007
20.482758 -2.4137931 -18.15761388913886
20.482758 -2.5862069 -18.162605386214487
20.482758 -2.7586207 -18.166335055055516
20.482758 -2.9310346 -18.169281107588457
20.482758 -3.1034484 -18.171788442326612
20.482758 -3.275862 -18.174111803949007
20.482758 -3.4482758 -18.17644749768332
20.482758 -3.6206896 -18.178956369221225
20.482758 -3.7931035 -18.181780507639573
20.482758 -3.9655173 -18.185055517151046
20.482758 -4.1379309 -18.188919780073082
20.482758 -4.3103447 -18.19352166489026
20.482758 -4.4827585 -18.199025261144815
20.482758 -4.6551723 -18.205615093352797
20.482758 -4.8275862 -18.21349994343732
20.482758 -5.0 -18.222915849199023

20.827587 0.0 -17.205807507933166
20.827587 -0.1724138 -17.356030556932676
20.827587 -0.34482759 -17.497345246653577
20.827587 -0.51724136 -17.627209563876182
20.827587 -0.68965518 -17.743117192675296
20.827587 -0.86206895 -17.84306962036721
20.827587 -1.0344827 -17.926063385674475
20.827587 -1.2068965 -17.992371862474528
20.827587 -1.3793104 -18.0434698367135
20.827587 -1.5517242 -18.081643321702124
20.827587 -1.7241379 -18.10948494668817
20.827587 -1.8965517 -18.129475498092116
20.827587 -2.0689654 -18.143742772187192
20.827587 -2.2413793 -18.153983228238204
20.827587 -2.4137931 -18.16148627300006
20.827587 -2.5862069 -18.167204695599665
20.827587 -2.7586207 -18.17183452537141
20.827587 -2.9310346 -18.17588683114996
20.827587 -3.1034484 -18.179745630113192
20.827587 -3.275862 -18.183712031315935
20.827587 -3.4482758 -18.188036888340395
20.827587 -3.6206896 -18.192944610859815
20.827587 -3.7931035 -18.1986505543028
20.827587 -3.9655173 -18.205373692307816
20.827587 -4.1379309 -18.213345905776695
20.827587 -4.3103447 -18.222818731221007
20.827587 -4.4827585 -18.234068063906445
20.827587 -4.6551723 -18.247397474395644
20.827587 -4.8275862 -18.263140596030336
20.827587 -5.0 -18.2816633844162

21.172413 0.0 -17.207336998386644
21.172413 -0.1724138 -17.357858802708375
21.172413 -0.34482759 -17.49949570318964
21.172413 -0.51724136 -17.629692548819776
21.172413 -0.68965518 -17.74592731168587
21.172413 -0.86206895 -17.84618887869346
21.172413 -1.0344827 -17.929471572057448
21.172413 -1.2068965 -17.99606187549396
21.172413 -1.3793104 -18.047462459556026
21.172413 -1.5517242 -18.085996688158748
21.172413 -1.7241379 -18.114297790329942
21.172413 -1.8965517 -18.13488660057862
21.172413 -2.0689654 -18.149929785744806
21.172413 -2.2413793 -18.16116301461668
21.172413 -2.4137931 -18.169917567976515
21.172413 -2.5862069 -18.17719308949819
21.172413 -2.7586207 -18.18373939004445
21.172413 -2.9310346 -18.190129759925895
21.172413 -3.1034484 -18.196819945880893
21.172413 -3.275862 -18.204192921200118
21.172413 -3.4482758 -18.21259167295063
21.172413 -3.6206896 -18.222342556443053
21.172413 -3.7931035 -18.233771703019084
21.172413 -3.9655173 -18.247216247022305
21.172413 -4.1379309 -18.263032169258118
21.172413 -4.3103447 -18.28160032751812
21.172413 -4.4827585 -18.303332048000815
21.172413 -4.6551723 -18.328675727425882
21.172413 -4.8275862 -18.358123729919324
21.172413 -5.0 -18.39221550445713

21.517242 0.0 -17.210402883076057
21.517242 -0.1724138 -17.361586173342243
21.517242 -0.34482759 -17.503943174564387
21.517242 -0.51724136 -17.63488927303398
21.517242 -0.68965518 -17.751866099835148
21.517242 -0.86206895 -17.852831824161388
21.517242 -1.0344827 -17.936772198507644
21.517242 -1.2068965 -18.003998968062383
21.517242 -1.3793104 -18.056073199121474
21.517242 -1.5517242 -18.09539795064841
21.517242 -1.7241379 -18.124693050966385
21.517242 -1.8965517 -18.14656352772833
21.517242 -2.0689654 -18.163255472800238
21.517242 -2.2413793 -18.176581506119376
21.517242 -2.4137931 -18.18795128148097
21.517242 -2.5862069 -18.19844780959833
21.517242 -2.7586207 -18.208911648325277
21.517242 -2.9310346 -18.22001528560965
21.517242 -3.1034484 -18.232321998472802
21.517242 -3.275862 -18.24632968562895
21.517242 -3.4482758 -18.262502448947302
21.517242 -3.6206896 -18.28129324239744
21.517242 -3.7931035 -18.30316125630626
21.517242 -3.9655173 -18.328586327266425
21.517242 -4.1379309 -18.358081267899564
21.517242 -4.3103447 -18.392198803068176
21.517242 -4.4827585 -18.431523555479917
21.517242 -4.6551723 -18.476634475384618
21.517242 -4.8275862 -18.528021447110792
21.517242 -5.0 -18.585953298573436

21.862068 0.0 -17.215985022739428
21.862068 -0.1724138 -17.368584139773493
21.862068 -0.34482759 -17.512519876917402
21.862068 -0.51724136 -17.645143566259698
21.862068 -0.68965518 -17.76381141811778
21.862068 -0.86206895 -17.866401682461138
21.862068 -1.0344827 -17.95186409657216
21.862068 -1.2068965 -18.02054795162234
21.862068 -1.3793104 -18.074127042040338
21.862068 -1.5517242 -18.115166509661496
21.862068 -1.7241379 -18.1465634280371
21.862068 -1.8965517 -18.171091089287
21.862068 -2.0689654 -18.191146091695348
21.862068 -2.2413793 -18.208675684453187
21.862068 -2.4137931 -18.22521404254501
21.862068 -2.5862069 -18.241964087276195
21.862068 -2.7586207 -18.25988548367581
21.862068 -2.9310346 -18.279771732698695
21.862068 -3.1034484 -18.302311952210385
21.862068 -3.275862 -18.328139027003836
21.862068 -3.4482758 -18.357866253112917
21.862068 -3.6206896 -18.392111095397244
21.862068 -3.7931035 -18.431499395219458
21.862068 -3.9655173 -18.476635804493448
21.862068 -4.1379309 -18.528026178920342
21.862068 -4.3103447 -18.58594972774464
21.862068 -4.4827585 -18.650311033055832
21.862068 -4.6551723 -18.720552187239054
21.862068 -4.8275862 -18.795740960694268
21.862068 -5.0 -18.87492283359175

22.206898 0.0 -17.22469410451742
22.206898 -0.1724138 -17.380029679512056
22.206898 -0.34482759 -17.52716688929916
22.206898 -0.51724136 -17.663348126530583
22.206898 -0.68965518 -17.785747319518723
22.206898 -0.86206895 -17.89203638145299
22.206898 -1.0344827 -17.981022694547832
22.206898 -1.2068965 -18.05305957631625
22.206898 -1.3793104 -18.109993935656185
22.206898 -1.5517242 -18.154684598309014
22.206898 -1.7241379 -18.190363024687855
22.206898 -1.8965517 -18.220113862908764
22.206898 -2.0689654 -18.246593384294947
22.206898 -2.2413793 -18.271956336090742
22.206898 -2.4137931 -18.297905718545042
22.206898 -2.5862069 -18.325792303074422
22.206898 -2.7586207 -18.356718896773433
22.206898 -2.9310346 -18.391626909149082
22.206898 -3.1034484 -18.43135083228693
22.206898 -3.275862 -18.476627016605814
22.206898 -3.4482758 -18.52804383780645
22.206898 -3.6206896 -18.58593264538104
22.206898 -3.7931035 -18.650232722697933
22.206898 -3.9655173 -18.720409809877687
22.206898 -4.1379309 -18.795547147909602
22.206898 -4.3103447 -18.87469831114127
22.206898 -4.4827585 -18.957435965154012
22.206898 -4.6551723 -19.044285544515695
22.206898 -4.8275862 -19.13661123998956
22.206898 -5.0 -19.235778422694878

22.551723 0.0 -17.23553392464341
22.551723 -0.1724138 -17.395322016624878
22.551723 -0.34482759 -17.54803020768517
22.551723 -0.51724136 -17.690829882631483
22.551723 -0.68965518 -17.82063611348699
22.551723 -0.86206895 -17.934706745003904
22.551723 -1.0344827 -18.03142904808534
22.551723 -1.2068965 -18.11093811652459
22.551723 -1.3793104 -18.17519348723265
22.551723 -1.5517242 -18.227460353197717
22.551723 -1.7241379 -18.271517387453844
22.551723 -1.8965517 -18.310984694816504
22.551723 -2.0689654 -18.348959253025708
22.551723 -2.2413793 -18.38792513881072
22.551723 -2.4137931 -18.42981332666677
22.551723 -2.5862069 -18.47609556984656
22.551723 -2.7586207 -18.527836170035197
22.551723 -2.9310346 -18.585672211932465
22.551723 -3.1034484 -18.649743075692744
22.551723 -3.275862 -18.719648845336113
22.551723 -3.4482758 -18.794559874021672
22.551723 -3.6206896 -18.873574330717155
22.551723 -3.7931035 -18.956270443464163
22.551723 -3.9655173 -19.04314872064431
22.551723 -4.1379309 -19.135536068884146
22.551723 -4.3103447 -19.234767924349956
22.551723 -4.4827585 -19.34098955248099
22.551723 -4.6551723 -19.452327412098946
22.551723 -4.8275862 -19.565211572049428
22.551723 -5.0 -19.676163435496004

22.896551 0.0 -17.244822038579066
22.896551 -0.1724138 -17.4099652226674
22.896551 -0.34482759 -17.570213757833706
22.896551 -0.51724136 -17.722984785812532
22.896551 -0.68965518 -17.865105984556266
22.896551 -0.86206895 -17.993324575347565
22.896551 -1.0344827 -18.105201376366416
22.896551 -1.2068965 -18.200073920638815
22.896551 -1.3793104 -18.279527828451602
22.896551 -1.5517242 -18.34703321313016
22.896551 -1.7241379 -18.406982083102797
22.896551 -1.8965517 -18.46369156293649
22.896551 -2.0689654 -18.520753730838646
22.896551 -2.2413793 -18.580758772038205
22.896551 -2.4137931 -18.645245162262977
22.896551 -2.5862069 -18.714774933480804
22.896551 -2.7586207 -18.7891463693702
22.896551 -2.9310346 -18.86781222191083
22.896551 -3.1034484 -18.95047084451572
22.896551 -3.275862 -19.037567370115937
22.896551 -3.4482758 -19.130290839040093
22.896551 -3.6206896 -19.229853314812118
22.896551 -3.7931035 -19.336349719525018
22.896551 -3.9655173 -19.447929593108306
22.896551 -4.1379309 -19.56108109508654
22.896551 -4.3103447 -19.672367275108396
22.896551 -4.4827585 -19.780794181693807
22.896551 -4.6551723 -19.888840187438554
22.896551 -4.8275862 -20.00090244466721
22.896551 -5.0 -20.120314482888627

23.241379 0.0 -17.250352098504596
23.241379 -0.1724138 -17.419286000152397
23.241379 -0.34482759 -17.585630936580497
23.241379 -0.51724136 -17.74778233415172
23.241379 -0.68965518 -17.90345489102545
23.241379 -0.86206895 -18.049786405794027
23.241379 -1.0344827 -18.183881515408295
23.241379 -1.2068965 -18.30380286535771
23.241379 -1.3793104 -18.40956682374204
23.241379 -1.5517242 -18.503434220010575
23.241379 -1.7241379 -18.58919712805739
23.241379 -1.8965517 -18.67092909786382
23.241379 -2.0689654 -18.751962776538722
23.241379 -2.2413793 -18.83453344944335
23.241379 -2.4137931 -18.9200584291855
23.241379 -2.5862069 -19.00970159534794
23.241379 -2.7586207 -19.104712952670884
23.241379 -2.9310346 -19.206157497340154
23.241379 -3.1034484 -19.314107114655368
23.241379 -3.275862 -19.426908476972613
23.241379 -3.4482758 -19.541356843966852
23.241379 -3.6206896 -19.65422647797569
23.241379 -3.7931035 -19.764491447069272
23.241379 -3.9655173 -19.874394891656742
23.241379 -4.1379309 -19.98808610974219
23.241379 -4.3103447 -20.108788968545586
23.241379 -4.4827585 -20.236605083526314
23.241379 -4.6551723 -20.368212091712575
23.241379 -4.8275862 -20.498659905727294
23.241379 -5.0 -20.62461197939141

23.586206 0.0 -17.253000820709858
23.586206 -0.1724138 -17.424109899736276
23.586206 -0.34482759 -17.594100567701535
23.586206 -0.51724136 -17.76212881733548
23.586206 -0.68965518 -17.92692261521668
23.586206 -0.86206895 -18.08676442399063
23.586206 -1.0344827 -18.2396517379583
23.586206 -1.2068965 -18.383739271749295
23.586206 -1.3793104 -18.51802583364465
23.586206 -1.5517242 -18.642959023496076
23.586206 -1.7241379 -18.760517770541856
23.586206 -1.8965517 -18.87367841014851
23.586206 -2.0689654 -18.9856163030678
23.586206 -2.2413793 -19.098982245552083
23.586206 -2.4137931 -19.21529196931267
23.586206 -2.5862069 -19.33447002593898
23.586206 -2.7586207 -19.45490866890519
23.586206 -2.9310346 -19.574482495904174
23.586206 -3.1034484 -19.69228498956853
23.586206 -3.275862 -19.809804165489588
23.586206 -3.4482758 -19.930255038323107
23.586206 -3.6206896 -20.056389349711424
23.586206 -3.7931035 -20.188451732783765
23.586206 -3.9655173 -20.323658706604764
23.586206 -4.1379309 -20.457639785457143
23.586206 -4.3103447 -20.587327384176493
23.586206 -4.4827585 -20.71335207790698
23.586206 -4.6551723 -20.839539115890698
23.586206 -4.8275862 -20.969622354429905
23.586206 -5.0 -21.10401992402661

23.931034 0.0 -17.25396546704785
23.931034 -0.1724138 -17.425894685599268
23.931034 -0.34482759 -17.597420676677302
23.931034 -0.51724136 -17.768249393278946
23.931034 -0.68965518 -17.937898145002343
23.931034 -0.86206895 -18.10562927632454
23.931034 -1.0344827 -18.270457758533226
23.931034 -1.2068965 -18.431317763470474
23.931034 -1.3793104 -18.587403463723216
23.931034 -1.5517242 -18.738536839915945
23.931034 -1.7241379 -18.88529131242173
23.931034 -1.8965517 -19.02870211302467
23.931034 -2.0689654 -19.169734489221188
23.931034 -2.2413793 -19.308967925296745
23.931034 -2.4137931 -19.446840940603607
23.931034 -2.5862069 -19.58425132527276
23.931034 -2.7586207 -19.72277218025958
23.931034 -2.9310346 -19.863973402973794
23.931034 -3.1034484 -20.008247091386195
23.931034 -3.275862 -20.154133817207274
23.931034 -3.4482758 -20.298906961328527
23.931034 -3.6206896 -20.440370923955562
23.931034 -3.7931035 -20.578681725751
23.931034 -3.9655173 -20.71639359861287
23.931034 -4.1379309 -20.85632054153752
23.931034 -4.3103447 -20.998972573407798
23.931034 -4.4827585 -21.141678522629796
23.931034 -4.6551723 -21.280222496583885
23.931034 -4.8275862 -21.412131127779084
23.931034 -5.0 -21.539030351437198

24.275862 0.0 -17.25432604498194
24.275862 -0.1724138 -17.42659067500064
24.275862 -0.34482759 -17.598716764425234
24.275862 -0.51724136 -17.770585184214102
24.275862 -0.68965518 -17.942002000078453
24.275862 -0.86206895 -18.112681830394077
24.275862 -1.0344827 -18.282250414497216
24.275862 -1.2068965 -18.450284525286833
24.275862 -1.3793104 -18.61640711564266
24.275862 -1.5517242 -18.7804234869058
24.275862 -1.7241379 -18.942436927034574
24.275862 -1.8965517 -19.102877517781078
24.275862 -2.0689654 -19.262423307462537
24.275862 -2.2413793 -19.421805886116672
24.275862 -2.4137931 -19.581495341236256
24.275862 -2.5862069 -19.741396791672937
24.275862 -2.7586207 -19.90084209173795
24.275862 -2.9310346 -20.059071099203607
24.275862 -3.1034484 -20.215956100488956
24.275862 -3.275862 -20.372293258864417
24.275862 -3.4482758 -20.529184153678326
24.275862 -3.6206896 -20.68689767390703
24.275862 -3.7931035 -20.84421248413008
24.275862 -3.9655173 -20.998947109825618
24.275862 -4.1379309 -21.149515481961952
24.275862 -4.3103447 -21.296372956674745
24.275862 -4.4827585 -21.441961064135693
24.275862 -4.6551723 -21.589006870746342
24.275862 -4.8275862 -21.73859080627227
24.275862 -5.0 -21.88944031882865

24.620689 0.0 -17.254436146520142
24.620689 -0.1724138 -17.426801741290994
24.620689 -0.34482759 -17.599123596151482
24.620689 -0.51724136 -17.77136764079226
24.620689 -0.68965518 -17.9434773158241
24.620689 -0.86206895 -18.11536293707179
24.620689 -1.0344827 -18.286897529341875
24.620689 -1.2068965 -18.45793148993656
24.620689 -1.3793104 -18.62833394314687
24.620689 -1.5517242 -18.798046069323767
24.620689 -1.7241379 -18.967109401543635
24.620689 -1.8965517 -19.135636112526573
24.620689 -2.0689654 -19.303739184791983
24.620689 -2.2413793 -19.471496818809918
24.620689 -2.4137931 -19.638999743714145
24.620689 -2.5862069 -19.806423571058065
24.620689 -2.7586207 -19.97397960891821
24.620689 -2.9310346 -20.14170721190716
24.620689 -3.1034484 -20.309281655125805
24.620689 -3.275862 -20.476080268282676
24.620689 -3.4482758 -20.64156214615845
24.620689 -3.6206896 -20.805717086992658
24.620689 -3.7931035 -20.9691793648765
24.620689 -3.9655173 -21.13280930474347
24.620689 -4.1379309 -21.29703244552488
24.620689 -4.3103447 -21.461460664958324
24.620689 -4.4827585 -21.62510895519359
24.620689 -4.6551723 -21.787140616784992
24.620689 -4.8275862 -21.94766868286656
24.620689 -5.0 -22.107901866469735

24.965517 0.0 -17.254469639096325
24.965517 -0.1724138 -17.42686901408639
24.965517 -0.34482759 -17.599255689225792
24.965517 -0.51724136 -17.77161844966605
24.965517 -0.68965518 -17.94393787677247
24.965517 -0.86206895 -18.116183569813373
24.965517 -1.0344827 -18.288314420857184
24.965517 -1.2068965 -18.46028337502402
24.965517 -1.3793104 -18.63204874903958
24.965517 -1.5517242 -18.80359009294289
24.965517 -1.7241379 -18.97492182893541
24.965517 -1.8965517 -19.14609353210997
24.965517 -2.0689654 -19.31717074831528
24.965517 -2.2413793 -19.488199749438035
24.965517 -2.4137931 -19.65916786007254
24.965517 -2.5862069 -19.82999723122162
24.965517 -2.7586207 -20.000596640908153
24.965517 -2.9310346 -20.17095074171501
24.965517 -3.1034484 -20.34116619435806
24.965517 -3.275862 -20.511410522908044
24.965517 -3.4482758 -20.681774066018217
24.965517 -3.6206896 -20.852167209533604
24.965517 -3.7931035 -21.022352003921625
24.965517 -3.9655173 -21.192109873294804
24.965517 -4.1379309 -21.361445651509054
24.965517 -4.3103447 -21.5306504559921
24.965517 -4.4827585 -21.70011044050417
24.965517 -4.6551723 -21.86997214135781
24.965517 -4.8275862 -22.039933550064866
24.965517 -5.0 -22.209366033022718

25.310345 0.0 -17.254480714629537
25.310345 -0.1724138 -17.426889717350534
25.310345 -0.34482759 -17.599294255428376
25.310345 -0.51724136 -17.771690829808893
25.310345 -0.68965518 -17.94407395399012
25.310345 -0.86206895 -18.11643506567043
25.310345 -1.0344827 -18.288762234252008
25.310345 -1.2068965 -18.461040865831844
25.310345 -1.3793104 -18.63325687411688
25.310345 -1.5517242 -18.805401159977357
25.310345 -1.7241379 -18.97747284719555
25.310345 -1.8965517 -19.149477760427683
25.310345 -2.0689654 -19.321424855915122
25.310345 -2.2413793 -19.49332824566368
25.310345 -2.4137931 -19.66521010497022
25.310345 -2.5862069 -19.837098146144207
25.310345 -2.7586207 -20.00900824342053
25.310345 -2.9310346 -20.180926197245142
25.310345 -3.1034484 -20.35280831917613
25.310345 -3.275862 -20.524611293963286
25.310345 -3.4482758 -20.69633414635217
25.310345 -3.6206896 -20.868033683420393
25.310345 -3.7931035 -21.03978926521843
25.310345 -3.9655173 -21.211631380183174
25.310345 -4.1379309 -21.383494408478022
25.310345 -4.3103447 -21.555240461448992
25.310345 -4.4827585 -21.72675013497856
25.310345 -4.6551723 -21.89802536295518
25.310345 -4.8275862 -22.069216361529353
25.310345 -5.0 -22.24053035125921

25.655172 0.0 -17.25448412543967
25.655172 -0.1724138 -17.42689648497472
25.655172 -0.34482759 -17.59930755148324
25.655172 -0.51724136 -17.771716229057237
25.655172 -0.68965518 -17.94412067943616
25.655172 -0.86206895 -18.116517761814254
25.655172 -1.0344827 -18.28890329010963
25.655172 -1.2068965 -18.4612724660561
25.655172 -1.3793104 -18.633621057676354
25.655172 -1.5517242 -18.805946866572725
25.655172 -1.7241379 -18.97825150942014
25.655172 -1.8965517 -19.15054025886568
25.655172 -2.0689654 -19.322819163616412
25.655172 -2.2413793 -19.495092376848323
25.655172 -2.4137931 -19.667358912356498
25.655172 -2.5862069 -19.839615948396297
25.655172 -2.7586207 -20.011864606543433
25.655172 -2.9310346 -20.18411443017398
25.655172 -3.1034484 -20.356378481944954
25.655172 -3.275862 -20.52866144605087
25.655172 -3.4482758 -20.700950344328433
25.655172 -3.6206896 -20.87321705218002
25.655172 -3.7931035 -21.04543710473941
25.655172 -3.9655173 -21.217610026438102
25.655172 -4.1379309 -21.389765945164466
25.655172 -4.3103447 -21.561947856048945
25.655172 -4.4827585 -21.73417885479058
25.655172 -4.6551723 -21.906441417828397
25.655172 -4.8275862 -22.078682375072837
25.655172 -5.0 -22.25084355464258

26.0 0.0 -17.25448520648579
26.0 -0.1724138 -17.426898607309194
26.0 -0.34482759 -17.599311597928278
26.0 -0.51724136 -17.771723811662735
26.0 -0.68965518 -17.944134735474105
26.0 -0.86206895 -18.116543392642864
26.0 -1.0344827 -18.28894861212899
26.0 -1.2068965 -18.461349033698845
26.0 -1.3793104 -18.633743371362037
26.0 -1.5517242 -18.806130685359093
26.0 -1.7241379 -18.978511230379695
26.0 -1.8965517 -19.150886506992002
26.0 -2.0689654 -19.32325847825983
26.0 -2.2413793 -19.495630220984552
26.0 -2.4137931 -19.668004170450402
26.0 -2.5862069 -19.840381648934365
26.0 -2.7586207 -20.01276083638115
26.0 -2.9310346 -20.18513720473952
26.0 -3.1034484 -20.357506058688493
26.0 -3.275862 -20.529866978392693
26.0 -3.4482758 -20.7022258226344
26.0 -3.6206896 -20.87459044543268
26.0 -3.7931035 -21.046965401709713
26.0 -3.9655173 -21.219346878036376
26.0 -4.1379309 -21.391723924104724
26.0 -4.3103447 -21.564085068999017
26.0 -4.4827585 -21.736425261825218
26.0 -4.6551723 -21.908750344621787
26.0 -4.8275862 -22.081071928720483
26.0 -5.0 -22.253396379567405
