# KROME file, XRAY He rate
# Distance = 8 kpc
# Xray rate including primary He ionization in 1/s
# first line indicates the size of the table (30x30)
# then first column is the parameter log10(nH), where nH is the H column density in cm-2
# second column is log10(xHe), where xHe = nHe/nH both in cm-2
# third column is log10(rate), where rate is in units of 1/s
30, 30
16.0 0.0 -17.64758274857923
16.0 -0.1724138 -17.645095927321496
16.0 -0.34482759 -17.641423300656058
16.0 -0.51724136 -17.636017634304295
16.0 -0.68965518 -17.628099954441904
16.0 -0.86206895 -17.61658431509723
16.0 -1.0344827 -17.600002229750665
16.0 -1.2068965 -17.57645385457647
16.0 -1.3793104 -17.543633700055224
16.0 -1.5517242 -17.498992516988526
16.0 -1.7241379 -17.440077081786526
16.0 -1.8965517 -17.365010831001367
16.0 -2.0689654 -17.272960035406367
16.0 -2.2413793 -17.16436704069619
16.0 -2.4137931 -17.040824856395123
16.0 -2.5862069 -16.90466094764358
16.0 -2.7586207 -16.758439485597602
16.0 -2.9310346 -16.604567764014682
16.0 -3.1034484 -16.445080977206423
16.0 -3.275862 -16.281580138412316
16.0 -3.4482758 -16.115263222630052
16.0 -3.6206896 -15.946997228236905
16.0 -3.7931035 -15.777394485593128
16.0 -3.9655173 -15.606881007527427
16.0 -4.1379309 -15.435749751298022
16.0 -4.3103447 -15.264200251576984
16.0 -4.4827585 -15.092368519997683
16.0 -4.6551723 -14.920346504393482
16.0 -4.8275862 -14.748196213972209
16.0 -5.0 -14.575959737956836

16.344828 0.0 -17.647582851106343
16.344828 -0.1724138 -17.6450960122215
16.344828 -0.34482759 -17.641423371270875
16.344828 -0.51724136 -17.636017693400184
16.344828 -0.68965518 -17.628100004310987
16.344828 -0.86206895 -17.6165843576355
16.344828 -1.0344827 -17.60000226651383
16.344828 -1.2068965 -17.576453886815084
16.344828 -1.3793104 -17.543633728732825
16.344828 -1.5517242 -17.498992542791868
16.344828 -1.7241379 -17.440077105143455
16.344828 -1.8965517 -17.365010852123238
16.344828 -2.0689654 -17.27296005436071
16.344828 -2.2413793 -17.16436705749445
16.344828 -2.4137931 -17.040824871066906
16.344828 -2.5862069 -16.904660960276033
16.344828 -2.7586207 -16.75843949633901
16.344828 -2.9310346 -16.604567773056452
16.344828 -3.1034484 -16.445080984759155
16.344828 -3.275862 -16.281580144685744
16.344828 -3.4482758 -16.11526322781995
16.344828 -3.6206896 -15.94699723251834
16.344828 -3.7931035 -15.77739448911826
16.344828 -3.9655173 -15.606881010425992
16.344828 -4.1379309 -15.435749753679225
16.344828 -4.3103447 -15.264200253531966
16.344828 -4.4827585 -15.092368521602069
16.344828 -4.6551723 -14.920346505709775
16.344828 -4.8275862 -14.748196215051937
16.344828 -5.0 -14.575959738842402

16.689655 0.0 -17.647583077917695
16.689655 -0.1724138 -17.645096200038022
16.689655 -0.34482759 -17.641423527485582
16.689655 -0.51724136 -17.636017824132626
16.689655 -0.68965518 -17.628100114631806
16.689655 -0.86206895 -17.61658445173903
16.689655 -1.0344827 -17.600002347841624
16.689655 -1.2068965 -17.576453958133623
16.689655 -1.3793104 -17.54363379217366
16.689655 -1.5517242 -17.49899259987425
16.689655 -1.7241379 -17.44007715681386
16.689655 -1.8965517 -17.365010898849228
16.689655 -2.0689654 -17.272960096291666
16.689655 -2.2413793 -17.164367094655695
16.689655 -2.4137931 -17.04082490352395
16.689655 -2.5862069 -16.904660988221643
16.689655 -2.7586207 -16.758439520101252
16.689655 -2.9310346 -16.604567793058724
16.689655 -3.1034484 -16.44508100146736
16.689655 -3.275862 -16.28158015856387
16.689655 -3.4482758 -16.115263239301072
16.689655 -3.6206896 -15.946997241989761
16.689655 -3.7931035 -15.777394496916576
16.689655 -3.9655173 -15.606881016838207
16.689655 -4.1379309 -15.43574975894693
16.689655 -4.3103447 -15.264200257856784
16.689655 -4.4827585 -15.092368525151292
16.689655 -4.6551723 -14.920346508621678
16.689655 -4.8275862 -14.748196217440508
16.689655 -5.0 -14.575959740801444

17.034483 0.0 -17.64758357967456
17.034483 -0.1724138 -17.64509661552974
17.034483 -0.34482759 -17.641423873067126
17.034483 -0.51724136 -17.63601811334177
17.034483 -0.68965518 -17.628100358685934
17.034483 -0.86206895 -17.61658465991692
17.034483 -1.0344827 -17.600002527756754
17.034483 -1.2068965 -17.576454115906067
17.034483 -1.3793104 -17.54363393251888
17.034483 -1.5517242 -17.498992726153137
17.034483 -1.7241379 -17.44007727112025
17.034483 -1.8965517 -17.365011002217475
17.034483 -2.0689654 -17.272960189052228
17.034483 -2.2413793 -17.164367176864598
17.034483 -2.4137931 -17.0408249753261
17.034483 -2.5862069 -16.9046610500435
17.034483 -2.7586207 -16.758439572668554
17.034483 -2.9310346 -16.604567837308142
17.034483 -3.1034484 -16.44508103842957
17.034483 -3.275862 -16.28158018926531
17.034483 -3.4482758 -16.11526326469981
17.034483 -3.6206896 -15.946997262942585
17.034483 -3.7931035 -15.777394514168122
17.034483 -3.9655173 -15.606881031023388
17.034483 -4.1379309 -15.435749770600202
17.034483 -4.3103447 -15.264200267424174
17.034483 -4.4827585 -15.092368533002896
17.034483 -4.6551723 -14.92034651506339
17.034483 -4.8275862 -14.748196222724493
17.034483 -5.0 -14.575959745135219

17.379311 0.0 -17.647584689668722
17.379311 -0.1724138 -17.645097534687054
17.379311 -0.34482759 -17.64142463756819
17.379311 -0.51724136 -17.636018753134994
17.379311 -0.68965518 -17.628100898586542
17.379311 -0.86206895 -17.616585120451557
17.379311 -1.0344827 -17.600002925768052
17.379311 -1.2068965 -17.576454464932944
17.379311 -1.3793104 -17.543634242992944
17.379311 -1.5517242 -17.49899300550942
17.379311 -1.7241379 -17.440077523990748
17.379311 -1.8965517 -17.3650112308904
17.379311 -2.0689654 -17.272960394258618
17.379311 -2.2413793 -17.164367358728395
17.379311 -2.4137931 -17.04082513416787
17.379311 -2.5862069 -16.904661186806678
17.379311 -2.7586207 -16.75843968895861
17.379311 -2.9310346 -16.60456793519722
17.379311 -3.1034484 -16.44508112019775
17.379311 -3.275862 -16.28158025718328
17.379311 -3.4482758 -16.115263320887042
17.379311 -3.6206896 -15.946997309294487
17.379311 -3.7931035 -15.77739455233199
17.379311 -3.9655173 -15.606881062403783
17.379311 -4.1379309 -15.435749796379458
17.379311 -4.3103447 -15.26420028858901
17.379311 -4.4827585 -15.092368550372036
17.379311 -4.6551723 -14.920346529313536
17.379311 -4.8275862 -14.748196234413497
17.379311 -5.0 -14.575959754722147

17.724138 0.0 -17.647587145200063
17.724138 -0.1724138 -17.645099568049766
17.724138 -0.34482759 -17.641426328800552
17.724138 -0.51724136 -17.636020168488614
17.724138 -0.68965518 -17.628102092957523
17.724138 -0.86206895 -17.616586139248884
17.724138 -1.0344827 -17.600003806250992
17.724138 -1.2068965 -17.576455237052283
17.724138 -1.3793104 -17.543634929825497
17.724138 -1.5517242 -17.498993623502965
17.724138 -1.7241379 -17.440078083392184
17.724138 -1.8965517 -17.365011736761684
17.724138 -2.0689654 -17.272960848216947
17.724138 -2.2413793 -17.164367761047938
17.724138 -2.4137931 -17.0408254855578
17.724138 -2.5862069 -16.90466148935405
17.724138 -2.7586207 -16.758439946215113
17.724138 -2.9310346 -16.604568151746854
17.724138 -3.1034484 -16.44508130108454
17.724138 -3.275862 -16.281580407430496
17.724138 -3.4482758 -16.115263445183395
17.724138 -3.6206896 -15.94699741183302
17.724138 -3.7931035 -15.77739463675687
17.724138 -3.9655173 -15.6068811318222
17.724138 -4.1379309 -15.435749853406982
17.724138 -4.3103447 -15.26420033540846
17.724138 -4.4827585 -15.092368588794619
17.724138 -4.6551723 -14.920346560836252
17.724138 -4.8275862 -14.748196260270426
17.724138 -5.0 -14.575959775928846

18.068966 0.0 -17.647592577343545
18.068966 -0.1724138 -17.645104066273998
18.068966 -0.34482759 -17.641430070164162
18.068966 -0.51724136 -17.636023299552303
18.068966 -0.68965518 -17.628104735161937
18.068966 -0.86206895 -17.616588393047596
18.068966 -1.0344827 -17.600005754068974
18.068966 -1.2068965 -17.57645694514676
18.068966 -1.3793104 -17.5436364492471
18.068966 -1.5517242 -17.498994990637517
18.068966 -1.7241379 -17.440079320907852
18.068966 -1.8965517 -17.36501285585648
18.068966 -2.0689654 -17.27296185246835
18.068966 -2.2413793 -17.164368651062432
18.068966 -2.4137931 -17.040826262904222
18.068966 -2.5862069 -16.904662158649508
18.068966 -2.7586207 -16.758440515316774
18.068966 -2.9310346 -16.60456863079563
18.068966 -3.1034484 -16.445081701238998
18.068966 -3.275862 -16.28158073980327
18.068966 -3.4482758 -16.115263720147
18.068966 -3.6206896 -15.946997638663424
18.068966 -3.7931035 -15.777394823515797
18.068966 -3.9655173 -15.606881285383464
18.068966 -4.1379309 -15.43574997955681
18.068966 -4.3103447 -15.26420043897575
18.068966 -4.4827585 -15.092368673786154
18.068966 -4.6551723 -14.920346630563742
18.068966 -4.8275862 -14.74819631746393
18.068966 -5.0 -14.575959822835005

18.413794 0.0 -17.647604594243152
18.413794 -0.1724138 -17.645114017197667
18.413794 -0.34482759 -17.64143834678535
18.413794 -0.51724136 -17.636030226082557
18.413794 -0.68965518 -17.62811058024587
18.413794 -0.86206895 -17.616593378904604
18.413794 -1.0344827 -17.60001006303704
18.413794 -1.2068965 -17.576460723798487
18.413794 -1.3793104 -17.543639810515565
18.413794 -1.5517242 -17.49899801501454
18.413794 -1.7241379 -17.440082058539176
18.413794 -1.8965517 -17.365015331513675
18.413794 -2.0689654 -17.27296407406502
18.413794 -2.2413793 -17.164370619940012
18.413794 -2.4137931 -17.04082798253339
18.413794 -2.5862069 -16.904663639244543
18.413794 -2.7586207 -16.758441774259772
18.413794 -2.9310346 -16.604569690520837
18.413794 -3.1034484 -16.4450825864319
18.413794 -3.275862 -16.281581475047687
18.413794 -3.4482758 -16.115264328389358
18.413794 -3.6206896 -15.94699814042433
18.413794 -3.7931035 -15.777395236629646
18.413794 -3.9655173 -15.606881625056692
18.413794 -4.1379309 -15.435750258589865
18.413794 -4.3103447 -15.264200668051236
18.413794 -4.4827585 -15.092368861767971
18.413794 -4.6551723 -14.92034678477813
18.413794 -4.8275862 -14.748196443950393
18.413794 -5.0 -14.575959926563602

18.758621 0.0 -17.647631177217125
18.758621 -0.1724138 -17.645136030081762
18.758621 -0.34482759 -17.641456655950744
18.758621 -0.51724136 -17.63604554869067
18.758621 -0.68965518 -17.62812351055262
18.758621 -0.86206895 -17.61660440847704
18.758621 -1.0344827 -17.60001959522513
18.758621 -1.2068965 -17.576469082837537
18.758621 -1.3793104 -17.543647246226993
18.758621 -1.5517242 -17.499004705455437
18.758621 -1.7241379 -17.440088114636566
18.758621 -1.8965517 -17.36502080806315
18.758621 -2.0689654 -17.272968988570412
18.758621 -2.2413793 -17.164374975367725
18.758621 -2.4137931 -17.040831786561508
18.758621 -2.5862069 -16.904666914470354
18.758621 -2.7586207 -16.75844455913773
18.758621 -2.9310346 -16.604572034681805
18.758621 -3.1034484 -16.445084544486793
18.758621 -3.275862 -16.281583101382193
18.758621 -3.4482758 -16.115265673766675
18.758621 -3.6206896 -15.946999250240971
18.758621 -3.7931035 -15.777396150339468
18.758621 -3.9655173 -15.606882376299842
18.758621 -4.1379309 -15.435750875683828
18.758621 -4.3103447 -15.26420117462832
18.758621 -4.4827585 -15.09236927743709
18.758621 -4.6551723 -14.920347125746526
18.758621 -4.8275862 -14.748196723578763
18.758621 -5.0 -14.575960155846804

19.103449 0.0 -17.647689980167424
19.103449 -0.1724138 -17.64518472435048
19.103449 -0.34482759 -17.641497157691585
19.103449 -0.51724136 -17.636079444119417
19.103449 -0.68965518 -17.62815211408936
19.103449 -0.86206895 -17.6166288074371
19.103449 -1.0344827 -17.60004068181158
19.103449 -1.2068965 -17.576487574262813
19.103449 -1.3793104 -17.54366369510202
19.103449 -1.5517242 -17.49901950564469
19.103449 -1.7241379 -17.44010151150667
19.103449 -1.8965517 -17.365032922813114
19.103449 -2.0689654 -17.272979859909327
19.103449 -2.2413793 -17.164384609852373
19.103449 -2.4137931 -17.040840201178685
19.103449 -2.5862069 -16.904674159215997
19.103449 -2.7586207 -16.758450719089485
19.103449 -2.9310346 -16.604577219642245
19.103449 -3.1034484 -16.445088875274465
19.103449 -3.275862 -16.281586698316058
19.103449 -3.4482758 -16.11526864915054
19.103449 -3.6206896 -15.94700170450519
19.103449 -3.7931035 -15.777398170767011
19.103449 -3.9655173 -15.606884037311778
19.103449 -4.1379309 -15.43575223992585
19.103449 -4.3103447 -15.264202294381136
19.103449 -4.4827585 -15.092370196080525
19.103449 -4.6551723 -14.920347879135026
19.103449 -4.8275862 -14.748197341269469
19.103449 -5.0 -14.575960662163046

19.448277 0.0 -17.647820043091222
19.448277 -0.1724138 -17.64529243138772
19.448277 -0.34482759 -17.641586745580593
19.448277 -0.51724136 -17.636154420424187
19.448277 -0.68965518 -17.628215385585055
19.448277 -0.86206895 -17.616682778815527
19.448277 -1.0344827 -17.600087326347044
19.448277 -1.2068965 -17.576528478251966
19.448277 -1.3793104 -17.54370008079787
19.448277 -1.5517242 -17.499052244178245
19.448277 -1.7241379 -17.44013114554231
19.448277 -1.8965517 -17.365059720366723
19.448277 -2.0689654 -17.27300390654879
19.448277 -2.2413793 -17.1644059200556
19.448277 -2.4137931 -17.040858812529816
19.448277 -2.5862069 -16.90469018234501
19.448277 -2.7586207 -16.758464342245166
19.448277 -2.9310346 -16.604588685771194
19.448277 -3.1034484 -16.44509845168839
19.448277 -3.275862 -16.28159465121473
19.448277 -3.4482758 -16.115275226995763
19.448277 -3.6206896 -15.947007129486414
19.448277 -3.7931035 -15.777402635984403
19.448277 -3.9655173 -15.606887707408932
19.448277 -4.1379309 -15.435755253494369
19.448277 -4.3103447 -15.264204767081429
19.448277 -4.4827585 -15.092372223881293
19.448277 -4.6551723 -14.920349541356506
19.448277 -4.8275862 -14.748198703300528
19.448277 -5.0 -14.575961777814044

19.793104 0.0 -17.648107661643795
19.793104 -0.1724138 -17.64553062693271
19.793104 -0.34482759 -17.641784879852896
19.793104 -0.51724136 -17.636320245593833
19.793104 -0.68965518 -17.628355327110906
19.793104 -0.86206895 -17.616802153017655
19.793104 -1.0344827 -17.600190496203243
19.793104 -1.2068965 -17.57661895134874
19.793104 -1.3793104 -17.543780559825407
19.793104 -1.5517242 -17.499124655364113
19.793104 -1.7241379 -17.440196688687916
19.793104 -1.8965517 -17.3651189878763
19.793104 -2.0689654 -17.273057087398445
19.793104 -2.2413793 -17.164453046141087
19.793104 -2.4137931 -17.040899967023293
19.793104 -2.5862069 -16.904725610120796
19.793104 -2.7586207 -16.75849445993766
19.793104 -2.9310346 -16.604614031022262
19.793104 -3.1034484 -16.44511961601795
19.793104 -3.275862 -16.281612223649972
19.793104 -3.4482758 -16.11528975729126
19.793104 -3.6206896 -15.947019109249236
19.793104 -3.7931035 -15.777412492448772
19.793104 -3.9655173 -15.606895804841672
19.793104 -4.1379309 -15.435761898519072
19.793104 -4.3103447 -15.264210215585944
19.793104 -4.4827585 -15.092376688186814
19.793104 -4.6551723 -14.920353196951902
19.793104 -4.8275862 -14.74820169485461
19.793104 -5.0 -14.57596422438177

20.137932 0.0 -17.64874341075915
20.137932 -0.1724138 -17.646057202065574
20.137932 -0.34482759 -17.642222938416502
20.137932 -0.51724136 -17.636686901471705
20.137932 -0.68965518 -17.62866477072673
20.137932 -0.86206895 -17.617066128824813
20.137932 -1.0344827 -17.600418644748533
20.137932 -1.2068965 -17.576819024207104
20.137932 -1.3793104 -17.543958530134454
20.137932 -1.5517242 -17.499284779984485
20.137932 -1.7241379 -17.44034161849491
20.137932 -1.8965517 -17.36525003094207
20.137932 -2.0689654 -17.273174660228126
20.137932 -2.2413793 -17.164557218651833
20.137932 -2.4137931 -17.040990923353423
20.137932 -2.5862069 -16.904803892666173
20.137932 -2.7586207 -16.758560991316102
20.137932 -2.9310346 -16.604670001569467
20.137932 -3.1034484 -16.445166335150063
20.137932 -3.275862 -16.281650995109455
20.137932 -3.4482758 -16.115321797783313
20.137932 -3.6206896 -15.947045506711547
20.137932 -3.7931035 -15.777434192310839
20.137932 -3.9655173 -15.606913613162874
20.137932 -4.1379309 -15.435776493790716
20.137932 -4.3103447 -15.264222164030722
20.137932 -4.4827585 -15.092386459632612
20.137932 -4.6551723 -14.920361179740535
20.137932 -4.8275862 -14.748208209150901
20.137932 -5.0 -14.575969533697965

20.482758 0.0 -17.650147241205193
20.482758 -0.1724138 -17.64722030176419
20.482758 -0.34482759 -17.643190748291573
20.482758 -0.51724136 -17.637497107056774
20.482758 -0.68965518 -17.62934864638108
20.482758 -0.86206895 -17.6176495754206
20.482758 -1.0344827 -17.600922933764245
20.482758 -1.2068965 -17.577261264657526
20.482758 -1.3793104 -17.54435190738361
20.482758 -1.5517242 -17.499638689642435
20.482758 -1.7241379 -17.440661908454715
20.482758 -1.8965517 -17.36553958292949
20.482758 -2.0689654 -17.273434388083164
20.482758 -2.2413793 -17.16478727394638
20.482758 -2.4137931 -17.041191714193136
20.482758 -2.5862069 -16.904976622323602
20.482758 -2.7586207 -16.758707705421585
20.482758 -2.9310346 -16.604793338116483
20.482758 -3.1034484 -16.44526919503588
20.482758 -3.275862 -16.281736265916305
20.482758 -3.4482758 -16.115392173799137
20.482758 -3.6206896 -15.947103396742225
20.482758 -3.7931035 -15.777481689440771
20.482758 -3.9655173 -15.606952501844118
20.482758 -4.1379309 -15.435808276074086
20.482758 -4.3103447 -15.264248093508725
20.482758 -4.4827585 -15.092407576631796
20.482758 -4.6551723 -14.920378344362943
20.482758 -4.8275862 -14.74822213076508
20.482758 -5.0 -14.57598079647324

20.827587 0.0 -17.653240316208354
20.827587 -0.1724138 -17.649784632395605
20.827587 -0.34482759 -17.6453256129334
20.827587 -0.51724136 -17.639285031192767
20.827587 -0.68965518 -17.63085824407999
20.827587 -0.86206895 -17.61893775515635
20.827587 -1.0344827 -17.602036483498107
20.827587 -1.2068965 -17.578237843373387
20.827587 -1.3793104 -17.545220545683527
20.827587 -1.5517242 -17.500420068411582
20.827587 -1.7241379 -17.441368884850526
20.827587 -1.8965517 -17.366178473724638
20.827587 -2.0689654 -17.274007178409374
20.827587 -2.2413793 -17.16529428448259
20.827587 -2.4137931 -17.041633852048037
20.827587 -2.5862069 -16.90535656661911
20.827587 -2.7586207 -16.75903000485043
20.827587 -2.9310346 -16.605063852470476
20.827587 -3.1034484 -16.445494363248827
20.827587 -3.275862 -16.281922493878916
20.827587 -3.4482758 -16.115545436307958
20.827587 -3.6206896 -15.947229034224014
20.827587 -3.7931035 -15.777584341866334
20.827587 -3.9655173 -15.607036125167635
20.827587 -4.1379309 -15.435876200895661
20.827587 -4.3103447 -15.26430310066686
20.827587 -4.4827585 -15.092451975444462
20.827587 -4.6551723 -14.920414046012555
20.827587 -4.8275862 -14.748250713743314
20.827587 -5.0 -14.576003563190397

21.172413 0.0 -17.66002218175635
21.172413 -0.1724138 -17.655415162348934
21.172413 -0.34482759 -17.650018450326705
21.172413 -0.51724136 -17.64321867980729
21.172413 -0.68965518 -17.634181731390754
21.172413 -0.86206895 -17.621775086223472
21.172413 -1.0344827 -17.604489856464436
21.172413 -1.2068965 -17.580389644541537
21.172413 -1.3793104 -17.54713432379866
21.172413 -1.5517242 -17.502141066759023
21.172413 -1.7241379 -17.442925159538884
21.172413 -1.8965517 -17.367583717723832
21.172413 -2.0689654 -17.275265609540497
21.172413 -2.2413793 -17.166406546162197
21.172413 -2.4137931 -17.04260197810849
21.172413 -2.5862069 -16.9061865745564
21.172413 -2.7586207 -16.759732078191483
21.172413 -2.9310346 -16.605651078973104
21.172413 -3.1034484 -16.445981100720797
21.172413 -3.275862 -16.282323010719118
21.172413 -3.4482758 -16.115873031732356
21.172413 -3.6206896 -15.947495592044039
21.172413 -3.7931035 -15.777800188375835
21.172413 -3.9655173 -15.607210069209879
21.172413 -4.1379309 -15.436015666578214
21.172413 -4.3103447 -15.264414296688834
21.172413 -4.4827585 -15.092540069458162
21.172413 -4.6551723 -14.92048332744777
21.172413 -4.8275862 -14.74830473827311
21.172413 -5.0 -14.576045276829113

21.517242 0.0 -17.674735743100854
21.517242 -0.1724138 -17.66766855760589
21.517242 -0.34482759 -17.660256304938272
21.517242 -0.51724136 -17.651816741968954
21.517242 -0.68965518 -17.641456586519993
21.517242 -0.86206895 -17.62799206059261
21.517242 -1.0344827 -17.60986878313814
21.517242 -1.2068965 -17.585108349992932
21.517242 -1.3793104 -17.551330157359263
21.517242 -1.5517242 -17.505911680445827
21.517242 -1.7241379 -17.446330770157005
21.517242 -1.8965517 -17.37065328727105
21.517242 -2.0689654 -17.278007670409572
21.517242 -2.2413793 -17.168822256803765
21.517242 -2.4137931 -17.04469603302444
21.517242 -2.5862069 -16.907972794850977
21.517242 -2.7586207 -16.761233650832978
21.517242 -2.9310346 -16.60689763752279
21.517242 -3.1034484 -16.447005038758615
21.517242 -3.275862 -16.28315645049476
21.517242 -3.4482758 -16.116545882261338
21.517242 -3.6206896 -15.948034578017603
21.517242 -3.7931035 -15.778228553254205
21.517242 -3.9655173 -15.607547677667217
21.517242 -4.1379309 -15.43627930621864
21.517242 -4.3103447 -15.264618054510748
21.517242 -4.4827585 -15.092695713169583
21.517242 -4.6551723 -14.920600655151338
21.517242 -4.8275862 -14.74839188174256
21.517242 -5.0 -14.57610895473801

21.862068 0.0 -17.705938274079188
21.862068 -0.1724138 -17.693825451686035
21.862068 -0.34482759 -17.682226034671572
21.862068 -0.51724136 -17.670343743939508
21.862068 -0.68965518 -17.657181103099468
21.862068 -0.86206895 -17.64145931908702
21.862068 -1.0344827 -17.62153587551961
21.862068 -1.2068965 -17.595347829623872
21.862068 -1.3793104 -17.560430608982053
21.862068 -1.5517242 -17.514077654719163
21.862068 -1.7241379 -17.453686849719347
21.862068 -1.8965517 -17.377257490929587
21.862068 -2.0689654 -17.28387548267234
21.862068 -2.2413793 -17.17395550888077
21.862068 -2.4137931 -17.04910664823019
21.862068 -2.5862069 -16.91169440938867
21.862068 -2.7586207 -16.76432132371599
21.862068 -2.9310346 -16.609420764977806
21.862068 -3.1034484 -16.449038851567742
21.862068 -3.275862 -16.284775186642715
21.862068 -3.4482758 -16.117818495324368
21.862068 -3.6206896 -15.949022635538828
21.862068 -3.7931035 -15.778985618807736
21.862068 -3.9655173 -15.60811954489215
21.862068 -4.1379309 -15.436704634913822
21.862068 -4.3103447 -15.26492913593244
21.862068 -4.4827585 -15.092919220621127
21.862068 -4.6551723 -14.920758319594121
21.862068 -4.8275862 -14.748501089587306
21.862068 -5.0 -14.576183295015602

22.206898 0.0 -17.769021963529998
22.206898 -0.1724138 -17.747432607737654
22.206898 -0.34482759 -17.72774916860369
22.206898 -0.51724136 -17.70906683846197
22.206898 -0.68965518 -17.69026271475869
22.206898 -0.86206895 -17.669922934719022
22.206898 -1.0344827 -17.646262654468764
22.206898 -1.2068965 -17.617068138038217
22.206898 -1.3793104 -17.5797137641223
22.206898 -1.5517242 -17.53132442591369
22.206898 -1.7241379 -17.469134760460083
22.206898 -1.8965517 -17.39100967161998
22.206898 -2.0689654 -17.295954358939248
22.206898 -2.2413793 -17.18436645618571
22.206898 -2.4137931 -17.05788817501311
22.206898 -2.5862069 -16.918939798844352
22.206898 -2.7586207 -16.77017374341329
22.206898 -2.9310346 -16.61405443463985
22.206898 -3.1034484 -16.45263848899343
22.206898 -3.275862 -16.28752020803221
22.206898 -3.4482758 -16.119873344150083
22.206898 -3.6206896 -15.950532083836801
22.206898 -3.7931035 -15.780073296982204
22.206898 -3.9655173 -15.60888829477779
22.206898 -4.1379309 -15.437237804730135
22.206898 -4.3103447 -15.265292386547817
22.206898 -4.4827585 -15.093162680514077
22.206898 -4.6551723 -14.920919010434044
22.206898 -4.8275862 -14.748605505721276
22.206898 -5.0 -14.57624993104468

22.551723 0.0 -17.885210697549066
22.551723 -0.1724138 -17.84866878440624
22.551723 -0.34482759 -17.815550007000848
22.551723 -0.51724136 -17.785037568073022
22.551723 -0.68965518 -17.756023423742707
22.551723 -0.86206895 -17.727033296057968
22.551723 -1.0344827 -17.6961506683198
22.551723 -1.2068965 -17.66096346003077
22.551723 -1.3793104 -17.618588199551503
22.551723 -1.5517242 -17.56585145328875
22.551723 -1.7241379 -17.499690560294372
22.551723 -1.8965517 -17.417736490496605
22.551723 -2.0689654 -17.318881347102984
22.551723 -2.2413793 -17.20354541487964
22.551723 -2.4137931 -17.073487895909988
22.551723 -2.5862069 -16.93127014722399
22.551723 -2.7586207 -16.779652604527744
22.551723 -2.9310346 -16.621150992306312
22.551723 -3.1034484 -16.457820278341757
22.551723 -3.275862 -16.2912159405034
22.551723 -3.4482758 -16.122452286235774
22.551723 -3.6206896 -15.952296338984405
22.551723 -3.7931035 -15.781258946220113
22.551723 -3.9655173 -15.609672230947448
22.551723 -4.1379309 -15.437747769238115
22.551723 -4.3103447 -15.265618059483815
22.551723 -4.4827585 -15.093365997856925
22.551723 -4.6551723 -14.921042492148963
22.551723 -4.8275862 -14.748678228064074
22.551723 -5.0 -14.5762915042387

22.896551 0.0 -18.0727383866823
22.896551 -0.1724138 -18.016463730552964
22.896551 -0.34482759 -17.965059100664465
22.896551 -0.51724136 -17.917665819190127
22.896551 -0.68965518 -17.873252659595355
22.896551 -0.86206895 -17.83043876526767
22.896551 -1.0344827 -17.787321056743874
22.896551 -1.2068965 -17.741359155765654
22.896551 -1.3793104 -17.689385525192098
22.896551 -1.5517242 -17.627833062731543
22.896551 -1.7241379 -17.553248228839234
22.896551 -1.8965517 -17.463022777041843
22.896551 -2.0689654 -17.356065259446204
22.896551 -2.2413793 -17.233045951972894
22.896551 -2.4137931 -17.0960664908377
22.896551 -2.5862069 -16.947961788517738
22.896551 -2.7586207 -16.791608408605903
22.896551 -2.9310346 -16.629481253904537
22.896551 -3.1034484 -16.463488858557717
22.896551 -3.275862 -16.294995000279695
22.896551 -3.4482758 -16.124923702264475
22.896551 -3.6206896 -15.953879894460778
22.896551 -3.7931035 -15.782249614170201
22.896551 -3.9655173 -15.610274697606329
22.896551 -4.1379309 -15.438102899966164
22.896551 -4.3103447 -15.2658212086833
22.896551 -4.4827585 -15.093479590387481
22.896551 -4.6551723 -14.921105373215104
22.896551 -4.8275862 -14.748713154760303
22.896551 -5.0 -14.576311088781273

23.241379 0.0 -18.350012257850693
23.241379 -0.1724138 -18.26716222950114
23.241379 -0.34482759 -18.190393485611402
23.241379 -0.51724136 -18.119517627736972
23.241379 -0.68965518 -18.05354516090863
23.241379 -0.86206895 -17.99087605819467
23.241379 -1.0344827 -17.929331228356844
23.241379 -1.2068965 -17.866073071193508
23.241379 -1.3793104 -17.79759839910651
23.241379 -1.5517242 -17.72002109447035
23.241379 -1.7241379 -17.629750073442118
23.241379 -1.8965517 -17.5243904458202
23.241379 -2.0689654 -17.403407073562192
23.241379 -2.2413793 -17.268125605311337
23.241379 -2.4137931 -17.121092325547124
23.241379 -2.5862069 -16.96522191066115
23.241379 -2.7586207 -16.80315992564418
23.241379 -2.9310346 -16.636995440862314
23.241379 -3.1034484 -16.468235495484446
23.241379 -3.275862 -16.297899927353033
23.241379 -3.4482758 -16.1266434605149
23.241379 -3.6206896 -15.954866761648944
23.241379 -3.7931035 -15.782802739583458
23.241379 -3.9655173 -15.61058143160471
23.241379 -4.1379309 -15.43827348189883
23.241379 -4.3103447 -15.265916932395388
23.241379 -4.4827585 -15.093533463706532
23.241379 -4.6551723 -14.92113533185249
23.241379 -4.8275862 -14.748729378744859
23.241379 -5.0 -14.576319594191292

23.586206 0.0 -18.682331378650016
23.586206 -0.1724138 -18.584331255594382
23.586206 -0.34482759 -18.487220048231176
23.586206 -0.51724136 -18.391558700954803
23.586206 -0.68965518 -18.298261014254955
23.586206 -0.86206895 -18.207530686379116
23.586206 -1.0344827 -18.11827077326386
23.586206 -1.2068965 -18.028029553029288
23.586206 -1.3793104 -17.93335730811614
23.586206 -1.5517242 -17.83051028668154
23.586206 -1.7241379 -17.716408938188746
23.586206 -1.8965517 -17.589518351440365
23.586206 -2.0689654 -17.450180581521092
23.586206 -2.2413793 -17.300223764389184
23.586206 -2.4137931 -17.14216497088456
23.586206 -2.5862069 -16.978475463783006
23.586206 -2.7586207 -16.811162691869793
23.586206 -2.9310346 -16.641656224070875
23.586206 -3.1034484 -16.47087758206546
23.586206 -3.275862 -16.29937759502696
23.586206 -3.4482758 -16.12747009958078
23.586206 -3.6206896 -15.955332347052414
23.586206 -3.7931035 -15.783065312067817
23.586206 -3.9655173 -15.610727613446869
23.586206 -4.1379309 -15.438352703651429
23.586206 -4.3103447 -15.26595848770428
23.586206 -4.4827585 -15.093554697444395
23.586206 -4.6551723 -14.921146079715605
23.586206 -4.8275862 -14.748734867808729
23.586206 -5.0 -14.576322442955043

23.931034 0.0 -19.018025335950817
23.931034 -0.1724138 -18.892274809260226
23.931034 -0.34482759 -18.77125962984415
23.931034 -0.51724136 -18.653931110837107
23.931034 -0.68965518 -18.5383729363859
23.931034 -0.86206895 -18.422717340694163
23.931034 -1.0344827 -18.305417624639606
23.931034 -1.2068965 -18.184933121969628
23.931034 -1.3793104 -18.059443688343002
23.931034 -1.5517242 -17.927077581720763
23.931034 -1.7241379 -17.78655353726374
23.931034 -1.8965517 -17.637715458596197
23.931034 -2.0689654 -17.481537666264273
23.931034 -2.2413793 -17.319645485043722
23.931034 -2.4137931 -17.153733988225742
23.931034 -2.5862069 -16.985196577014342
23.931034 -2.7586207 -16.815024821008222
23.931034 -2.9310346 -16.64386855072229
23.931034 -3.1034484 -16.472137343615007
23.931034 -3.275862 -16.30008277356027
23.931034 -3.4482758 -16.127853610446518
23.931034 -3.6206896 -15.955534068688724
23.931034 -3.7931035 -15.783168628847424
23.931034 -3.9655173 -15.610780010293139
23.931034 -4.1379309 -15.438379501190797
23.931034 -4.3103447 -15.265972407665632
23.931034 -4.4827585 -15.093561968765377
23.931034 -4.6551723 -14.921149828413801
23.931034 -4.8275862 -14.748736751172764
23.931034 -5.0 -14.576323368233208

24.275862 0.0 -19.30627968021678
24.275862 -0.1724138 -19.162207360593516
24.275862 -0.34482759 -19.016584982663655
24.275862 -0.51724136 -18.870091201441905
24.275862 -0.68965518 -18.723761260905373
24.275862 -0.86206895 -18.57800229758821
24.275862 -1.0344827 -18.432246388121946
24.275862 -1.2068965 -18.285232823358292
24.275862 -1.3793104 -18.135541700869197
24.275862 -1.5517242 -17.982070334851258
24.275862 -1.7241379 -17.824321695916254
24.275862 -1.8965517 -17.66245451045353
24.275862 -2.0689654 -17.497110364122314
24.275862 -2.2413793 -17.329136220235522
24.275862 -2.4137931 -17.159350983912688
24.275862 -2.5862069 -16.988416911504217
24.275862 -2.7586207 -16.816805416558427
24.275862 -2.9310346 -16.644817633695585
24.275862 -3.1034484 -16.472628997031453
24.275862 -3.275862 -16.300334452847206
24.275862 -3.4482758 -16.127983208044395
24.275862 -3.6206896 -15.95560167715852
24.275862 -3.7931035 -15.78320403061292
24.275862 -3.9655173 -15.610798287194854
24.275862 -4.1379309 -15.438388692696455
24.275862 -4.3103447 -15.26597692706883
24.275862 -4.4827585 -15.093564185346711
24.275862 -4.6551723 -14.921150940302416
24.275862 -4.8275862 -14.748737327624255
24.275862 -5.0 -14.57632367289114

24.620689 0.0 -19.470874337537396
24.620689 -0.1724138 -19.30909412587829
24.620689 -0.34482759 -19.147614152844454
24.620689 -0.51724136 -18.986607959959517
24.620689 -0.68965518 -18.82570356122785
24.620689 -0.86206895 -18.664434974186626
24.620689 -1.0344827 -18.502476706739827
24.620689 -1.2068965 -18.339584217771673
24.620689 -1.3793104 -18.175482395469192
24.620689 -1.5517242 -18.00989748704526
24.620689 -1.7241379 -17.842691237530996
24.620689 -1.8965517 -17.673947614441495
24.620689 -2.0689654 -17.503937612715404
24.620689 -2.2413793 -17.3330051374139
24.620689 -2.4137931 -17.16146350430988
24.620689 -2.5862069 -16.989545628693143
24.620689 -2.7586207 -16.81740502811594
24.620689 -2.9310346 -16.645136677005386
24.620689 -3.1034484 -16.472797961114747
24.620689 -3.275862 -16.300422274372544
24.620689 -3.4482758 -16.128027586818604
24.620689 -3.6206896 -15.95562358546941
24.620689 -3.7931035 -15.783214811600901
24.620689 -3.9655173 -15.61080370842518
24.620689 -4.1379309 -15.438391507478666
24.620689 -4.3103447 -15.265978415844073
24.620689 -4.4827585 -15.093564967374453
24.620689 -4.6551723 -14.921151341021472
24.620689 -4.8275862 -14.748737527822305
24.620689 -5.0 -14.576323771912476

24.965517 0.0 -19.538641807629745
24.965517 -0.1724138 -19.371420601914647
24.965517 -0.34482759 -19.203677627175903
24.965517 -0.51724136 -19.035352700402928
24.965517 -0.68965518 -18.866618273371117
24.965517 -0.86206895 -18.697682525401124
24.965517 -1.0344827 -18.528624863771523
24.965517 -1.2068965 -18.359369903129934
24.965517 -1.3793104 -18.189763805059222
24.965517 -1.5517242 -18.019668848180682
24.965517 -1.7241379 -17.84902314690315
24.965517 -1.8965517 -17.67785340854267
24.965517 -2.0689654 -17.506250589649362
24.965517 -2.2413793 -17.334329590135383
24.965517 -2.4137931 -17.162198140881905
24.965517 -2.5862069 -16.989939231444716
24.965517 -2.7586207 -16.817608540513962
24.965517 -2.9310346 -16.645239103534674
24.965517 -3.1034484 -16.472849178586735
24.965517 -3.275862 -16.30044833242845
24.965517 -3.4482758 -16.128041213146734
24.965517 -3.6206896 -15.955630819409233
24.965517 -3.7931035 -15.783218618948977
24.965517 -3.9655173 -15.61080566192559
24.965517 -4.1379309 -15.438392484507848
24.965517 -4.3103447 -15.265978899541803
24.965517 -4.4827585 -15.093565209240612
24.965517 -4.6551723 -14.921151464294754
24.965517 -4.8275862 -14.748737591193526
24.965517 -5.0 -14.576323804065103

25.310345 0.0 -19.564200006953463
25.310345 -0.1724138 -19.39309432280632
25.310345 -0.34482759 -19.221968943339892
25.310345 -0.51724136 -19.050885618085964
25.310345 -0.68965518 -18.879827432472087
25.310345 -0.86206895 -18.708732317669718
25.310345 -1.0344827 -18.53753943326963
25.310345 -1.2068965 -18.36620862756274
25.310345 -1.3793104 -18.19471417448768
25.310345 -1.5517242 -18.02303912524155
25.310345 -1.7241379 -17.851180342422595
25.310345 -1.8965517 -17.67915448873079
25.310345 -2.0689654 -17.506994605630474
25.310345 -2.2413793 -17.334737930166956
25.310345 -2.4137931 -17.162417322066645
25.310345 -2.5862069 -16.990056615119684
25.310345 -2.7586207 -16.817671883035107
25.310345 -2.9310346 -16.645273302479204
25.310345 -3.1034484 -16.472867346202474
25.310345 -3.275862 -16.300457713818467
25.310345 -3.4482758 -16.12804593019214
25.310345 -3.6206896 -15.955633165111152
25.310345 -3.7931035 -15.783219795798555
25.310345 -3.9655173 -15.610806263006852
25.310345 -4.1379309 -15.43839279387092
25.310345 -4.3103447 -15.265979056608021
25.310345 -4.4827585 -15.093565286669744
25.310345 -4.6551723 -14.921151501401582
25.310345 -4.8275862 -14.748737608830002
25.310345 -5.0 -14.57632381261738

25.655172 0.0 -19.572562166243326
25.655172 -0.1724138 -19.400563315889062
25.655172 -0.34482759 -19.228579706827727
25.655172 -0.51724136 -19.056581539698218
25.655172 -0.68965518 -18.884558183492352
25.655172 -0.86206895 -18.71251444549444
25.655172 -1.0344827 -18.540454504355093
25.655172 -1.2068965 -18.368372146359413
25.655172 -1.3793104 -18.196252920581816
25.655172 -1.5517242 -18.024082836315003
25.655172 -1.7241379 -17.851855030077477
25.655172 -1.8965517 -17.679571836017725
25.655172 -2.0689654 -17.507242987045135
25.655172 -2.2413793 -17.334880492137376
25.655172 -2.4137931 -17.1624961295501
25.655172 -2.5862069 -16.99009855487841
25.655172 -2.7586207 -16.817693516063876
25.655172 -2.9310346 -16.645284291659973
25.655172 -3.1034484 -16.4728729475469
25.655172 -3.275862 -16.300460603674857
25.655172 -3.4482758 -16.12804742596278
25.655172 -3.6206896 -15.95563392698737
25.655172 -3.7931035 -15.783220172228292
25.655172 -3.9655173 -15.610806443745524
25.655172 -4.1379309 -15.438392879912302
25.655172 -4.3103447 -15.26597909838208
25.655172 -4.4827585 -15.093565307667012
25.655172 -4.6551723 -14.921151512190137
25.655172 -4.8275862 -14.748737614330162
25.655172 -5.0 -14.576323815332733

26.0 0.0 -19.575291140212624
26.0 -0.1724138 -19.402981498934853
26.0 -0.34482759 -19.230659535107275
26.0 -0.51724136 -19.05833798460239
26.0 -0.68965518 -18.88602443946461
26.0 -0.86206895 -18.71371842236888
26.0 -1.0344827 -18.541413835793236
26.0 -1.2068965 -18.369103249792715
26.0 -1.3793104 -18.19678039165109
26.0 -1.5517242 -18.024441273966787
26.0 -1.7241379 -17.852084293428035
26.0 -1.8965517 -17.679710359698284
26.0 -2.0689654 -17.507322731574938
26.0 -2.2413793 -17.334924824811043
26.0 -2.4137931 -17.1625202855339
26.0 -2.5862069 -16.990111566351235
26.0 -2.7586207 -16.81770042235437
26.0 -2.9310346 -16.645287863065853
26.0 -3.1034484 -16.47287473142566
26.0 -3.275862 -16.300461468074914
26.0 -3.4482758 -16.12804784068991
26.0 -3.6206896 -15.95563412953593
26.0 -3.7931035 -15.783220274413873
26.0 -3.9655173 -15.610806496350769
26.0 -4.1379309 -15.43839290675779
26.0 -4.3103447 -15.265979111643766
26.0 -4.4827585 -15.093565313976095
26.0 -4.6551723 -14.921151515125977
26.0 -4.8275862 -14.748737615706075
26.0 -5.0 -14.576323815998396
