#    100
#    LPEN=  0.1665D+45     LGRV=  0.1666D+45     LSOF=  0.1326D+45   LREF=  0.1064D+45   A=  0.2058D+01   LREF/LSOF=  0.8023D+00   Lamda_Tau=  0.1000D+01   Lamda_U=  0.1000D+01
#      log nu     log(Fnu)   log(Fnu)s  log(nu*F)  log(nu*F)s
  0.1335E+02  0.2384E+02  0.2391E+02  0.3689E+02  0.3696E+02
  0.1352E+02  0.2409E+02  0.2419E+02  0.3731E+02  0.3741E+02
  0.1370E+02  0.2448E+02  0.2458E+02  0.3788E+02  0.3798E+02
  0.1388E+02  0.2488E+02  0.2497E+02  0.3846E+02  0.3855E+02
  0.1405E+02  0.2522E+02  0.2532E+02  0.3897E+02  0.3907E+02
  0.1423E+02  0.2556E+02  0.2566E+02  0.3948E+02  0.3958E+02
  0.1440E+02  0.2591E+02  0.2600E+02  0.4001E+02  0.4010E+02
  0.1458E+02  0.2623E+02  0.2633E+02  0.4050E+02  0.4061E+02
  0.1475E+02  0.2656E+02  0.2666E+02  0.4101E+02  0.4111E+02
  0.1493E+02  0.2687E+02  0.2698E+02  0.4149E+02  0.4160E+02
  0.1510E+02  0.2716E+02  0.2727E+02  0.4196E+02  0.4207E+02
  0.1528E+02  0.2742E+02  0.2754E+02  0.4240E+02  0.4251E+02
  0.1545E+02  0.2763E+02  0.2775E+02  0.4278E+02  0.4290E+02
  0.1563E+02  0.2777E+02  0.2790E+02  0.4309E+02  0.4322E+02
  0.1580E+02  0.2780E+02  0.2793E+02  0.4330E+02  0.4343E+02
  0.1598E+02  0.2771E+02  0.2783E+02  0.4339E+02  0.4351E+02
  0.1615E+02  0.2749E+02  0.2758E+02  0.4334E+02  0.4343E+02
  0.1633E+02  0.2715E+02  0.2713E+02  0.4318E+02  0.4316E+02
  0.1650E+02  0.2677E+02  0.2640E+02  0.4297E+02  0.4260E+02
  0.1668E+02  0.2647E+02  0.2522E+02  0.4285E+02  0.4160E+02
  0.1685E+02  0.2623E+02  0.2344E+02  0.4279E+02  0.3999E+02
  0.1703E+02  0.2602E+02 -0.9999E+03  0.4275E+02 -0.9999E+03
  0.1720E+02  0.2580E+02 -0.9999E+03  0.4270E+02 -0.9999E+03
  0.1738E+02  0.2558E+02 -0.9999E+03  0.4265E+02 -0.9999E+03
  0.1756E+02  0.2535E+02 -0.9999E+03  0.4261E+02 -0.9999E+03
  0.1773E+02  0.2512E+02 -0.9999E+03  0.4255E+02 -0.9999E+03
  0.1791E+02  0.2490E+02 -0.9999E+03  0.4250E+02 -0.9999E+03
  0.1808E+02  0.2468E+02 -0.9999E+03  0.4246E+02 -0.9999E+03
  0.1826E+02  0.2444E+02 -0.9999E+03  0.4239E+02 -0.9999E+03
  0.1843E+02  0.2423E+02 -0.9999E+03  0.4236E+02 -0.9999E+03
  0.1861E+02  0.2399E+02 -0.9999E+03  0.4230E+02 -0.9999E+03
  0.1878E+02  0.2377E+02 -0.9999E+03  0.4225E+02 -0.9999E+03
  0.1896E+02  0.2353E+02 -0.9999E+03  0.4218E+02 -0.9999E+03
  0.1913E+02  0.2329E+02 -0.9999E+03  0.4212E+02 -0.9999E+03
  0.1931E+02  0.2301E+02 -0.9999E+03  0.4202E+02 -0.9999E+03
  0.1948E+02  0.2276E+02 -0.9999E+03  0.4194E+02 -0.9999E+03
  0.1966E+02  0.2249E+02 -0.9999E+03  0.4185E+02 -0.9999E+03
  0.1983E+02  0.2207E+02 -0.9999E+03  0.4160E+02 -0.9999E+03
  0.2001E+02  0.2152E+02 -0.9999E+03  0.4123E+02 -0.9999E+03
  0.2018E+02  0.2070E+02 -0.9999E+03  0.4059E+02 -0.9999E+03
  0.2036E+02  0.1872E+02 -0.9999E+03  0.3877E+02 -0.9999E+03
  0.2053E+02 -0.9999E+03 -0.9999E+03 -0.9999E+03 -0.9999E+03
  0.2071E+02 -0.9999E+03 -0.9999E+03 -0.9999E+03 -0.9999E+03
  0.2089E+02 -0.9999E+03 -0.9999E+03 -0.9999E+03 -0.9999E+03
  0.2106E+02 -0.9999E+03 -0.9999E+03 -0.9999E+03 -0.9999E+03
  0.2124E+02 -0.9999E+03 -0.9999E+03 -0.9999E+03 -0.9999E+03
  0.2141E+02 -0.9999E+03 -0.9999E+03 -0.9999E+03 -0.9999E+03
  0.2159E+02 -0.9999E+03 -0.9999E+03 -0.9999E+03 -0.9999E+03
  0.2176E+02 -0.9999E+03 -0.9999E+03 -0.9999E+03 -0.9999E+03
  0.2194E+02 -0.9999E+03 -0.9999E+03 -0.9999E+03 -0.9999E+03
  0.2211E+02 -0.9999E+03 -0.9999E+03 -0.9999E+03 -0.9999E+03
  0.2229E+02 -0.9999E+03 -0.9999E+03 -0.9999E+03 -0.9999E+03
  0.2246E+02 -0.9999E+03 -0.9999E+03 -0.9999E+03 -0.9999E+03
  0.2264E+02 -0.9999E+03 -0.9999E+03 -0.9999E+03 -0.9999E+03
  0.2281E+02 -0.9999E+03 -0.9999E+03 -0.9999E+03 -0.9999E+03
  0.2299E+02 -0.9999E+03 -0.9999E+03 -0.9999E+03 -0.9999E+03
  0.2316E+02 -0.9999E+03 -0.9999E+03 -0.9999E+03 -0.9999E+03
  0.2334E+02 -0.9999E+03 -0.9999E+03 -0.9999E+03 -0.9999E+03
  0.2351E+02 -0.9999E+03 -0.9999E+03 -0.9999E+03 -0.9999E+03
  0.2369E+02 -0.9999E+03 -0.9999E+03 -0.9999E+03 -0.9999E+03
  0.2386E+02 -0.9999E+03 -0.9999E+03 -0.9999E+03 -0.9999E+03
  0.2404E+02 -0.9999E+03 -0.9999E+03 -0.9999E+03 -0.9999E+03
  0.2421E+02 -0.9999E+03 -0.9999E+03 -0.9999E+03 -0.9999E+03
  0.2439E+02 -0.9999E+03 -0.9999E+03 -0.9999E+03 -0.9999E+03
  0.2457E+02 -0.9999E+03 -0.9999E+03 -0.9999E+03 -0.9999E+03
  0.2474E+02 -0.9999E+03 -0.9999E+03 -0.9999E+03 -0.9999E+03
  0.2492E+02 -0.9999E+03 -0.9999E+03 -0.9999E+03 -0.9999E+03
  0.2509E+02 -0.9999E+03 -0.9999E+03 -0.9999E+03 -0.9999E+03
  0.2527E+02 -0.9999E+03 -0.9999E+03 -0.9999E+03 -0.9999E+03
  0.2544E+02 -0.9999E+03 -0.9999E+03 -0.9999E+03 -0.9999E+03
  0.2562E+02 -0.9999E+03 -0.9999E+03 -0.9999E+03 -0.9999E+03
  0.2579E+02 -0.9999E+03 -0.9999E+03 -0.9999E+03 -0.9999E+03
  0.2597E+02 -0.9999E+03 -0.9999E+03 -0.9999E+03 -0.9999E+03
  0.2614E+02 -0.9999E+03 -0.9999E+03 -0.9999E+03 -0.9999E+03
  0.2632E+02 -0.9999E+03 -0.9999E+03 -0.9999E+03 -0.9999E+03
  0.2649E+02 -0.9999E+03 -0.9999E+03 -0.9999E+03 -0.9999E+03
  0.2667E+02 -0.9999E+03 -0.9999E+03 -0.9999E+03 -0.9999E+03
  0.2684E+02 -0.9999E+03 -0.9999E+03 -0.9999E+03 -0.9999E+03
  0.2702E+02 -0.9999E+03 -0.9999E+03 -0.9999E+03 -0.9999E+03
  0.2719E+02 -0.9999E+03 -0.9999E+03 -0.9999E+03 -0.9999E+03
  0.2737E+02 -0.9999E+03 -0.9999E+03 -0.9999E+03 -0.9999E+03
  0.2754E+02 -0.9999E+03 -0.9999E+03 -0.9999E+03 -0.9999E+03
  0.2772E+02 -0.9999E+03 -0.9999E+03 -0.9999E+03 -0.9999E+03
  0.2790E+02 -0.9999E+03 -0.9999E+03 -0.9999E+03 -0.9999E+03
  0.2807E+02 -0.9999E+03 -0.9999E+03 -0.9999E+03 -0.9999E+03
  0.2825E+02 -0.9999E+03 -0.9999E+03 -0.9999E+03 -0.9999E+03
  0.2842E+02 -0.9999E+03 -0.9999E+03 -0.9999E+03 -0.9999E+03
  0.2860E+02 -0.9999E+03 -0.9999E+03 -0.9999E+03 -0.9999E+03
  0.2877E+02 -0.9999E+03 -0.9999E+03 -0.9999E+03 -0.9999E+03
  0.2895E+02 -0.9999E+03 -0.9999E+03 -0.9999E+03 -0.9999E+03
  0.2912E+02 -0.9999E+03 -0.9999E+03 -0.9999E+03 -0.9999E+03
  0.2930E+02 -0.9999E+03 -0.9999E+03 -0.9999E+03 -0.9999E+03
  0.2947E+02 -0.9999E+03 -0.9999E+03 -0.9999E+03 -0.9999E+03
  0.2965E+02 -0.9999E+03 -0.9999E+03 -0.9999E+03 -0.9999E+03
  0.2982E+02 -0.9999E+03 -0.9999E+03 -0.9999E+03 -0.9999E+03
  0.3000E+02 -0.9999E+03 -0.9999E+03 -0.9999E+03 -0.9999E+03
  0.3017E+02 -0.9999E+03 -0.9999E+03 -0.9999E+03 -0.9999E+03
  0.3035E+02 -0.9999E+03 -0.9999E+03 -0.9999E+03 -0.9999E+03
  0.3052E+02 -0.9999E+03 -0.9999E+03 -0.9999E+03 -0.9999E+03
  0.3070E+02 -0.9999E+03 -0.9999E+03 -0.9999E+03 -0.9999E+03
