#    100
#    LPEN=  0.8325D+43     LGRV=  0.8331D+43     LSOF=  0.5918D+43   LREF=  0.5766D+43   A=  0.2381D+01   LREF/LSOF=  0.9743D+00   Lamda_Tau=  0.1000D+01   Lamda_U=  0.1000D+01
#      log nu     log(Fnu)   log(Fnu)s  log(nu*F)  log(nu*F)s
  0.1335E+02  0.2361E+02  0.2372E+02  0.3666E+02  0.3677E+02
  0.1352E+02  0.2386E+02  0.2394E+02  0.3709E+02  0.3716E+02
  0.1370E+02  0.2421E+02  0.2430E+02  0.3761E+02  0.3770E+02
  0.1388E+02  0.2454E+02  0.2463E+02  0.3811E+02  0.3821E+02
  0.1405E+02  0.2487E+02  0.2497E+02  0.3862E+02  0.3872E+02
  0.1423E+02  0.2521E+02  0.2531E+02  0.3913E+02  0.3924E+02
  0.1440E+02  0.2554E+02  0.2564E+02  0.3964E+02  0.3974E+02
  0.1458E+02  0.2585E+02  0.2595E+02  0.4012E+02  0.4023E+02
  0.1475E+02  0.2614E+02  0.2625E+02  0.4059E+02  0.4070E+02
  0.1493E+02  0.2640E+02  0.2652E+02  0.4103E+02  0.4115E+02
  0.1510E+02  0.2662E+02  0.2674E+02  0.4142E+02  0.4154E+02
  0.1528E+02  0.2676E+02  0.2689E+02  0.4174E+02  0.4187E+02
  0.1545E+02  0.2681E+02  0.2694E+02  0.4196E+02  0.4209E+02
  0.1563E+02  0.2672E+02  0.2685E+02  0.4204E+02  0.4217E+02
  0.1580E+02  0.2648E+02  0.2658E+02  0.4199E+02  0.4208E+02
  0.1598E+02  0.2614E+02  0.2611E+02  0.4181E+02  0.4179E+02
  0.1615E+02  0.2576E+02  0.2535E+02  0.4161E+02  0.4120E+02
  0.1633E+02  0.2548E+02  0.2417E+02  0.4151E+02  0.4019E+02
  0.1650E+02  0.2526E+02  0.2223E+02  0.4146E+02  0.3843E+02
  0.1668E+02  0.2505E+02 -0.9999E+03  0.4143E+02 -0.9999E+03
  0.1685E+02  0.2485E+02 -0.9999E+03  0.4140E+02 -0.9999E+03
  0.1703E+02  0.2464E+02 -0.9999E+03  0.4137E+02 -0.9999E+03
  0.1720E+02  0.2443E+02 -0.9999E+03  0.4134E+02 -0.9999E+03
  0.1738E+02  0.2422E+02 -0.9999E+03  0.4130E+02 -0.9999E+03
  0.1756E+02  0.2402E+02 -0.9999E+03  0.4128E+02 -0.9999E+03
  0.1773E+02  0.2382E+02 -0.9999E+03  0.4125E+02 -0.9999E+03
  0.1791E+02  0.2360E+02 -0.9999E+03  0.4120E+02 -0.9999E+03
  0.1808E+02  0.2340E+02 -0.9999E+03  0.4118E+02 -0.9999E+03
  0.1826E+02  0.2322E+02 -0.9999E+03  0.4117E+02 -0.9999E+03
  0.1843E+02  0.2301E+02 -0.9999E+03  0.4114E+02 -0.9999E+03
  0.1861E+02  0.2280E+02 -0.9999E+03  0.4110E+02 -0.9999E+03
  0.1878E+02  0.2259E+02 -0.9999E+03  0.4107E+02 -0.9999E+03
  0.1896E+02  0.2239E+02 -0.9999E+03  0.4104E+02 -0.9999E+03
  0.1913E+02  0.2215E+02 -0.9999E+03  0.4098E+02 -0.9999E+03
  0.1931E+02  0.2194E+02 -0.9999E+03  0.4095E+02 -0.9999E+03
  0.1948E+02  0.2168E+02 -0.9999E+03  0.4087E+02 -0.9999E+03
  0.1966E+02  0.2141E+02 -0.9999E+03  0.4076E+02 -0.9999E+03
  0.1983E+02  0.2100E+02 -0.9999E+03  0.4053E+02 -0.9999E+03
  0.2001E+02  0.2046E+02 -0.9999E+03  0.4017E+02 -0.9999E+03
  0.2018E+02  0.1978E+02 -0.9999E+03  0.3967E+02 -0.9999E+03
  0.2036E+02  0.1934E+02 -0.9999E+03  0.3939E+02 -0.9999E+03
  0.2053E+02  0.1702E+02 -0.9999E+03  0.3726E+02 -0.9999E+03
  0.2071E+02 -0.9999E+03 -0.9999E+03 -0.9999E+03 -0.9999E+03
  0.2089E+02 -0.9999E+03 -0.9999E+03 -0.9999E+03 -0.9999E+03
  0.2106E+02 -0.9999E+03 -0.9999E+03 -0.9999E+03 -0.9999E+03
  0.2124E+02 -0.9999E+03 -0.9999E+03 -0.9999E+03 -0.9999E+03
  0.2141E+02 -0.9999E+03 -0.9999E+03 -0.9999E+03 -0.9999E+03
  0.2159E+02 -0.9999E+03 -0.9999E+03 -0.9999E+03 -0.9999E+03
  0.2176E+02 -0.9999E+03 -0.9999E+03 -0.9999E+03 -0.9999E+03
  0.2194E+02 -0.9999E+03 -0.9999E+03 -0.9999E+03 -0.9999E+03
  0.2211E+02 -0.9999E+03 -0.9999E+03 -0.9999E+03 -0.9999E+03
  0.2229E+02 -0.9999E+03 -0.9999E+03 -0.9999E+03 -0.9999E+03
  0.2246E+02 -0.9999E+03 -0.9999E+03 -0.9999E+03 -0.9999E+03
  0.2264E+02 -0.9999E+03 -0.9999E+03 -0.9999E+03 -0.9999E+03
  0.2281E+02 -0.9999E+03 -0.9999E+03 -0.9999E+03 -0.9999E+03
  0.2299E+02 -0.9999E+03 -0.9999E+03 -0.9999E+03 -0.9999E+03
  0.2316E+02 -0.9999E+03 -0.9999E+03 -0.9999E+03 -0.9999E+03
  0.2334E+02 -0.9999E+03 -0.9999E+03 -0.9999E+03 -0.9999E+03
  0.2351E+02 -0.9999E+03 -0.9999E+03 -0.9999E+03 -0.9999E+03
  0.2369E+02 -0.9999E+03 -0.9999E+03 -0.9999E+03 -0.9999E+03
  0.2386E+02 -0.9999E+03 -0.9999E+03 -0.9999E+03 -0.9999E+03
  0.2404E+02 -0.9999E+03 -0.9999E+03 -0.9999E+03 -0.9999E+03
  0.2421E+02 -0.9999E+03 -0.9999E+03 -0.9999E+03 -0.9999E+03
  0.2439E+02 -0.9999E+03 -0.9999E+03 -0.9999E+03 -0.9999E+03
  0.2457E+02 -0.9999E+03 -0.9999E+03 -0.9999E+03 -0.9999E+03
  0.2474E+02 -0.9999E+03 -0.9999E+03 -0.9999E+03 -0.9999E+03
  0.2492E+02 -0.9999E+03 -0.9999E+03 -0.9999E+03 -0.9999E+03
  0.2509E+02 -0.9999E+03 -0.9999E+03 -0.9999E+03 -0.9999E+03
  0.2527E+02 -0.9999E+03 -0.9999E+03 -0.9999E+03 -0.9999E+03
  0.2544E+02 -0.9999E+03 -0.9999E+03 -0.9999E+03 -0.9999E+03
  0.2562E+02 -0.9999E+03 -0.9999E+03 -0.9999E+03 -0.9999E+03
  0.2579E+02 -0.9999E+03 -0.9999E+03 -0.9999E+03 -0.9999E+03
  0.2597E+02 -0.9999E+03 -0.9999E+03 -0.9999E+03 -0.9999E+03
  0.2614E+02 -0.9999E+03 -0.9999E+03 -0.9999E+03 -0.9999E+03
  0.2632E+02 -0.9999E+03 -0.9999E+03 -0.9999E+03 -0.9999E+03
  0.2649E+02 -0.9999E+03 -0.9999E+03 -0.9999E+03 -0.9999E+03
  0.2667E+02 -0.9999E+03 -0.9999E+03 -0.9999E+03 -0.9999E+03
  0.2684E+02 -0.9999E+03 -0.9999E+03 -0.9999E+03 -0.9999E+03
  0.2702E+02 -0.9999E+03 -0.9999E+03 -0.9999E+03 -0.9999E+03
  0.2719E+02 -0.9999E+03 -0.9999E+03 -0.9999E+03 -0.9999E+03
  0.2737E+02 -0.9999E+03 -0.9999E+03 -0.9999E+03 -0.9999E+03
  0.2754E+02 -0.9999E+03 -0.9999E+03 -0.9999E+03 -0.9999E+03
  0.2772E+02 -0.9999E+03 -0.9999E+03 -0.9999E+03 -0.9999E+03
  0.2790E+02 -0.9999E+03 -0.9999E+03 -0.9999E+03 -0.9999E+03
  0.2807E+02 -0.9999E+03 -0.9999E+03 -0.9999E+03 -0.9999E+03
  0.2825E+02 -0.9999E+03 -0.9999E+03 -0.9999E+03 -0.9999E+03
  0.2842E+02 -0.9999E+03 -0.9999E+03 -0.9999E+03 -0.9999E+03
  0.2860E+02 -0.9999E+03 -0.9999E+03 -0.9999E+03 -0.9999E+03
  0.2877E+02 -0.9999E+03 -0.9999E+03 -0.9999E+03 -0.9999E+03
  0.2895E+02 -0.9999E+03 -0.9999E+03 -0.9999E+03 -0.9999E+03
  0.2912E+02 -0.9999E+03 -0.9999E+03 -0.9999E+03 -0.9999E+03
  0.2930E+02 -0.9999E+03 -0.9999E+03 -0.9999E+03 -0.9999E+03
  0.2947E+02 -0.9999E+03 -0.9999E+03 -0.9999E+03 -0.9999E+03
  0.2965E+02 -0.9999E+03 -0.9999E+03 -0.9999E+03 -0.9999E+03
  0.2982E+02 -0.9999E+03 -0.9999E+03 -0.9999E+03 -0.9999E+03
  0.3000E+02 -0.9999E+03 -0.9999E+03 -0.9999E+03 -0.9999E+03
  0.3017E+02 -0.9999E+03 -0.9999E+03 -0.9999E+03 -0.9999E+03
  0.3035E+02 -0.9999E+03 -0.9999E+03 -0.9999E+03 -0.9999E+03
  0.3052E+02 -0.9999E+03 -0.9999E+03 -0.9999E+03 -0.9999E+03
  0.3070E+02 -0.9999E+03 -0.9999E+03 -0.9999E+03 -0.9999E+03
