#    100
#    LPEN=  0.1667D+43     LGRV=  0.1666D+43     LSOF=  0.1182D+43   LREF=  0.1154D+43   A=  0.2387D+01   LREF/LSOF=  0.9761D+00   Lamda_Tau=  0.1000D+01   Lamda_U=  0.1000D+01
#      log nu     log(Fnu)   log(Fnu)s  log(nu*F)  log(nu*F)s
  0.1335E+02  0.2349E+02  0.2358E+02  0.3654E+02  0.3663E+02
  0.1352E+02  0.2368E+02  0.2377E+02  0.3690E+02  0.3699E+02
  0.1370E+02  0.2401E+02  0.2411E+02  0.3741E+02  0.3751E+02
  0.1388E+02  0.2435E+02  0.2444E+02  0.3792E+02  0.3801E+02
  0.1405E+02  0.2468E+02  0.2478E+02  0.3843E+02  0.3853E+02
  0.1423E+02  0.2501E+02  0.2511E+02  0.3893E+02  0.3904E+02
  0.1440E+02  0.2532E+02  0.2543E+02  0.3942E+02  0.3953E+02
  0.1458E+02  0.2561E+02  0.2572E+02  0.3989E+02  0.4000E+02
  0.1475E+02  0.2588E+02  0.2600E+02  0.4033E+02  0.4045E+02
  0.1493E+02  0.2609E+02  0.2622E+02  0.4072E+02  0.4084E+02
  0.1510E+02  0.2624E+02  0.2637E+02  0.4104E+02  0.4117E+02
  0.1528E+02  0.2628E+02  0.2641E+02  0.4126E+02  0.4139E+02
  0.1545E+02  0.2619E+02  0.2632E+02  0.4134E+02  0.4147E+02
  0.1563E+02  0.2596E+02  0.2606E+02  0.4129E+02  0.4139E+02
  0.1580E+02  0.2561E+02  0.2559E+02  0.4111E+02  0.4109E+02
  0.1598E+02  0.2523E+02  0.2483E+02  0.4091E+02  0.4051E+02
  0.1615E+02  0.2495E+02  0.2365E+02  0.4080E+02  0.3950E+02
  0.1633E+02  0.2473E+02  0.2172E+02  0.4076E+02  0.3775E+02
  0.1650E+02  0.2452E+02 -0.9999E+03  0.4073E+02 -0.9999E+03
  0.1668E+02  0.2432E+02 -0.9999E+03  0.4069E+02 -0.9999E+03
  0.1685E+02  0.2411E+02 -0.9999E+03  0.4066E+02 -0.9999E+03
  0.1703E+02  0.2390E+02 -0.9999E+03  0.4063E+02 -0.9999E+03
  0.1720E+02  0.2369E+02 -0.9999E+03  0.4060E+02 -0.9999E+03
  0.1738E+02  0.2350E+02 -0.9999E+03  0.4058E+02 -0.9999E+03
  0.1756E+02  0.2329E+02 -0.9999E+03  0.4054E+02 -0.9999E+03
  0.1773E+02  0.2307E+02 -0.9999E+03  0.4050E+02 -0.9999E+03
  0.1791E+02  0.2287E+02 -0.9999E+03  0.4048E+02 -0.9999E+03
  0.1808E+02  0.2268E+02 -0.9999E+03  0.4046E+02 -0.9999E+03
  0.1826E+02  0.2247E+02 -0.9999E+03  0.4042E+02 -0.9999E+03
  0.1843E+02  0.2228E+02 -0.9999E+03  0.4041E+02 -0.9999E+03
  0.1861E+02  0.2206E+02 -0.9999E+03  0.4036E+02 -0.9999E+03
  0.1878E+02  0.2185E+02 -0.9999E+03  0.4034E+02 -0.9999E+03
  0.1896E+02  0.2162E+02 -0.9999E+03  0.4028E+02 -0.9999E+03
  0.1913E+02  0.2143E+02 -0.9999E+03  0.4027E+02 -0.9999E+03
  0.1931E+02  0.2117E+02 -0.9999E+03  0.4018E+02 -0.9999E+03
  0.1948E+02  0.2096E+02 -0.9999E+03  0.4014E+02 -0.9999E+03
  0.1966E+02  0.2067E+02 -0.9999E+03  0.4002E+02 -0.9999E+03
  0.1983E+02  0.2020E+02 -0.9999E+03  0.3973E+02 -0.9999E+03
  0.2001E+02  0.1984E+02 -0.9999E+03  0.3955E+02 -0.9999E+03
  0.2018E+02  0.1924E+02 -0.9999E+03  0.3913E+02 -0.9999E+03
  0.2036E+02  0.1745E+02 -0.9999E+03  0.3751E+02 -0.9999E+03
  0.2053E+02  0.1717E+02 -0.9999E+03  0.3740E+02 -0.9999E+03
  0.2071E+02 -0.9999E+03 -0.9999E+03 -0.9999E+03 -0.9999E+03
  0.2089E+02 -0.9999E+03 -0.9999E+03 -0.9999E+03 -0.9999E+03
  0.2106E+02 -0.9999E+03 -0.9999E+03 -0.9999E+03 -0.9999E+03
  0.2124E+02 -0.9999E+03 -0.9999E+03 -0.9999E+03 -0.9999E+03
  0.2141E+02 -0.9999E+03 -0.9999E+03 -0.9999E+03 -0.9999E+03
  0.2159E+02 -0.9999E+03 -0.9999E+03 -0.9999E+03 -0.9999E+03
  0.2176E+02 -0.9999E+03 -0.9999E+03 -0.9999E+03 -0.9999E+03
  0.2194E+02 -0.9999E+03 -0.9999E+03 -0.9999E+03 -0.9999E+03
  0.2211E+02 -0.9999E+03 -0.9999E+03 -0.9999E+03 -0.9999E+03
  0.2229E+02 -0.9999E+03 -0.9999E+03 -0.9999E+03 -0.9999E+03
  0.2246E+02 -0.9999E+03 -0.9999E+03 -0.9999E+03 -0.9999E+03
  0.2264E+02 -0.9999E+03 -0.9999E+03 -0.9999E+03 -0.9999E+03
  0.2281E+02 -0.9999E+03 -0.9999E+03 -0.9999E+03 -0.9999E+03
  0.2299E+02 -0.9999E+03 -0.9999E+03 -0.9999E+03 -0.9999E+03
  0.2316E+02 -0.9999E+03 -0.9999E+03 -0.9999E+03 -0.9999E+03
  0.2334E+02 -0.9999E+03 -0.9999E+03 -0.9999E+03 -0.9999E+03
  0.2351E+02 -0.9999E+03 -0.9999E+03 -0.9999E+03 -0.9999E+03
  0.2369E+02 -0.9999E+03 -0.9999E+03 -0.9999E+03 -0.9999E+03
  0.2386E+02 -0.9999E+03 -0.9999E+03 -0.9999E+03 -0.9999E+03
  0.2404E+02 -0.9999E+03 -0.9999E+03 -0.9999E+03 -0.9999E+03
  0.2421E+02 -0.9999E+03 -0.9999E+03 -0.9999E+03 -0.9999E+03
  0.2439E+02 -0.9999E+03 -0.9999E+03 -0.9999E+03 -0.9999E+03
  0.2457E+02 -0.9999E+03 -0.9999E+03 -0.9999E+03 -0.9999E+03
  0.2474E+02 -0.9999E+03 -0.9999E+03 -0.9999E+03 -0.9999E+03
  0.2492E+02 -0.9999E+03 -0.9999E+03 -0.9999E+03 -0.9999E+03
  0.2509E+02 -0.9999E+03 -0.9999E+03 -0.9999E+03 -0.9999E+03
  0.2527E+02 -0.9999E+03 -0.9999E+03 -0.9999E+03 -0.9999E+03
  0.2544E+02 -0.9999E+03 -0.9999E+03 -0.9999E+03 -0.9999E+03
  0.2562E+02 -0.9999E+03 -0.9999E+03 -0.9999E+03 -0.9999E+03
  0.2579E+02 -0.9999E+03 -0.9999E+03 -0.9999E+03 -0.9999E+03
  0.2597E+02 -0.9999E+03 -0.9999E+03 -0.9999E+03 -0.9999E+03
  0.2614E+02 -0.9999E+03 -0.9999E+03 -0.9999E+03 -0.9999E+03
  0.2632E+02 -0.9999E+03 -0.9999E+03 -0.9999E+03 -0.9999E+03
  0.2649E+02 -0.9999E+03 -0.9999E+03 -0.9999E+03 -0.9999E+03
  0.2667E+02 -0.9999E+03 -0.9999E+03 -0.9999E+03 -0.9999E+03
  0.2684E+02 -0.9999E+03 -0.9999E+03 -0.9999E+03 -0.9999E+03
  0.2702E+02 -0.9999E+03 -0.9999E+03 -0.9999E+03 -0.9999E+03
  0.2719E+02 -0.9999E+03 -0.9999E+03 -0.9999E+03 -0.9999E+03
  0.2737E+02 -0.9999E+03 -0.9999E+03 -0.9999E+03 -0.9999E+03
  0.2754E+02 -0.9999E+03 -0.9999E+03 -0.9999E+03 -0.9999E+03
  0.2772E+02 -0.9999E+03 -0.9999E+03 -0.9999E+03 -0.9999E+03
  0.2790E+02 -0.9999E+03 -0.9999E+03 -0.9999E+03 -0.9999E+03
  0.2807E+02 -0.9999E+03 -0.9999E+03 -0.9999E+03 -0.9999E+03
  0.2825E+02 -0.9999E+03 -0.9999E+03 -0.9999E+03 -0.9999E+03
  0.2842E+02 -0.9999E+03 -0.9999E+03 -0.9999E+03 -0.9999E+03
  0.2860E+02 -0.9999E+03 -0.9999E+03 -0.9999E+03 -0.9999E+03
  0.2877E+02 -0.9999E+03 -0.9999E+03 -0.9999E+03 -0.9999E+03
  0.2895E+02 -0.9999E+03 -0.9999E+03 -0.9999E+03 -0.9999E+03
  0.2912E+02 -0.9999E+03 -0.9999E+03 -0.9999E+03 -0.9999E+03
  0.2930E+02 -0.9999E+03 -0.9999E+03 -0.9999E+03 -0.9999E+03
  0.2947E+02 -0.9999E+03 -0.9999E+03 -0.9999E+03 -0.9999E+03
  0.2965E+02 -0.9999E+03 -0.9999E+03 -0.9999E+03 -0.9999E+03
  0.2982E+02 -0.9999E+03 -0.9999E+03 -0.9999E+03 -0.9999E+03
  0.3000E+02 -0.9999E+03 -0.9999E+03 -0.9999E+03 -0.9999E+03
  0.3017E+02 -0.9999E+03 -0.9999E+03 -0.9999E+03 -0.9999E+03
  0.3035E+02 -0.9999E+03 -0.9999E+03 -0.9999E+03 -0.9999E+03
  0.3052E+02 -0.9999E+03 -0.9999E+03 -0.9999E+03 -0.9999E+03
  0.3070E+02 -0.9999E+03 -0.9999E+03 -0.9999E+03 -0.9999E+03
