#    100
#    LPEN=  0.4998D+45     LGRV=  0.4998D+45     LSOF=  0.5015D+45   LREF=  0.1974D+45   A=  0.1390D+01   LREF/LSOF=  0.3937D+00   Lamda_Tau=  0.1000D+01   Lamda_U=  0.1000D+01
#      log nu     log(Fnu)   log(Fnu)s  log(nu*F)  log(nu*F)s
  0.1335E+02  0.2384E+02  0.2395E+02  0.3689E+02  0.3700E+02
  0.1352E+02  0.2413E+02  0.2422E+02  0.3735E+02  0.3744E+02
  0.1370E+02  0.2456E+02  0.2463E+02  0.3796E+02  0.3803E+02
  0.1388E+02  0.2501E+02  0.2509E+02  0.3858E+02  0.3867E+02
  0.1405E+02  0.2536E+02  0.2543E+02  0.3911E+02  0.3918E+02
  0.1423E+02  0.2572E+02  0.2580E+02  0.3964E+02  0.3972E+02
  0.1440E+02  0.2607E+02  0.2614E+02  0.4017E+02  0.4024E+02
  0.1458E+02  0.2641E+02  0.2649E+02  0.4068E+02  0.4076E+02
  0.1475E+02  0.2673E+02  0.2681E+02  0.4118E+02  0.4126E+02
  0.1493E+02  0.2705E+02  0.2714E+02  0.4168E+02  0.4176E+02
  0.1510E+02  0.2736E+02  0.2745E+02  0.4216E+02  0.4225E+02
  0.1528E+02  0.2764E+02  0.2773E+02  0.4262E+02  0.4271E+02
  0.1545E+02  0.2789E+02  0.2799E+02  0.4305E+02  0.4314E+02
  0.1563E+02  0.2809E+02  0.2819E+02  0.4342E+02  0.4352E+02
  0.1580E+02  0.2822E+02  0.2831E+02  0.4372E+02  0.4382E+02
  0.1598E+02  0.2823E+02  0.2833E+02  0.4391E+02  0.4401E+02
  0.1615E+02  0.2814E+02  0.2822E+02  0.4399E+02  0.4407E+02
  0.1633E+02  0.2791E+02  0.2797E+02  0.4394E+02  0.4400E+02
  0.1650E+02  0.2756E+02  0.2754E+02  0.4376E+02  0.4374E+02
  0.1668E+02  0.2708E+02  0.2682E+02  0.4346E+02  0.4320E+02
  0.1685E+02  0.2666E+02  0.2565E+02  0.4321E+02  0.4221E+02
  0.1703E+02  0.2634E+02  0.2391E+02  0.4307E+02  0.4064E+02
  0.1720E+02  0.2605E+02 -0.9999E+03  0.4295E+02 -0.9999E+03
  0.1738E+02  0.2575E+02 -0.9999E+03  0.4283E+02 -0.9999E+03
  0.1756E+02  0.2544E+02 -0.9999E+03  0.4270E+02 -0.9999E+03
  0.1773E+02  0.2514E+02 -0.9999E+03  0.4257E+02 -0.9999E+03
  0.1791E+02  0.2481E+02 -0.9999E+03  0.4242E+02 -0.9999E+03
  0.1808E+02  0.2448E+02 -0.9999E+03  0.4226E+02 -0.9999E+03
  0.1826E+02  0.2419E+02 -0.9999E+03  0.4215E+02 -0.9999E+03
  0.1843E+02  0.2392E+02 -0.9999E+03  0.4205E+02 -0.9999E+03
  0.1861E+02  0.2358E+02 -0.9999E+03  0.4189E+02 -0.9999E+03
  0.1878E+02  0.2315E+02 -0.9999E+03  0.4163E+02 -0.9999E+03
  0.1896E+02  0.2289E+02 -0.9999E+03  0.4155E+02 -0.9999E+03
  0.1913E+02  0.2245E+02 -0.9999E+03  0.4128E+02 -0.9999E+03
  0.1931E+02  0.2208E+02 -0.9999E+03  0.4109E+02 -0.9999E+03
  0.1948E+02  0.2157E+02 -0.9999E+03  0.4075E+02 -0.9999E+03
  0.1966E+02  0.2152E+02 -0.9999E+03  0.4088E+02 -0.9999E+03
  0.1983E+02  0.2067E+02 -0.9999E+03  0.4020E+02 -0.9999E+03
  0.2001E+02  0.1902E+02 -0.9999E+03  0.3873E+02 -0.9999E+03
  0.2018E+02  0.1909E+02 -0.9999E+03  0.3897E+02 -0.9999E+03
  0.2036E+02 -0.9999E+03 -0.9999E+03 -0.9999E+03 -0.9999E+03
  0.2053E+02 -0.9999E+03 -0.9999E+03 -0.9999E+03 -0.9999E+03
  0.2071E+02 -0.9999E+03 -0.9999E+03 -0.9999E+03 -0.9999E+03
  0.2089E+02 -0.9999E+03 -0.9999E+03 -0.9999E+03 -0.9999E+03
  0.2106E+02 -0.9999E+03 -0.9999E+03 -0.9999E+03 -0.9999E+03
  0.2124E+02 -0.9999E+03 -0.9999E+03 -0.9999E+03 -0.9999E+03
  0.2141E+02 -0.9999E+03 -0.9999E+03 -0.9999E+03 -0.9999E+03
  0.2159E+02 -0.9999E+03 -0.9999E+03 -0.9999E+03 -0.9999E+03
  0.2176E+02 -0.9999E+03 -0.9999E+03 -0.9999E+03 -0.9999E+03
  0.2194E+02 -0.9999E+03 -0.9999E+03 -0.9999E+03 -0.9999E+03
  0.2211E+02 -0.9999E+03 -0.9999E+03 -0.9999E+03 -0.9999E+03
  0.2229E+02 -0.9999E+03 -0.9999E+03 -0.9999E+03 -0.9999E+03
  0.2246E+02 -0.9999E+03 -0.9999E+03 -0.9999E+03 -0.9999E+03
  0.2264E+02 -0.9999E+03 -0.9999E+03 -0.9999E+03 -0.9999E+03
  0.2281E+02 -0.9999E+03 -0.9999E+03 -0.9999E+03 -0.9999E+03
  0.2299E+02 -0.9999E+03 -0.9999E+03 -0.9999E+03 -0.9999E+03
  0.2316E+02 -0.9999E+03 -0.9999E+03 -0.9999E+03 -0.9999E+03
  0.2334E+02 -0.9999E+03 -0.9999E+03 -0.9999E+03 -0.9999E+03
  0.2351E+02 -0.9999E+03 -0.9999E+03 -0.9999E+03 -0.9999E+03
  0.2369E+02 -0.9999E+03 -0.9999E+03 -0.9999E+03 -0.9999E+03
  0.2386E+02 -0.9999E+03 -0.9999E+03 -0.9999E+03 -0.9999E+03
  0.2404E+02 -0.9999E+03 -0.9999E+03 -0.9999E+03 -0.9999E+03
  0.2421E+02 -0.9999E+03 -0.9999E+03 -0.9999E+03 -0.9999E+03
  0.2439E+02 -0.9999E+03 -0.9999E+03 -0.9999E+03 -0.9999E+03
  0.2457E+02 -0.9999E+03 -0.9999E+03 -0.9999E+03 -0.9999E+03
  0.2474E+02 -0.9999E+03 -0.9999E+03 -0.9999E+03 -0.9999E+03
  0.2492E+02 -0.9999E+03 -0.9999E+03 -0.9999E+03 -0.9999E+03
  0.2509E+02 -0.9999E+03 -0.9999E+03 -0.9999E+03 -0.9999E+03
  0.2527E+02 -0.9999E+03 -0.9999E+03 -0.9999E+03 -0.9999E+03
  0.2544E+02 -0.9999E+03 -0.9999E+03 -0.9999E+03 -0.9999E+03
  0.2562E+02 -0.9999E+03 -0.9999E+03 -0.9999E+03 -0.9999E+03
  0.2579E+02 -0.9999E+03 -0.9999E+03 -0.9999E+03 -0.9999E+03
  0.2597E+02 -0.9999E+03 -0.9999E+03 -0.9999E+03 -0.9999E+03
  0.2614E+02 -0.9999E+03 -0.9999E+03 -0.9999E+03 -0.9999E+03
  0.2632E+02 -0.9999E+03 -0.9999E+03 -0.9999E+03 -0.9999E+03
  0.2649E+02 -0.9999E+03 -0.9999E+03 -0.9999E+03 -0.9999E+03
  0.2667E+02 -0.9999E+03 -0.9999E+03 -0.9999E+03 -0.9999E+03
  0.2684E+02 -0.9999E+03 -0.9999E+03 -0.9999E+03 -0.9999E+03
  0.2702E+02 -0.9999E+03 -0.9999E+03 -0.9999E+03 -0.9999E+03
  0.2719E+02 -0.9999E+03 -0.9999E+03 -0.9999E+03 -0.9999E+03
  0.2737E+02 -0.9999E+03 -0.9999E+03 -0.9999E+03 -0.9999E+03
  0.2754E+02 -0.9999E+03 -0.9999E+03 -0.9999E+03 -0.9999E+03
  0.2772E+02 -0.9999E+03 -0.9999E+03 -0.9999E+03 -0.9999E+03
  0.2790E+02 -0.9999E+03 -0.9999E+03 -0.9999E+03 -0.9999E+03
  0.2807E+02 -0.9999E+03 -0.9999E+03 -0.9999E+03 -0.9999E+03
  0.2825E+02 -0.9999E+03 -0.9999E+03 -0.9999E+03 -0.9999E+03
  0.2842E+02 -0.9999E+03 -0.9999E+03 -0.9999E+03 -0.9999E+03
  0.2860E+02 -0.9999E+03 -0.9999E+03 -0.9999E+03 -0.9999E+03
  0.2877E+02 -0.9999E+03 -0.9999E+03 -0.9999E+03 -0.9999E+03
  0.2895E+02 -0.9999E+03 -0.9999E+03 -0.9999E+03 -0.9999E+03
  0.2912E+02 -0.9999E+03 -0.9999E+03 -0.9999E+03 -0.9999E+03
  0.2930E+02 -0.9999E+03 -0.9999E+03 -0.9999E+03 -0.9999E+03
  0.2947E+02 -0.9999E+03 -0.9999E+03 -0.9999E+03 -0.9999E+03
  0.2965E+02 -0.9999E+03 -0.9999E+03 -0.9999E+03 -0.9999E+03
  0.2982E+02 -0.9999E+03 -0.9999E+03 -0.9999E+03 -0.9999E+03
  0.3000E+02 -0.9999E+03 -0.9999E+03 -0.9999E+03 -0.9999E+03
  0.3017E+02 -0.9999E+03 -0.9999E+03 -0.9999E+03 -0.9999E+03
  0.3035E+02 -0.9999E+03 -0.9999E+03 -0.9999E+03 -0.9999E+03
  0.3052E+02 -0.9999E+03 -0.9999E+03 -0.9999E+03 -0.9999E+03
  0.3070E+02 -0.9999E+03 -0.9999E+03 -0.9999E+03 -0.9999E+03
