# #   100
# #   LPEN=  0.1669D+44     LGRV=  0.1666D+44     LSOF=  0.1185D+44   LREF=  0.1160D+44   A=  0.2389D+01   LREF/LSOF=  0.9796D+00   Lamda_Tau=  0.1000D+01   Lamda_U=  0.1000D+01
# #     log nu     log(Fnu)   log(Fnu)s  log(nu*F)  log(nu*F)s
  0.1335E+02  0.2363E+02  0.2372E+02  0.3668E+02  0.3677E+02
  0.1352E+02  0.2393E+02  0.2402E+02  0.3715E+02  0.3725E+02
  0.1370E+02  0.2430E+02  0.2439E+02  0.3770E+02  0.3778E+02
  0.1388E+02  0.2461E+02  0.2470E+02  0.3819E+02  0.3828E+02
  0.1405E+02  0.2496E+02  0.2505E+02  0.3871E+02  0.3880E+02
  0.1423E+02  0.2529E+02  0.2539E+02  0.3922E+02  0.3932E+02
  0.1440E+02  0.2562E+02  0.2572E+02  0.3972E+02  0.3982E+02
  0.1458E+02  0.2594E+02  0.2605E+02  0.4021E+02  0.4032E+02
  0.1475E+02  0.2624E+02  0.2635E+02  0.4069E+02  0.4080E+02
  0.1493E+02  0.2652E+02  0.2664E+02  0.4114E+02  0.4126E+02
  0.1510E+02  0.2676E+02  0.2688E+02  0.4156E+02  0.4168E+02
  0.1528E+02  0.2694E+02  0.2706E+02  0.4191E+02  0.4204E+02
  0.1545E+02  0.2703E+02  0.2716E+02  0.4218E+02  0.4231E+02
  0.1563E+02  0.2700E+02  0.2713E+02  0.4232E+02  0.4246E+02
  0.1580E+02  0.2683E+02  0.2694E+02  0.4233E+02  0.4245E+02
  0.1598E+02  0.2652E+02  0.2657E+02  0.4220E+02  0.4225E+02
  0.1615E+02  0.2614E+02  0.2595E+02  0.4199E+02  0.4180E+02
  0.1633E+02  0.2581E+02  0.2497E+02  0.4184E+02  0.4100E+02
  0.1650E+02  0.2558E+02  0.2343E+02  0.4178E+02  0.3963E+02
  0.1668E+02  0.2537E+02 -0.9999E+03  0.4175E+02 -0.9999E+03
  0.1685E+02  0.2517E+02 -0.9999E+03  0.4172E+02 -0.9999E+03
  0.1703E+02  0.2495E+02 -0.9999E+03  0.4168E+02 -0.9999E+03
  0.1720E+02  0.2475E+02 -0.9999E+03  0.4166E+02 -0.9999E+03
  0.1738E+02  0.2454E+02 -0.9999E+03  0.4162E+02 -0.9999E+03
  0.1756E+02  0.2434E+02 -0.9999E+03  0.4160E+02 -0.9999E+03
  0.1773E+02  0.2414E+02 -0.9999E+03  0.4157E+02 -0.9999E+03
  0.1791E+02  0.2392E+02 -0.9999E+03  0.4153E+02 -0.9999E+03
  0.1808E+02  0.2373E+02 -0.9999E+03  0.4151E+02 -0.9999E+03
  0.1826E+02  0.2353E+02 -0.9999E+03  0.4148E+02 -0.9999E+03
  0.1843E+02  0.2331E+02 -0.9999E+03  0.4144E+02 -0.9999E+03
  0.1861E+02  0.2313E+02 -0.9999E+03  0.4143E+02 -0.9999E+03
  0.1878E+02  0.2290E+02 -0.9999E+03  0.4138E+02 -0.9999E+03
  0.1896E+02  0.2271E+02 -0.9999E+03  0.4137E+02 -0.9999E+03
  0.1913E+02  0.2247E+02 -0.9999E+03  0.4130E+02 -0.9999E+03
  0.1931E+02  0.2228E+02 -0.9999E+03  0.4128E+02 -0.9999E+03
  0.1948E+02  0.2201E+02 -0.9999E+03  0.4120E+02 -0.9999E+03
  0.1966E+02  0.2171E+02 -0.9999E+03  0.4107E+02 -0.9999E+03
  0.1983E+02  0.2142E+02 -0.9999E+03  0.4096E+02 -0.9999E+03
  0.2001E+02  0.2079E+02 -0.9999E+03  0.4049E+02 -0.9999E+03
  0.2018E+02  0.2021E+02 -0.9999E+03  0.4010E+02 -0.9999E+03
  0.2036E+02  0.1957E+02 -0.9999E+03  0.3962E+02 -0.9999E+03
  0.2053E+02 -0.9999E+03 -0.9999E+03 -0.9999E+03 -0.9999E+03
  0.2071E+02 -0.9999E+03 -0.9999E+03 -0.9999E+03 -0.9999E+03
  0.2089E+02 -0.9999E+03 -0.9999E+03 -0.9999E+03 -0.9999E+03
  0.2106E+02 -0.9999E+03 -0.9999E+03 -0.9999E+03 -0.9999E+03
  0.2124E+02 -0.9999E+03 -0.9999E+03 -0.9999E+03 -0.9999E+03
  0.2141E+02 -0.9999E+03 -0.9999E+03 -0.9999E+03 -0.9999E+03
  0.2159E+02 -0.9999E+03 -0.9999E+03 -0.9999E+03 -0.9999E+03
  0.2176E+02 -0.9999E+03 -0.9999E+03 -0.9999E+03 -0.9999E+03
  0.2194E+02 -0.9999E+03 -0.9999E+03 -0.9999E+03 -0.9999E+03
  0.2211E+02 -0.9999E+03 -0.9999E+03 -0.9999E+03 -0.9999E+03
  0.2229E+02 -0.9999E+03 -0.9999E+03 -0.9999E+03 -0.9999E+03
  0.2246E+02 -0.9999E+03 -0.9999E+03 -0.9999E+03 -0.9999E+03
  0.2264E+02 -0.9999E+03 -0.9999E+03 -0.9999E+03 -0.9999E+03
  0.2281E+02 -0.9999E+03 -0.9999E+03 -0.9999E+03 -0.9999E+03
  0.2299E+02 -0.9999E+03 -0.9999E+03 -0.9999E+03 -0.9999E+03
  0.2316E+02 -0.9999E+03 -0.9999E+03 -0.9999E+03 -0.9999E+03
  0.2334E+02 -0.9999E+03 -0.9999E+03 -0.9999E+03 -0.9999E+03
  0.2351E+02 -0.9999E+03 -0.9999E+03 -0.9999E+03 -0.9999E+03
  0.2369E+02 -0.9999E+03 -0.9999E+03 -0.9999E+03 -0.9999E+03
  0.2386E+02 -0.9999E+03 -0.9999E+03 -0.9999E+03 -0.9999E+03
  0.2404E+02 -0.9999E+03 -0.9999E+03 -0.9999E+03 -0.9999E+03
  0.2421E+02 -0.9999E+03 -0.9999E+03 -0.9999E+03 -0.9999E+03
  0.2439E+02 -0.9999E+03 -0.9999E+03 -0.9999E+03 -0.9999E+03
  0.2457E+02 -0.9999E+03 -0.9999E+03 -0.9999E+03 -0.9999E+03
  0.2474E+02 -0.9999E+03 -0.9999E+03 -0.9999E+03 -0.9999E+03
  0.2492E+02 -0.9999E+03 -0.9999E+03 -0.9999E+03 -0.9999E+03
  0.2509E+02 -0.9999E+03 -0.9999E+03 -0.9999E+03 -0.9999E+03
  0.2527E+02 -0.9999E+03 -0.9999E+03 -0.9999E+03 -0.9999E+03
  0.2544E+02 -0.9999E+03 -0.9999E+03 -0.9999E+03 -0.9999E+03
  0.2562E+02 -0.9999E+03 -0.9999E+03 -0.9999E+03 -0.9999E+03
  0.2579E+02 -0.9999E+03 -0.9999E+03 -0.9999E+03 -0.9999E+03
  0.2597E+02 -0.9999E+03 -0.9999E+03 -0.9999E+03 -0.9999E+03
  0.2614E+02 -0.9999E+03 -0.9999E+03 -0.9999E+03 -0.9999E+03
  0.2632E+02 -0.9999E+03 -0.9999E+03 -0.9999E+03 -0.9999E+03
  0.2649E+02 -0.9999E+03 -0.9999E+03 -0.9999E+03 -0.9999E+03
  0.2667E+02 -0.9999E+03 -0.9999E+03 -0.9999E+03 -0.9999E+03
  0.2684E+02 -0.9999E+03 -0.9999E+03 -0.9999E+03 -0.9999E+03
  0.2702E+02 -0.9999E+03 -0.9999E+03 -0.9999E+03 -0.9999E+03
  0.2719E+02 -0.9999E+03 -0.9999E+03 -0.9999E+03 -0.9999E+03
  0.2737E+02 -0.9999E+03 -0.9999E+03 -0.9999E+03 -0.9999E+03
  0.2754E+02 -0.9999E+03 -0.9999E+03 -0.9999E+03 -0.9999E+03
  0.2772E+02 -0.9999E+03 -0.9999E+03 -0.9999E+03 -0.9999E+03
  0.2790E+02 -0.9999E+03 -0.9999E+03 -0.9999E+03 -0.9999E+03
  0.2807E+02 -0.9999E+03 -0.9999E+03 -0.9999E+03 -0.9999E+03
  0.2825E+02 -0.9999E+03 -0.9999E+03 -0.9999E+03 -0.9999E+03
  0.2842E+02 -0.9999E+03 -0.9999E+03 -0.9999E+03 -0.9999E+03
  0.2860E+02 -0.9999E+03 -0.9999E+03 -0.9999E+03 -0.9999E+03
  0.2877E+02 -0.9999E+03 -0.9999E+03 -0.9999E+03 -0.9999E+03
  0.2895E+02 -0.9999E+03 -0.9999E+03 -0.9999E+03 -0.9999E+03
  0.2912E+02 -0.9999E+03 -0.9999E+03 -0.9999E+03 -0.9999E+03
  0.2930E+02 -0.9999E+03 -0.9999E+03 -0.9999E+03 -0.9999E+03
  0.2947E+02 -0.9999E+03 -0.9999E+03 -0.9999E+03 -0.9999E+03
  0.2965E+02 -0.9999E+03 -0.9999E+03 -0.9999E+03 -0.9999E+03
  0.2982E+02 -0.9999E+03 -0.9999E+03 -0.9999E+03 -0.9999E+03
  0.3000E+02 -0.9999E+03 -0.9999E+03 -0.9999E+03 -0.9999E+03
  0.3017E+02 -0.9999E+03 -0.9999E+03 -0.9999E+03 -0.9999E+03
  0.3035E+02 -0.9999E+03 -0.9999E+03 -0.9999E+03 -0.9999E+03
  0.3052E+02 -0.9999E+03 -0.9999E+03 -0.9999E+03 -0.9999E+03
  0.3070E+02 -0.9999E+03 -0.9999E+03 -0.9999E+03 -0.9999E+03
