#    100
#    LPEN=  0.8329D+44     LGRV=  0.8331D+44     LSOF=  0.5933D+44   LREF=  0.5801D+44   A=  0.2382D+01   LREF/LSOF=  0.9778D+00   Lamda_Tau=  0.1000D+01   Lamda_U=  0.1000D+01
#      log nu     log(Fnu)   log(Fnu)s  log(nu*F)  log(nu*F)s
  0.1335E+02  0.2379E+02  0.2388E+02  0.3684E+02  0.3693E+02
  0.1352E+02  0.2399E+02  0.2407E+02  0.3721E+02  0.3729E+02
  0.1370E+02  0.2444E+02  0.2454E+02  0.3784E+02  0.3794E+02
  0.1388E+02  0.2481E+02  0.2491E+02  0.3839E+02  0.3848E+02
  0.1405E+02  0.2513E+02  0.2523E+02  0.3888E+02  0.3898E+02
  0.1423E+02  0.2549E+02  0.2558E+02  0.3941E+02  0.3951E+02
  0.1440E+02  0.2582E+02  0.2592E+02  0.3992E+02  0.4002E+02
  0.1458E+02  0.2615E+02  0.2625E+02  0.4042E+02  0.4052E+02
  0.1475E+02  0.2646E+02  0.2657E+02  0.4091E+02  0.4102E+02
  0.1493E+02  0.2676E+02  0.2687E+02  0.4139E+02  0.4150E+02
  0.1510E+02  0.2704E+02  0.2716E+02  0.4185E+02  0.4196E+02
  0.1528E+02  0.2728E+02  0.2740E+02  0.4226E+02  0.4238E+02
  0.1545E+02  0.2746E+02  0.2759E+02  0.4261E+02  0.4274E+02
  0.1563E+02  0.2755E+02  0.2769E+02  0.4288E+02  0.4301E+02
  0.1580E+02  0.2752E+02  0.2766E+02  0.4302E+02  0.4316E+02
  0.1598E+02  0.2735E+02  0.2747E+02  0.4303E+02  0.4315E+02
  0.1615E+02  0.2705E+02  0.2710E+02  0.4290E+02  0.4295E+02
  0.1633E+02  0.2667E+02  0.2647E+02  0.4269E+02  0.4250E+02
  0.1650E+02  0.2634E+02  0.2549E+02  0.4254E+02  0.4169E+02
  0.1668E+02  0.2611E+02  0.2394E+02  0.4249E+02  0.4032E+02
  0.1685E+02  0.2590E+02  0.2149E+02  0.4245E+02  0.3804E+02
  0.1703E+02  0.2570E+02 -0.9999E+03  0.4243E+02 -0.9999E+03
  0.1720E+02  0.2549E+02 -0.9999E+03  0.4239E+02 -0.9999E+03
  0.1738E+02  0.2528E+02 -0.9999E+03  0.4236E+02 -0.9999E+03
  0.1756E+02  0.2508E+02 -0.9999E+03  0.4234E+02 -0.9999E+03
  0.1773E+02  0.2488E+02 -0.9999E+03  0.4231E+02 -0.9999E+03
  0.1791E+02  0.2468E+02 -0.9999E+03  0.4228E+02 -0.9999E+03
  0.1808E+02  0.2446E+02 -0.9999E+03  0.4224E+02 -0.9999E+03
  0.1826E+02  0.2426E+02 -0.9999E+03  0.4222E+02 -0.9999E+03
  0.1843E+02  0.2407E+02 -0.9999E+03  0.4220E+02 -0.9999E+03
  0.1861E+02  0.2385E+02 -0.9999E+03  0.4215E+02 -0.9999E+03
  0.1878E+02  0.2366E+02 -0.9999E+03  0.4215E+02 -0.9999E+03
  0.1896E+02  0.2342E+02 -0.9999E+03  0.4208E+02 -0.9999E+03
  0.1913E+02  0.2323E+02 -0.9999E+03  0.4206E+02 -0.9999E+03
  0.1931E+02  0.2298E+02 -0.9999E+03  0.4198E+02 -0.9999E+03
  0.1948E+02  0.2276E+02 -0.9999E+03  0.4194E+02 -0.9999E+03
  0.1966E+02  0.2245E+02 -0.9999E+03  0.4181E+02 -0.9999E+03
  0.1983E+02  0.2215E+02 -0.9999E+03  0.4168E+02 -0.9999E+03
  0.2001E+02  0.2155E+02 -0.9999E+03  0.4126E+02 -0.9999E+03
  0.2018E+02  0.2079E+02 -0.9999E+03  0.4067E+02 -0.9999E+03
  0.2036E+02  0.2044E+02 -0.9999E+03  0.4049E+02 -0.9999E+03
  0.2053E+02 -0.9999E+03 -0.9999E+03 -0.9999E+03 -0.9999E+03
  0.2071E+02 -0.9999E+03 -0.9999E+03 -0.9999E+03 -0.9999E+03
  0.2089E+02 -0.9999E+03 -0.9999E+03 -0.9999E+03 -0.9999E+03
  0.2106E+02 -0.9999E+03 -0.9999E+03 -0.9999E+03 -0.9999E+03
  0.2124E+02 -0.9999E+03 -0.9999E+03 -0.9999E+03 -0.9999E+03
  0.2141E+02 -0.9999E+03 -0.9999E+03 -0.9999E+03 -0.9999E+03
  0.2159E+02 -0.9999E+03 -0.9999E+03 -0.9999E+03 -0.9999E+03
  0.2176E+02 -0.9999E+03 -0.9999E+03 -0.9999E+03 -0.9999E+03
  0.2194E+02 -0.9999E+03 -0.9999E+03 -0.9999E+03 -0.9999E+03
  0.2211E+02 -0.9999E+03 -0.9999E+03 -0.9999E+03 -0.9999E+03
  0.2229E+02 -0.9999E+03 -0.9999E+03 -0.9999E+03 -0.9999E+03
  0.2246E+02 -0.9999E+03 -0.9999E+03 -0.9999E+03 -0.9999E+03
  0.2264E+02 -0.9999E+03 -0.9999E+03 -0.9999E+03 -0.9999E+03
  0.2281E+02 -0.9999E+03 -0.9999E+03 -0.9999E+03 -0.9999E+03
  0.2299E+02 -0.9999E+03 -0.9999E+03 -0.9999E+03 -0.9999E+03
  0.2316E+02 -0.9999E+03 -0.9999E+03 -0.9999E+03 -0.9999E+03
  0.2334E+02 -0.9999E+03 -0.9999E+03 -0.9999E+03 -0.9999E+03
  0.2351E+02 -0.9999E+03 -0.9999E+03 -0.9999E+03 -0.9999E+03
  0.2369E+02 -0.9999E+03 -0.9999E+03 -0.9999E+03 -0.9999E+03
  0.2386E+02 -0.9999E+03 -0.9999E+03 -0.9999E+03 -0.9999E+03
  0.2404E+02 -0.9999E+03 -0.9999E+03 -0.9999E+03 -0.9999E+03
  0.2421E+02 -0.9999E+03 -0.9999E+03 -0.9999E+03 -0.9999E+03
  0.2439E+02 -0.9999E+03 -0.9999E+03 -0.9999E+03 -0.9999E+03
  0.2457E+02 -0.9999E+03 -0.9999E+03 -0.9999E+03 -0.9999E+03
  0.2474E+02 -0.9999E+03 -0.9999E+03 -0.9999E+03 -0.9999E+03
  0.2492E+02 -0.9999E+03 -0.9999E+03 -0.9999E+03 -0.9999E+03
  0.2509E+02 -0.9999E+03 -0.9999E+03 -0.9999E+03 -0.9999E+03
  0.2527E+02 -0.9999E+03 -0.9999E+03 -0.9999E+03 -0.9999E+03
  0.2544E+02 -0.9999E+03 -0.9999E+03 -0.9999E+03 -0.9999E+03
  0.2562E+02 -0.9999E+03 -0.9999E+03 -0.9999E+03 -0.9999E+03
  0.2579E+02 -0.9999E+03 -0.9999E+03 -0.9999E+03 -0.9999E+03
  0.2597E+02 -0.9999E+03 -0.9999E+03 -0.9999E+03 -0.9999E+03
  0.2614E+02 -0.9999E+03 -0.9999E+03 -0.9999E+03 -0.9999E+03
  0.2632E+02 -0.9999E+03 -0.9999E+03 -0.9999E+03 -0.9999E+03
  0.2649E+02 -0.9999E+03 -0.9999E+03 -0.9999E+03 -0.9999E+03
  0.2667E+02 -0.9999E+03 -0.9999E+03 -0.9999E+03 -0.9999E+03
  0.2684E+02 -0.9999E+03 -0.9999E+03 -0.9999E+03 -0.9999E+03
  0.2702E+02 -0.9999E+03 -0.9999E+03 -0.9999E+03 -0.9999E+03
  0.2719E+02 -0.9999E+03 -0.9999E+03 -0.9999E+03 -0.9999E+03
  0.2737E+02 -0.9999E+03 -0.9999E+03 -0.9999E+03 -0.9999E+03
  0.2754E+02 -0.9999E+03 -0.9999E+03 -0.9999E+03 -0.9999E+03
  0.2772E+02 -0.9999E+03 -0.9999E+03 -0.9999E+03 -0.9999E+03
  0.2790E+02 -0.9999E+03 -0.9999E+03 -0.9999E+03 -0.9999E+03
  0.2807E+02 -0.9999E+03 -0.9999E+03 -0.9999E+03 -0.9999E+03
  0.2825E+02 -0.9999E+03 -0.9999E+03 -0.9999E+03 -0.9999E+03
  0.2842E+02 -0.9999E+03 -0.9999E+03 -0.9999E+03 -0.9999E+03
  0.2860E+02 -0.9999E+03 -0.9999E+03 -0.9999E+03 -0.9999E+03
  0.2877E+02 -0.9999E+03 -0.9999E+03 -0.9999E+03 -0.9999E+03
  0.2895E+02 -0.9999E+03 -0.9999E+03 -0.9999E+03 -0.9999E+03
  0.2912E+02 -0.9999E+03 -0.9999E+03 -0.9999E+03 -0.9999E+03
  0.2930E+02 -0.9999E+03 -0.9999E+03 -0.9999E+03 -0.9999E+03
  0.2947E+02 -0.9999E+03 -0.9999E+03 -0.9999E+03 -0.9999E+03
  0.2965E+02 -0.9999E+03 -0.9999E+03 -0.9999E+03 -0.9999E+03
  0.2982E+02 -0.9999E+03 -0.9999E+03 -0.9999E+03 -0.9999E+03
  0.3000E+02 -0.9999E+03 -0.9999E+03 -0.9999E+03 -0.9999E+03
  0.3017E+02 -0.9999E+03 -0.9999E+03 -0.9999E+03 -0.9999E+03
  0.3035E+02 -0.9999E+03 -0.9999E+03 -0.9999E+03 -0.9999E+03
  0.3052E+02 -0.9999E+03 -0.9999E+03 -0.9999E+03 -0.9999E+03
  0.3070E+02 -0.9999E+03 -0.9999E+03 -0.9999E+03 -0.9999E+03
