#    100
#    LPEN=  0.1670D+45     LGRV=  0.1666D+45     LSOF=  0.1742D+45   LREF=  0.4985D+44   A=  0.1245D+01   LREF/LSOF=  0.2862D+00   Lamda_Tau=  0.1000D+01   Lamda_U=  0.1000D+01
#      log nu     log(Fnu)   log(Fnu)s  log(nu*F)  log(nu*F)s
  0.1335E+02  0.2383E+02  0.2390E+02  0.3688E+02  0.3694E+02
  0.1352E+02  0.2413E+02  0.2417E+02  0.3736E+02  0.3740E+02
  0.1370E+02  0.2454E+02  0.2462E+02  0.3794E+02  0.3802E+02
  0.1388E+02  0.2491E+02  0.2496E+02  0.3848E+02  0.3854E+02
  0.1405E+02  0.2525E+02  0.2532E+02  0.3900E+02  0.3907E+02
  0.1423E+02  0.2560E+02  0.2567E+02  0.3953E+02  0.3959E+02
  0.1440E+02  0.2596E+02  0.2603E+02  0.4006E+02  0.4013E+02
  0.1458E+02  0.2628E+02  0.2635E+02  0.4056E+02  0.4063E+02
  0.1475E+02  0.2661E+02  0.2668E+02  0.4106E+02  0.4113E+02
  0.1493E+02  0.2692E+02  0.2700E+02  0.4155E+02  0.4162E+02
  0.1510E+02  0.2721E+02  0.2729E+02  0.4201E+02  0.4209E+02
  0.1528E+02  0.2748E+02  0.2755E+02  0.4245E+02  0.4253E+02
  0.1545E+02  0.2770E+02  0.2777E+02  0.4285E+02  0.4293E+02
  0.1563E+02  0.2785E+02  0.2793E+02  0.4317E+02  0.4325E+02
  0.1580E+02  0.2791E+02  0.2798E+02  0.4341E+02  0.4349E+02
  0.1598E+02  0.2785E+02  0.2792E+02  0.4353E+02  0.4360E+02
  0.1615E+02  0.2767E+02  0.2773E+02  0.4353E+02  0.4358E+02
  0.1633E+02  0.2736E+02  0.2738E+02  0.4339E+02  0.4341E+02
  0.1650E+02  0.2689E+02  0.2679E+02  0.4309E+02  0.4299E+02
  0.1668E+02  0.2634E+02  0.2581E+02  0.4272E+02  0.4219E+02
  0.1685E+02  0.2593E+02  0.2425E+02  0.4248E+02  0.4081E+02
  0.1703E+02  0.2558E+02 -0.9999E+03  0.4231E+02 -0.9999E+03
  0.1720E+02  0.2523E+02 -0.9999E+03  0.4214E+02 -0.9999E+03
  0.1738E+02  0.2487E+02 -0.9999E+03  0.4195E+02 -0.9999E+03
  0.1756E+02  0.2451E+02 -0.9999E+03  0.4176E+02 -0.9999E+03
  0.1773E+02  0.2416E+02 -0.9999E+03  0.4159E+02 -0.9999E+03
  0.1791E+02  0.2377E+02 -0.9999E+03  0.4138E+02 -0.9999E+03
  0.1808E+02  0.2340E+02 -0.9999E+03  0.4118E+02 -0.9999E+03
  0.1826E+02  0.2302E+02 -0.9999E+03  0.4097E+02 -0.9999E+03
  0.1843E+02  0.2262E+02 -0.9999E+03  0.4076E+02 -0.9999E+03
  0.1861E+02  0.2218E+02 -0.9999E+03  0.4049E+02 -0.9999E+03
  0.1878E+02  0.2178E+02 -0.9999E+03  0.4027E+02 -0.9999E+03
  0.1896E+02  0.2146E+02 -0.9999E+03  0.4012E+02 -0.9999E+03
  0.1913E+02  0.2062E+02 -0.9999E+03  0.3946E+02 -0.9999E+03
  0.1931E+02  0.2044E+02 -0.9999E+03  0.3945E+02 -0.9999E+03
  0.1948E+02  0.1957E+02 -0.9999E+03  0.3875E+02 -0.9999E+03
  0.1966E+02  0.1901E+02 -0.9999E+03  0.3836E+02 -0.9999E+03
  0.1983E+02 -0.9999E+03 -0.9999E+03 -0.9999E+03 -0.9999E+03
  0.2001E+02 -0.9999E+03 -0.9999E+03 -0.9999E+03 -0.9999E+03
  0.2018E+02 -0.9999E+03 -0.9999E+03 -0.9999E+03 -0.9999E+03
  0.2036E+02 -0.9999E+03 -0.9999E+03 -0.9999E+03 -0.9999E+03
  0.2053E+02 -0.9999E+03 -0.9999E+03 -0.9999E+03 -0.9999E+03
  0.2071E+02 -0.9999E+03 -0.9999E+03 -0.9999E+03 -0.9999E+03
  0.2089E+02 -0.9999E+03 -0.9999E+03 -0.9999E+03 -0.9999E+03
  0.2106E+02 -0.9999E+03 -0.9999E+03 -0.9999E+03 -0.9999E+03
  0.2124E+02 -0.9999E+03 -0.9999E+03 -0.9999E+03 -0.9999E+03
  0.2141E+02 -0.9999E+03 -0.9999E+03 -0.9999E+03 -0.9999E+03
  0.2159E+02 -0.9999E+03 -0.9999E+03 -0.9999E+03 -0.9999E+03
  0.2176E+02 -0.9999E+03 -0.9999E+03 -0.9999E+03 -0.9999E+03
  0.2194E+02 -0.9999E+03 -0.9999E+03 -0.9999E+03 -0.9999E+03
  0.2211E+02 -0.9999E+03 -0.9999E+03 -0.9999E+03 -0.9999E+03
  0.2229E+02 -0.9999E+03 -0.9999E+03 -0.9999E+03 -0.9999E+03
  0.2246E+02 -0.9999E+03 -0.9999E+03 -0.9999E+03 -0.9999E+03
  0.2264E+02 -0.9999E+03 -0.9999E+03 -0.9999E+03 -0.9999E+03
  0.2281E+02 -0.9999E+03 -0.9999E+03 -0.9999E+03 -0.9999E+03
  0.2299E+02 -0.9999E+03 -0.9999E+03 -0.9999E+03 -0.9999E+03
  0.2316E+02 -0.9999E+03 -0.9999E+03 -0.9999E+03 -0.9999E+03
  0.2334E+02 -0.9999E+03 -0.9999E+03 -0.9999E+03 -0.9999E+03
  0.2351E+02 -0.9999E+03 -0.9999E+03 -0.9999E+03 -0.9999E+03
  0.2369E+02 -0.9999E+03 -0.9999E+03 -0.9999E+03 -0.9999E+03
  0.2386E+02 -0.9999E+03 -0.9999E+03 -0.9999E+03 -0.9999E+03
  0.2404E+02 -0.9999E+03 -0.9999E+03 -0.9999E+03 -0.9999E+03
  0.2421E+02 -0.9999E+03 -0.9999E+03 -0.9999E+03 -0.9999E+03
  0.2439E+02 -0.9999E+03 -0.9999E+03 -0.9999E+03 -0.9999E+03
  0.2457E+02 -0.9999E+03 -0.9999E+03 -0.9999E+03 -0.9999E+03
  0.2474E+02 -0.9999E+03 -0.9999E+03 -0.9999E+03 -0.9999E+03
  0.2492E+02 -0.9999E+03 -0.9999E+03 -0.9999E+03 -0.9999E+03
  0.2509E+02 -0.9999E+03 -0.9999E+03 -0.9999E+03 -0.9999E+03
  0.2527E+02 -0.9999E+03 -0.9999E+03 -0.9999E+03 -0.9999E+03
  0.2544E+02 -0.9999E+03 -0.9999E+03 -0.9999E+03 -0.9999E+03
  0.2562E+02 -0.9999E+03 -0.9999E+03 -0.9999E+03 -0.9999E+03
  0.2579E+02 -0.9999E+03 -0.9999E+03 -0.9999E+03 -0.9999E+03
  0.2597E+02 -0.9999E+03 -0.9999E+03 -0.9999E+03 -0.9999E+03
  0.2614E+02 -0.9999E+03 -0.9999E+03 -0.9999E+03 -0.9999E+03
  0.2632E+02 -0.9999E+03 -0.9999E+03 -0.9999E+03 -0.9999E+03
  0.2649E+02 -0.9999E+03 -0.9999E+03 -0.9999E+03 -0.9999E+03
  0.2667E+02 -0.9999E+03 -0.9999E+03 -0.9999E+03 -0.9999E+03
  0.2684E+02 -0.9999E+03 -0.9999E+03 -0.9999E+03 -0.9999E+03
  0.2702E+02 -0.9999E+03 -0.9999E+03 -0.9999E+03 -0.9999E+03
  0.2719E+02 -0.9999E+03 -0.9999E+03 -0.9999E+03 -0.9999E+03
  0.2737E+02 -0.9999E+03 -0.9999E+03 -0.9999E+03 -0.9999E+03
  0.2754E+02 -0.9999E+03 -0.9999E+03 -0.9999E+03 -0.9999E+03
  0.2772E+02 -0.9999E+03 -0.9999E+03 -0.9999E+03 -0.9999E+03
  0.2790E+02 -0.9999E+03 -0.9999E+03 -0.9999E+03 -0.9999E+03
  0.2807E+02 -0.9999E+03 -0.9999E+03 -0.9999E+03 -0.9999E+03
  0.2825E+02 -0.9999E+03 -0.9999E+03 -0.9999E+03 -0.9999E+03
  0.2842E+02 -0.9999E+03 -0.9999E+03 -0.9999E+03 -0.9999E+03
  0.2860E+02 -0.9999E+03 -0.9999E+03 -0.9999E+03 -0.9999E+03
  0.2877E+02 -0.9999E+03 -0.9999E+03 -0.9999E+03 -0.9999E+03
  0.2895E+02 -0.9999E+03 -0.9999E+03 -0.9999E+03 -0.9999E+03
  0.2912E+02 -0.9999E+03 -0.9999E+03 -0.9999E+03 -0.9999E+03
  0.2930E+02 -0.9999E+03 -0.9999E+03 -0.9999E+03 -0.9999E+03
  0.2947E+02 -0.9999E+03 -0.9999E+03 -0.9999E+03 -0.9999E+03
  0.2965E+02 -0.9999E+03 -0.9999E+03 -0.9999E+03 -0.9999E+03
  0.2982E+02 -0.9999E+03 -0.9999E+03 -0.9999E+03 -0.9999E+03
  0.3000E+02 -0.9999E+03 -0.9999E+03 -0.9999E+03 -0.9999E+03
  0.3017E+02 -0.9999E+03 -0.9999E+03 -0.9999E+03 -0.9999E+03
  0.3035E+02 -0.9999E+03 -0.9999E+03 -0.9999E+03 -0.9999E+03
  0.3052E+02 -0.9999E+03 -0.9999E+03 -0.9999E+03 -0.9999E+03
  0.3070E+02 -0.9999E+03 -0.9999E+03 -0.9999E+03 -0.9999E+03
