#    100
#    LPEN=  0.8330D+43     LGRV=  0.8331D+43     LSOF=  0.6044D+43   LREF=  0.5679D+43   A=  0.2318D+01   LREF/LSOF=  0.9396D+00   Lamda_Tau=  0.1000D+01   Lamda_U=  0.1000D+01
#      log nu     log(Fnu)   log(Fnu)s  log(nu*F)  log(nu*F)s
  0.1335E+02  0.2360E+02  0.2370E+02  0.3665E+02  0.3675E+02
  0.1352E+02  0.2387E+02  0.2395E+02  0.3709E+02  0.3717E+02
  0.1370E+02  0.2421E+02  0.2429E+02  0.3760E+02  0.3769E+02
  0.1388E+02  0.2454E+02  0.2463E+02  0.3811E+02  0.3821E+02
  0.1405E+02  0.2487E+02  0.2496E+02  0.3862E+02  0.3871E+02
  0.1423E+02  0.2521E+02  0.2531E+02  0.3913E+02  0.3924E+02
  0.1440E+02  0.2554E+02  0.2564E+02  0.3964E+02  0.3974E+02
  0.1458E+02  0.2585E+02  0.2595E+02  0.4012E+02  0.4023E+02
  0.1475E+02  0.2614E+02  0.2625E+02  0.4059E+02  0.4070E+02
  0.1493E+02  0.2640E+02  0.2652E+02  0.4103E+02  0.4115E+02
  0.1510E+02  0.2662E+02  0.2674E+02  0.4142E+02  0.4154E+02
  0.1528E+02  0.2677E+02  0.2689E+02  0.4174E+02  0.4187E+02
  0.1545E+02  0.2681E+02  0.2694E+02  0.4196E+02  0.4210E+02
  0.1563E+02  0.2673E+02  0.2685E+02  0.4205E+02  0.4218E+02
  0.1580E+02  0.2650E+02  0.2660E+02  0.4200E+02  0.4210E+02
  0.1598E+02  0.2615E+02  0.2613E+02  0.4183E+02  0.4181E+02
  0.1615E+02  0.2577E+02  0.2539E+02  0.4162E+02  0.4124E+02
  0.1633E+02  0.2548E+02  0.2421E+02  0.4151E+02  0.4024E+02
  0.1650E+02  0.2526E+02  0.2236E+02  0.4147E+02  0.3856E+02
  0.1668E+02  0.2505E+02 -0.9999E+03  0.4143E+02 -0.9999E+03
  0.1685E+02  0.2484E+02 -0.9999E+03  0.4140E+02 -0.9999E+03
  0.1703E+02  0.2463E+02 -0.9999E+03  0.4136E+02 -0.9999E+03
  0.1720E+02  0.2443E+02 -0.9999E+03  0.4133E+02 -0.9999E+03
  0.1738E+02  0.2422E+02 -0.9999E+03  0.4129E+02 -0.9999E+03
  0.1756E+02  0.2402E+02 -0.9999E+03  0.4127E+02 -0.9999E+03
  0.1773E+02  0.2380E+02 -0.9999E+03  0.4123E+02 -0.9999E+03
  0.1791E+02  0.2359E+02 -0.9999E+03  0.4119E+02 -0.9999E+03
  0.1808E+02  0.2339E+02 -0.9999E+03  0.4117E+02 -0.9999E+03
  0.1826E+02  0.2319E+02 -0.9999E+03  0.4115E+02 -0.9999E+03
  0.1843E+02  0.2299E+02 -0.9999E+03  0.4112E+02 -0.9999E+03
  0.1861E+02  0.2277E+02 -0.9999E+03  0.4108E+02 -0.9999E+03
  0.1878E+02  0.2257E+02 -0.9999E+03  0.4105E+02 -0.9999E+03
  0.1896E+02  0.2235E+02 -0.9999E+03  0.4101E+02 -0.9999E+03
  0.1913E+02  0.2209E+02 -0.9999E+03  0.4092E+02 -0.9999E+03
  0.1931E+02  0.2190E+02 -0.9999E+03  0.4091E+02 -0.9999E+03
  0.1948E+02  0.2164E+02 -0.9999E+03  0.4082E+02 -0.9999E+03
  0.1966E+02  0.2135E+02 -0.9999E+03  0.4071E+02 -0.9999E+03
  0.1983E+02  0.2089E+02 -0.9999E+03  0.4042E+02 -0.9999E+03
  0.2001E+02  0.2049E+02 -0.9999E+03  0.4020E+02 -0.9999E+03
  0.2018E+02  0.1985E+02 -0.9999E+03  0.3973E+02 -0.9999E+03
  0.2036E+02  0.1928E+02 -0.9999E+03  0.3933E+02 -0.9999E+03
  0.2053E+02 -0.9999E+03 -0.9999E+03 -0.9999E+03 -0.9999E+03
  0.2071E+02 -0.9999E+03 -0.9999E+03 -0.9999E+03 -0.9999E+03
  0.2089E+02 -0.9999E+03 -0.9999E+03 -0.9999E+03 -0.9999E+03
  0.2106E+02 -0.9999E+03 -0.9999E+03 -0.9999E+03 -0.9999E+03
  0.2124E+02 -0.9999E+03 -0.9999E+03 -0.9999E+03 -0.9999E+03
  0.2141E+02 -0.9999E+03 -0.9999E+03 -0.9999E+03 -0.9999E+03
  0.2159E+02 -0.9999E+03 -0.9999E+03 -0.9999E+03 -0.9999E+03
  0.2176E+02 -0.9999E+03 -0.9999E+03 -0.9999E+03 -0.9999E+03
  0.2194E+02 -0.9999E+03 -0.9999E+03 -0.9999E+03 -0.9999E+03
  0.2211E+02 -0.9999E+03 -0.9999E+03 -0.9999E+03 -0.9999E+03
  0.2229E+02 -0.9999E+03 -0.9999E+03 -0.9999E+03 -0.9999E+03
  0.2246E+02 -0.9999E+03 -0.9999E+03 -0.9999E+03 -0.9999E+03
  0.2264E+02 -0.9999E+03 -0.9999E+03 -0.9999E+03 -0.9999E+03
  0.2281E+02 -0.9999E+03 -0.9999E+03 -0.9999E+03 -0.9999E+03
  0.2299E+02 -0.9999E+03 -0.9999E+03 -0.9999E+03 -0.9999E+03
  0.2316E+02 -0.9999E+03 -0.9999E+03 -0.9999E+03 -0.9999E+03
  0.2334E+02 -0.9999E+03 -0.9999E+03 -0.9999E+03 -0.9999E+03
  0.2351E+02 -0.9999E+03 -0.9999E+03 -0.9999E+03 -0.9999E+03
  0.2369E+02 -0.9999E+03 -0.9999E+03 -0.9999E+03 -0.9999E+03
  0.2386E+02 -0.9999E+03 -0.9999E+03 -0.9999E+03 -0.9999E+03
  0.2404E+02 -0.9999E+03 -0.9999E+03 -0.9999E+03 -0.9999E+03
  0.2421E+02 -0.9999E+03 -0.9999E+03 -0.9999E+03 -0.9999E+03
  0.2439E+02 -0.9999E+03 -0.9999E+03 -0.9999E+03 -0.9999E+03
  0.2457E+02 -0.9999E+03 -0.9999E+03 -0.9999E+03 -0.9999E+03
  0.2474E+02 -0.9999E+03 -0.9999E+03 -0.9999E+03 -0.9999E+03
  0.2492E+02 -0.9999E+03 -0.9999E+03 -0.9999E+03 -0.9999E+03
  0.2509E+02 -0.9999E+03 -0.9999E+03 -0.9999E+03 -0.9999E+03
  0.2527E+02 -0.9999E+03 -0.9999E+03 -0.9999E+03 -0.9999E+03
  0.2544E+02 -0.9999E+03 -0.9999E+03 -0.9999E+03 -0.9999E+03
  0.2562E+02 -0.9999E+03 -0.9999E+03 -0.9999E+03 -0.9999E+03
  0.2579E+02 -0.9999E+03 -0.9999E+03 -0.9999E+03 -0.9999E+03
  0.2597E+02 -0.9999E+03 -0.9999E+03 -0.9999E+03 -0.9999E+03
  0.2614E+02 -0.9999E+03 -0.9999E+03 -0.9999E+03 -0.9999E+03
  0.2632E+02 -0.9999E+03 -0.9999E+03 -0.9999E+03 -0.9999E+03
  0.2649E+02 -0.9999E+03 -0.9999E+03 -0.9999E+03 -0.9999E+03
  0.2667E+02 -0.9999E+03 -0.9999E+03 -0.9999E+03 -0.9999E+03
  0.2684E+02 -0.9999E+03 -0.9999E+03 -0.9999E+03 -0.9999E+03
  0.2702E+02 -0.9999E+03 -0.9999E+03 -0.9999E+03 -0.9999E+03
  0.2719E+02 -0.9999E+03 -0.9999E+03 -0.9999E+03 -0.9999E+03
  0.2737E+02 -0.9999E+03 -0.9999E+03 -0.9999E+03 -0.9999E+03
  0.2754E+02 -0.9999E+03 -0.9999E+03 -0.9999E+03 -0.9999E+03
  0.2772E+02 -0.9999E+03 -0.9999E+03 -0.9999E+03 -0.9999E+03
  0.2790E+02 -0.9999E+03 -0.9999E+03 -0.9999E+03 -0.9999E+03
  0.2807E+02 -0.9999E+03 -0.9999E+03 -0.9999E+03 -0.9999E+03
  0.2825E+02 -0.9999E+03 -0.9999E+03 -0.9999E+03 -0.9999E+03
  0.2842E+02 -0.9999E+03 -0.9999E+03 -0.9999E+03 -0.9999E+03
  0.2860E+02 -0.9999E+03 -0.9999E+03 -0.9999E+03 -0.9999E+03
  0.2877E+02 -0.9999E+03 -0.9999E+03 -0.9999E+03 -0.9999E+03
  0.2895E+02 -0.9999E+03 -0.9999E+03 -0.9999E+03 -0.9999E+03
  0.2912E+02 -0.9999E+03 -0.9999E+03 -0.9999E+03 -0.9999E+03
  0.2930E+02 -0.9999E+03 -0.9999E+03 -0.9999E+03 -0.9999E+03
  0.2947E+02 -0.9999E+03 -0.9999E+03 -0.9999E+03 -0.9999E+03
  0.2965E+02 -0.9999E+03 -0.9999E+03 -0.9999E+03 -0.9999E+03
  0.2982E+02 -0.9999E+03 -0.9999E+03 -0.9999E+03 -0.9999E+03
  0.3000E+02 -0.9999E+03 -0.9999E+03 -0.9999E+03 -0.9999E+03
  0.3017E+02 -0.9999E+03 -0.9999E+03 -0.9999E+03 -0.9999E+03
  0.3035E+02 -0.9999E+03 -0.9999E+03 -0.9999E+03 -0.9999E+03
  0.3052E+02 -0.9999E+03 -0.9999E+03 -0.9999E+03 -0.9999E+03
  0.3070E+02 -0.9999E+03 -0.9999E+03 -0.9999E+03 -0.9999E+03
