#    100
#    LPEN=  0.8328D+44     LGRV=  0.8331D+44     LSOF=  0.8231D+44   LREF=  0.3521D+44   A=  0.1440D+01   LREF/LSOF=  0.4278D+00   Lamda_Tau=  0.1000D+01   Lamda_U=  0.1000D+01
#      log nu     log(Fnu)   log(Fnu)s  log(nu*F)  log(nu*F)s
  0.1335E+02  0.2374E+02  0.2379E+02  0.3679E+02  0.3684E+02
  0.1352E+02  0.2402E+02  0.2411E+02  0.3724E+02  0.3733E+02
  0.1370E+02  0.2448E+02  0.2455E+02  0.3788E+02  0.3795E+02
  0.1388E+02  0.2482E+02  0.2489E+02  0.3839E+02  0.3847E+02
  0.1405E+02  0.2517E+02  0.2525E+02  0.3892E+02  0.3900E+02
  0.1423E+02  0.2551E+02  0.2559E+02  0.3944E+02  0.3952E+02
  0.1440E+02  0.2585E+02  0.2594E+02  0.3995E+02  0.4004E+02
  0.1458E+02  0.2618E+02  0.2626E+02  0.4045E+02  0.4054E+02
  0.1475E+02  0.2650E+02  0.2659E+02  0.4095E+02  0.4104E+02
  0.1493E+02  0.2680E+02  0.2689E+02  0.4143E+02  0.4152E+02
  0.1510E+02  0.2709E+02  0.2718E+02  0.4189E+02  0.4198E+02
  0.1528E+02  0.2733E+02  0.2743E+02  0.4231E+02  0.4241E+02
  0.1545E+02  0.2752E+02  0.2763E+02  0.4267E+02  0.4278E+02
  0.1563E+02  0.2763E+02  0.2774E+02  0.4296E+02  0.4306E+02
  0.1580E+02  0.2764E+02  0.2774E+02  0.4314E+02  0.4324E+02
  0.1598E+02  0.2752E+02  0.2761E+02  0.4320E+02  0.4329E+02
  0.1615E+02  0.2728E+02  0.2734E+02  0.4314E+02  0.4319E+02
  0.1633E+02  0.2691E+02  0.2687E+02  0.4294E+02  0.4290E+02
  0.1650E+02  0.2645E+02  0.2610E+02  0.4265E+02  0.4231E+02
  0.1668E+02  0.2606E+02  0.2486E+02  0.4244E+02  0.4124E+02
  0.1685E+02  0.2576E+02  0.2305E+02  0.4232E+02  0.3961E+02
  0.1703E+02  0.2548E+02  0.2175E+02  0.4221E+02  0.3848E+02
  0.1720E+02  0.2519E+02 -0.9999E+03  0.4209E+02 -0.9999E+03
  0.1738E+02  0.2490E+02 -0.9999E+03  0.4198E+02 -0.9999E+03
  0.1756E+02  0.2460E+02 -0.9999E+03  0.4185E+02 -0.9999E+03
  0.1773E+02  0.2428E+02 -0.9999E+03  0.4171E+02 -0.9999E+03
  0.1791E+02  0.2399E+02 -0.9999E+03  0.4159E+02 -0.9999E+03
  0.1808E+02  0.2370E+02 -0.9999E+03  0.4148E+02 -0.9999E+03
  0.1826E+02  0.2340E+02 -0.9999E+03  0.4136E+02 -0.9999E+03
  0.1843E+02  0.2309E+02 -0.9999E+03  0.4122E+02 -0.9999E+03
  0.1861E+02  0.2276E+02 -0.9999E+03  0.4106E+02 -0.9999E+03
  0.1878E+02  0.2240E+02 -0.9999E+03  0.4089E+02 -0.9999E+03
  0.1896E+02  0.2206E+02 -0.9999E+03  0.4071E+02 -0.9999E+03
  0.1913E+02  0.2180E+02 -0.9999E+03  0.4063E+02 -0.9999E+03
  0.1931E+02  0.2128E+02 -0.9999E+03  0.4029E+02 -0.9999E+03
  0.1948E+02  0.2118E+02 -0.9999E+03  0.4037E+02 -0.9999E+03
  0.1966E+02  0.2086E+02 -0.9999E+03  0.4022E+02 -0.9999E+03
  0.1983E+02  0.1965E+02 -0.9999E+03  0.3919E+02 -0.9999E+03
  0.2001E+02  0.1907E+02 -0.9999E+03  0.3878E+02 -0.9999E+03
  0.2018E+02 -0.9999E+03 -0.9999E+03 -0.9999E+03 -0.9999E+03
  0.2036E+02 -0.9999E+03 -0.9999E+03 -0.9999E+03 -0.9999E+03
  0.2053E+02 -0.9999E+03 -0.9999E+03 -0.9999E+03 -0.9999E+03
  0.2071E+02 -0.9999E+03 -0.9999E+03 -0.9999E+03 -0.9999E+03
  0.2089E+02 -0.9999E+03 -0.9999E+03 -0.9999E+03 -0.9999E+03
  0.2106E+02 -0.9999E+03 -0.9999E+03 -0.9999E+03 -0.9999E+03
  0.2124E+02 -0.9999E+03 -0.9999E+03 -0.9999E+03 -0.9999E+03
  0.2141E+02 -0.9999E+03 -0.9999E+03 -0.9999E+03 -0.9999E+03
  0.2159E+02 -0.9999E+03 -0.9999E+03 -0.9999E+03 -0.9999E+03
  0.2176E+02 -0.9999E+03 -0.9999E+03 -0.9999E+03 -0.9999E+03
  0.2194E+02 -0.9999E+03 -0.9999E+03 -0.9999E+03 -0.9999E+03
  0.2211E+02 -0.9999E+03 -0.9999E+03 -0.9999E+03 -0.9999E+03
  0.2229E+02 -0.9999E+03 -0.9999E+03 -0.9999E+03 -0.9999E+03
  0.2246E+02 -0.9999E+03 -0.9999E+03 -0.9999E+03 -0.9999E+03
  0.2264E+02 -0.9999E+03 -0.9999E+03 -0.9999E+03 -0.9999E+03
  0.2281E+02 -0.9999E+03 -0.9999E+03 -0.9999E+03 -0.9999E+03
  0.2299E+02 -0.9999E+03 -0.9999E+03 -0.9999E+03 -0.9999E+03
  0.2316E+02 -0.9999E+03 -0.9999E+03 -0.9999E+03 -0.9999E+03
  0.2334E+02 -0.9999E+03 -0.9999E+03 -0.9999E+03 -0.9999E+03
  0.2351E+02 -0.9999E+03 -0.9999E+03 -0.9999E+03 -0.9999E+03
  0.2369E+02 -0.9999E+03 -0.9999E+03 -0.9999E+03 -0.9999E+03
  0.2386E+02 -0.9999E+03 -0.9999E+03 -0.9999E+03 -0.9999E+03
  0.2404E+02 -0.9999E+03 -0.9999E+03 -0.9999E+03 -0.9999E+03
  0.2421E+02 -0.9999E+03 -0.9999E+03 -0.9999E+03 -0.9999E+03
  0.2439E+02 -0.9999E+03 -0.9999E+03 -0.9999E+03 -0.9999E+03
  0.2457E+02 -0.9999E+03 -0.9999E+03 -0.9999E+03 -0.9999E+03
  0.2474E+02 -0.9999E+03 -0.9999E+03 -0.9999E+03 -0.9999E+03
  0.2492E+02 -0.9999E+03 -0.9999E+03 -0.9999E+03 -0.9999E+03
  0.2509E+02 -0.9999E+03 -0.9999E+03 -0.9999E+03 -0.9999E+03
  0.2527E+02 -0.9999E+03 -0.9999E+03 -0.9999E+03 -0.9999E+03
  0.2544E+02 -0.9999E+03 -0.9999E+03 -0.9999E+03 -0.9999E+03
  0.2562E+02 -0.9999E+03 -0.9999E+03 -0.9999E+03 -0.9999E+03
  0.2579E+02 -0.9999E+03 -0.9999E+03 -0.9999E+03 -0.9999E+03
  0.2597E+02 -0.9999E+03 -0.9999E+03 -0.9999E+03 -0.9999E+03
  0.2614E+02 -0.9999E+03 -0.9999E+03 -0.9999E+03 -0.9999E+03
  0.2632E+02 -0.9999E+03 -0.9999E+03 -0.9999E+03 -0.9999E+03
  0.2649E+02 -0.9999E+03 -0.9999E+03 -0.9999E+03 -0.9999E+03
  0.2667E+02 -0.9999E+03 -0.9999E+03 -0.9999E+03 -0.9999E+03
  0.2684E+02 -0.9999E+03 -0.9999E+03 -0.9999E+03 -0.9999E+03
  0.2702E+02 -0.9999E+03 -0.9999E+03 -0.9999E+03 -0.9999E+03
  0.2719E+02 -0.9999E+03 -0.9999E+03 -0.9999E+03 -0.9999E+03
  0.2737E+02 -0.9999E+03 -0.9999E+03 -0.9999E+03 -0.9999E+03
  0.2754E+02 -0.9999E+03 -0.9999E+03 -0.9999E+03 -0.9999E+03
  0.2772E+02 -0.9999E+03 -0.9999E+03 -0.9999E+03 -0.9999E+03
  0.2790E+02 -0.9999E+03 -0.9999E+03 -0.9999E+03 -0.9999E+03
  0.2807E+02 -0.9999E+03 -0.9999E+03 -0.9999E+03 -0.9999E+03
  0.2825E+02 -0.9999E+03 -0.9999E+03 -0.9999E+03 -0.9999E+03
  0.2842E+02 -0.9999E+03 -0.9999E+03 -0.9999E+03 -0.9999E+03
  0.2860E+02 -0.9999E+03 -0.9999E+03 -0.9999E+03 -0.9999E+03
  0.2877E+02 -0.9999E+03 -0.9999E+03 -0.9999E+03 -0.9999E+03
  0.2895E+02 -0.9999E+03 -0.9999E+03 -0.9999E+03 -0.9999E+03
  0.2912E+02 -0.9999E+03 -0.9999E+03 -0.9999E+03 -0.9999E+03
  0.2930E+02 -0.9999E+03 -0.9999E+03 -0.9999E+03 -0.9999E+03
  0.2947E+02 -0.9999E+03 -0.9999E+03 -0.9999E+03 -0.9999E+03
  0.2965E+02 -0.9999E+03 -0.9999E+03 -0.9999E+03 -0.9999E+03
  0.2982E+02 -0.9999E+03 -0.9999E+03 -0.9999E+03 -0.9999E+03
  0.3000E+02 -0.9999E+03 -0.9999E+03 -0.9999E+03 -0.9999E+03
  0.3017E+02 -0.9999E+03 -0.9999E+03 -0.9999E+03 -0.9999E+03
  0.3035E+02 -0.9999E+03 -0.9999E+03 -0.9999E+03 -0.9999E+03
  0.3052E+02 -0.9999E+03 -0.9999E+03 -0.9999E+03 -0.9999E+03
  0.3070E+02 -0.9999E+03 -0.9999E+03 -0.9999E+03 -0.9999E+03
