#    100
#    LPEN=  0.4999D+43     LGRV=  0.4998D+43     LSOF=  0.3646D+43   LREF=  0.3393D+43   A=  0.2302D+01   LREF/LSOF=  0.9308D+00   Lamda_Tau=  0.1000D+01   Lamda_U=  0.1000D+01
#      log nu     log(Fnu)   log(Fnu)s  log(nu*F)  log(nu*F)s
  0.1335E+02  0.2358E+02  0.2367E+02  0.3662E+02  0.3672E+02
  0.1352E+02  0.2383E+02  0.2392E+02  0.3705E+02  0.3714E+02
  0.1370E+02  0.2414E+02  0.2423E+02  0.3754E+02  0.3762E+02
  0.1388E+02  0.2448E+02  0.2457E+02  0.3805E+02  0.3815E+02
  0.1405E+02  0.2482E+02  0.2492E+02  0.3857E+02  0.3867E+02
  0.1423E+02  0.2515E+02  0.2525E+02  0.3908E+02  0.3918E+02
  0.1440E+02  0.2547E+02  0.2557E+02  0.3957E+02  0.3967E+02
  0.1458E+02  0.2577E+02  0.2588E+02  0.4005E+02  0.4016E+02
  0.1475E+02  0.2606E+02  0.2617E+02  0.4051E+02  0.4062E+02
  0.1493E+02  0.2631E+02  0.2643E+02  0.4094E+02  0.4106E+02
  0.1510E+02  0.2651E+02  0.2664E+02  0.4131E+02  0.4144E+02
  0.1528E+02  0.2663E+02  0.2676E+02  0.4161E+02  0.4173E+02
  0.1545E+02  0.2664E+02  0.2677E+02  0.4179E+02  0.4192E+02
  0.1563E+02  0.2650E+02  0.2663E+02  0.4183E+02  0.4195E+02
  0.1580E+02  0.2623E+02  0.2631E+02  0.4174E+02  0.4181E+02
  0.1598E+02  0.2586E+02  0.2577E+02  0.4154E+02  0.4145E+02
  0.1615E+02  0.2550E+02  0.2490E+02  0.4135E+02  0.4076E+02
  0.1633E+02  0.2524E+02  0.2357E+02  0.4127E+02  0.3959E+02
  0.1650E+02  0.2503E+02  0.2152E+02  0.4123E+02  0.3773E+02
  0.1668E+02  0.2482E+02 -0.9999E+03  0.4120E+02 -0.9999E+03
  0.1685E+02  0.2461E+02 -0.9999E+03  0.4116E+02 -0.9999E+03
  0.1703E+02  0.2440E+02 -0.9999E+03  0.4113E+02 -0.9999E+03
  0.1720E+02  0.2419E+02 -0.9999E+03  0.4109E+02 -0.9999E+03
  0.1738E+02  0.2398E+02 -0.9999E+03  0.4106E+02 -0.9999E+03
  0.1756E+02  0.2378E+02 -0.9999E+03  0.4103E+02 -0.9999E+03
  0.1773E+02  0.2357E+02 -0.9999E+03  0.4100E+02 -0.9999E+03
  0.1791E+02  0.2335E+02 -0.9999E+03  0.4095E+02 -0.9999E+03
  0.1808E+02  0.2314E+02 -0.9999E+03  0.4092E+02 -0.9999E+03
  0.1826E+02  0.2295E+02 -0.9999E+03  0.4090E+02 -0.9999E+03
  0.1843E+02  0.2274E+02 -0.9999E+03  0.4087E+02 -0.9999E+03
  0.1861E+02  0.2253E+02 -0.9999E+03  0.4084E+02 -0.9999E+03
  0.1878E+02  0.2234E+02 -0.9999E+03  0.4082E+02 -0.9999E+03
  0.1896E+02  0.2209E+02 -0.9999E+03  0.4074E+02 -0.9999E+03
  0.1913E+02  0.2186E+02 -0.9999E+03  0.4069E+02 -0.9999E+03
  0.1931E+02  0.2165E+02 -0.9999E+03  0.4065E+02 -0.9999E+03
  0.1948E+02  0.2137E+02 -0.9999E+03  0.4055E+02 -0.9999E+03
  0.1966E+02  0.2110E+02 -0.9999E+03  0.4046E+02 -0.9999E+03
  0.1983E+02  0.2067E+02 -0.9999E+03  0.4020E+02 -0.9999E+03
  0.2001E+02  0.2028E+02 -0.9999E+03  0.3999E+02 -0.9999E+03
  0.2018E+02  0.1967E+02 -0.9999E+03  0.3955E+02 -0.9999E+03
  0.2036E+02  0.1887E+02 -0.9999E+03  0.3893E+02 -0.9999E+03
  0.2053E+02  0.1698E+02 -0.9999E+03  0.3722E+02 -0.9999E+03
  0.2071E+02 -0.9999E+03 -0.9999E+03 -0.9999E+03 -0.9999E+03
  0.2089E+02 -0.9999E+03 -0.9999E+03 -0.9999E+03 -0.9999E+03
  0.2106E+02 -0.9999E+03 -0.9999E+03 -0.9999E+03 -0.9999E+03
  0.2124E+02 -0.9999E+03 -0.9999E+03 -0.9999E+03 -0.9999E+03
  0.2141E+02 -0.9999E+03 -0.9999E+03 -0.9999E+03 -0.9999E+03
  0.2159E+02 -0.9999E+03 -0.9999E+03 -0.9999E+03 -0.9999E+03
  0.2176E+02 -0.9999E+03 -0.9999E+03 -0.9999E+03 -0.9999E+03
  0.2194E+02 -0.9999E+03 -0.9999E+03 -0.9999E+03 -0.9999E+03
  0.2211E+02 -0.9999E+03 -0.9999E+03 -0.9999E+03 -0.9999E+03
  0.2229E+02 -0.9999E+03 -0.9999E+03 -0.9999E+03 -0.9999E+03
  0.2246E+02 -0.9999E+03 -0.9999E+03 -0.9999E+03 -0.9999E+03
  0.2264E+02 -0.9999E+03 -0.9999E+03 -0.9999E+03 -0.9999E+03
  0.2281E+02 -0.9999E+03 -0.9999E+03 -0.9999E+03 -0.9999E+03
  0.2299E+02 -0.9999E+03 -0.9999E+03 -0.9999E+03 -0.9999E+03
  0.2316E+02 -0.9999E+03 -0.9999E+03 -0.9999E+03 -0.9999E+03
  0.2334E+02 -0.9999E+03 -0.9999E+03 -0.9999E+03 -0.9999E+03
  0.2351E+02 -0.9999E+03 -0.9999E+03 -0.9999E+03 -0.9999E+03
  0.2369E+02 -0.9999E+03 -0.9999E+03 -0.9999E+03 -0.9999E+03
  0.2386E+02 -0.9999E+03 -0.9999E+03 -0.9999E+03 -0.9999E+03
  0.2404E+02 -0.9999E+03 -0.9999E+03 -0.9999E+03 -0.9999E+03
  0.2421E+02 -0.9999E+03 -0.9999E+03 -0.9999E+03 -0.9999E+03
  0.2439E+02 -0.9999E+03 -0.9999E+03 -0.9999E+03 -0.9999E+03
  0.2457E+02 -0.9999E+03 -0.9999E+03 -0.9999E+03 -0.9999E+03
  0.2474E+02 -0.9999E+03 -0.9999E+03 -0.9999E+03 -0.9999E+03
  0.2492E+02 -0.9999E+03 -0.9999E+03 -0.9999E+03 -0.9999E+03
  0.2509E+02 -0.9999E+03 -0.9999E+03 -0.9999E+03 -0.9999E+03
  0.2527E+02 -0.9999E+03 -0.9999E+03 -0.9999E+03 -0.9999E+03
  0.2544E+02 -0.9999E+03 -0.9999E+03 -0.9999E+03 -0.9999E+03
  0.2562E+02 -0.9999E+03 -0.9999E+03 -0.9999E+03 -0.9999E+03
  0.2579E+02 -0.9999E+03 -0.9999E+03 -0.9999E+03 -0.9999E+03
  0.2597E+02 -0.9999E+03 -0.9999E+03 -0.9999E+03 -0.9999E+03
  0.2614E+02 -0.9999E+03 -0.9999E+03 -0.9999E+03 -0.9999E+03
  0.2632E+02 -0.9999E+03 -0.9999E+03 -0.9999E+03 -0.9999E+03
  0.2649E+02 -0.9999E+03 -0.9999E+03 -0.9999E+03 -0.9999E+03
  0.2667E+02 -0.9999E+03 -0.9999E+03 -0.9999E+03 -0.9999E+03
  0.2684E+02 -0.9999E+03 -0.9999E+03 -0.9999E+03 -0.9999E+03
  0.2702E+02 -0.9999E+03 -0.9999E+03 -0.9999E+03 -0.9999E+03
  0.2719E+02 -0.9999E+03 -0.9999E+03 -0.9999E+03 -0.9999E+03
  0.2737E+02 -0.9999E+03 -0.9999E+03 -0.9999E+03 -0.9999E+03
  0.2754E+02 -0.9999E+03 -0.9999E+03 -0.9999E+03 -0.9999E+03
  0.2772E+02 -0.9999E+03 -0.9999E+03 -0.9999E+03 -0.9999E+03
  0.2790E+02 -0.9999E+03 -0.9999E+03 -0.9999E+03 -0.9999E+03
  0.2807E+02 -0.9999E+03 -0.9999E+03 -0.9999E+03 -0.9999E+03
  0.2825E+02 -0.9999E+03 -0.9999E+03 -0.9999E+03 -0.9999E+03
  0.2842E+02 -0.9999E+03 -0.9999E+03 -0.9999E+03 -0.9999E+03
  0.2860E+02 -0.9999E+03 -0.9999E+03 -0.9999E+03 -0.9999E+03
  0.2877E+02 -0.9999E+03 -0.9999E+03 -0.9999E+03 -0.9999E+03
  0.2895E+02 -0.9999E+03 -0.9999E+03 -0.9999E+03 -0.9999E+03
  0.2912E+02 -0.9999E+03 -0.9999E+03 -0.9999E+03 -0.9999E+03
  0.2930E+02 -0.9999E+03 -0.9999E+03 -0.9999E+03 -0.9999E+03
  0.2947E+02 -0.9999E+03 -0.9999E+03 -0.9999E+03 -0.9999E+03
  0.2965E+02 -0.9999E+03 -0.9999E+03 -0.9999E+03 -0.9999E+03
  0.2982E+02 -0.9999E+03 -0.9999E+03 -0.9999E+03 -0.9999E+03
  0.3000E+02 -0.9999E+03 -0.9999E+03 -0.9999E+03 -0.9999E+03
  0.3017E+02 -0.9999E+03 -0.9999E+03 -0.9999E+03 -0.9999E+03
  0.3035E+02 -0.9999E+03 -0.9999E+03 -0.9999E+03 -0.9999E+03
  0.3052E+02 -0.9999E+03 -0.9999E+03 -0.9999E+03 -0.9999E+03
  0.3070E+02 -0.9999E+03 -0.9999E+03 -0.9999E+03 -0.9999E+03
