#    100
#    LPEN=  0.3357D+45     LGRV=  0.3332D+45     LSOF=  0.3553D+45   LREF=  0.7132D+44   A=  0.1146D+01   LREF/LSOF=  0.2007D+00   Lamda_Tau=  0.1000D+01   Lamda_U=  0.1000D+01
#      log nu     log(Fnu)   log(Fnu)s  log(nu*F)  log(nu*F)s
  0.1335E+02  0.2399E+02  0.2402E+02  0.3704E+02  0.3707E+02
  0.1352E+02  0.2430E+02  0.2433E+02  0.3752E+02  0.3755E+02
  0.1370E+02  0.2459E+02  0.2463E+02  0.3799E+02  0.3803E+02
  0.1388E+02  0.2498E+02  0.2503E+02  0.3855E+02  0.3860E+02
  0.1405E+02  0.2533E+02  0.2539E+02  0.3908E+02  0.3914E+02
  0.1423E+02  0.2569E+02  0.2575E+02  0.3962E+02  0.3967E+02
  0.1440E+02  0.2604E+02  0.2610E+02  0.4014E+02  0.4020E+02
  0.1458E+02  0.2637E+02  0.2642E+02  0.4064E+02  0.4069E+02
  0.1475E+02  0.2671E+02  0.2676E+02  0.4116E+02  0.4121E+02
  0.1493E+02  0.2702E+02  0.2708E+02  0.4165E+02  0.4171E+02
  0.1510E+02  0.2733E+02  0.2738E+02  0.4213E+02  0.4219E+02
  0.1528E+02  0.2761E+02  0.2767E+02  0.4258E+02  0.4264E+02
  0.1545E+02  0.2785E+02  0.2791E+02  0.4300E+02  0.4306E+02
  0.1563E+02  0.2803E+02  0.2809E+02  0.4336E+02  0.4342E+02
  0.1580E+02  0.2813E+02  0.2819E+02  0.4363E+02  0.4370E+02
  0.1598E+02  0.2813E+02  0.2819E+02  0.4381E+02  0.4387E+02
  0.1615E+02  0.2801E+02  0.2806E+02  0.4387E+02  0.4392E+02
  0.1633E+02  0.2777E+02  0.2780E+02  0.4379E+02  0.4383E+02
  0.1650E+02  0.2735E+02  0.2734E+02  0.4356E+02  0.4354E+02
  0.1668E+02  0.2675E+02  0.2656E+02  0.4313E+02  0.4294E+02
  0.1685E+02  0.2615E+02  0.2535E+02  0.4271E+02  0.4190E+02
  0.1703E+02  0.2572E+02  0.2329E+02  0.4244E+02  0.4002E+02
  0.1720E+02  0.2531E+02 -0.9999E+03  0.4221E+02 -0.9999E+03
  0.1738E+02  0.2486E+02 -0.9999E+03  0.4194E+02 -0.9999E+03
  0.1756E+02  0.2444E+02 -0.9999E+03  0.4170E+02 -0.9999E+03
  0.1773E+02  0.2402E+02 -0.9999E+03  0.4145E+02 -0.9999E+03
  0.1791E+02  0.2356E+02 -0.9999E+03  0.4116E+02 -0.9999E+03
  0.1808E+02  0.2314E+02 -0.9999E+03  0.4092E+02 -0.9999E+03
  0.1826E+02  0.2265E+02 -0.9999E+03  0.4060E+02 -0.9999E+03
  0.1843E+02  0.2215E+02 -0.9999E+03  0.4028E+02 -0.9999E+03
  0.1861E+02  0.2165E+02 -0.9999E+03  0.3996E+02 -0.9999E+03
  0.1878E+02  0.2118E+02 -0.9999E+03  0.3966E+02 -0.9999E+03
  0.1896E+02  0.2052E+02 -0.9999E+03  0.3918E+02 -0.9999E+03
  0.1913E+02  0.1968E+02 -0.9999E+03  0.3851E+02 -0.9999E+03
  0.1931E+02  0.1936E+02 -0.9999E+03  0.3837E+02 -0.9999E+03
  0.1948E+02  0.1869E+02 -0.9999E+03  0.3787E+02 -0.9999E+03
  0.1966E+02 -0.9999E+03 -0.9999E+03 -0.9999E+03 -0.9999E+03
  0.1983E+02 -0.9999E+03 -0.9999E+03 -0.9999E+03 -0.9999E+03
  0.2001E+02 -0.9999E+03 -0.9999E+03 -0.9999E+03 -0.9999E+03
  0.2018E+02 -0.9999E+03 -0.9999E+03 -0.9999E+03 -0.9999E+03
  0.2036E+02 -0.9999E+03 -0.9999E+03 -0.9999E+03 -0.9999E+03
  0.2053E+02 -0.9999E+03 -0.9999E+03 -0.9999E+03 -0.9999E+03
  0.2071E+02 -0.9999E+03 -0.9999E+03 -0.9999E+03 -0.9999E+03
  0.2089E+02 -0.9999E+03 -0.9999E+03 -0.9999E+03 -0.9999E+03
  0.2106E+02 -0.9999E+03 -0.9999E+03 -0.9999E+03 -0.9999E+03
  0.2124E+02 -0.9999E+03 -0.9999E+03 -0.9999E+03 -0.9999E+03
  0.2141E+02 -0.9999E+03 -0.9999E+03 -0.9999E+03 -0.9999E+03
  0.2159E+02 -0.9999E+03 -0.9999E+03 -0.9999E+03 -0.9999E+03
  0.2176E+02 -0.9999E+03 -0.9999E+03 -0.9999E+03 -0.9999E+03
  0.2194E+02 -0.9999E+03 -0.9999E+03 -0.9999E+03 -0.9999E+03
  0.2211E+02 -0.9999E+03 -0.9999E+03 -0.9999E+03 -0.9999E+03
  0.2229E+02 -0.9999E+03 -0.9999E+03 -0.9999E+03 -0.9999E+03
  0.2246E+02 -0.9999E+03 -0.9999E+03 -0.9999E+03 -0.9999E+03
  0.2264E+02 -0.9999E+03 -0.9999E+03 -0.9999E+03 -0.9999E+03
  0.2281E+02 -0.9999E+03 -0.9999E+03 -0.9999E+03 -0.9999E+03
  0.2299E+02 -0.9999E+03 -0.9999E+03 -0.9999E+03 -0.9999E+03
  0.2316E+02 -0.9999E+03 -0.9999E+03 -0.9999E+03 -0.9999E+03
  0.2334E+02 -0.9999E+03 -0.9999E+03 -0.9999E+03 -0.9999E+03
  0.2351E+02 -0.9999E+03 -0.9999E+03 -0.9999E+03 -0.9999E+03
  0.2369E+02 -0.9999E+03 -0.9999E+03 -0.9999E+03 -0.9999E+03
  0.2386E+02 -0.9999E+03 -0.9999E+03 -0.9999E+03 -0.9999E+03
  0.2404E+02 -0.9999E+03 -0.9999E+03 -0.9999E+03 -0.9999E+03
  0.2421E+02 -0.9999E+03 -0.9999E+03 -0.9999E+03 -0.9999E+03
  0.2439E+02 -0.9999E+03 -0.9999E+03 -0.9999E+03 -0.9999E+03
  0.2457E+02 -0.9999E+03 -0.9999E+03 -0.9999E+03 -0.9999E+03
  0.2474E+02 -0.9999E+03 -0.9999E+03 -0.9999E+03 -0.9999E+03
  0.2492E+02 -0.9999E+03 -0.9999E+03 -0.9999E+03 -0.9999E+03
  0.2509E+02 -0.9999E+03 -0.9999E+03 -0.9999E+03 -0.9999E+03
  0.2527E+02 -0.9999E+03 -0.9999E+03 -0.9999E+03 -0.9999E+03
  0.2544E+02 -0.9999E+03 -0.9999E+03 -0.9999E+03 -0.9999E+03
  0.2562E+02 -0.9999E+03 -0.9999E+03 -0.9999E+03 -0.9999E+03
  0.2579E+02 -0.9999E+03 -0.9999E+03 -0.9999E+03 -0.9999E+03
  0.2597E+02 -0.9999E+03 -0.9999E+03 -0.9999E+03 -0.9999E+03
  0.2614E+02 -0.9999E+03 -0.9999E+03 -0.9999E+03 -0.9999E+03
  0.2632E+02 -0.9999E+03 -0.9999E+03 -0.9999E+03 -0.9999E+03
  0.2649E+02 -0.9999E+03 -0.9999E+03 -0.9999E+03 -0.9999E+03
  0.2667E+02 -0.9999E+03 -0.9999E+03 -0.9999E+03 -0.9999E+03
  0.2684E+02 -0.9999E+03 -0.9999E+03 -0.9999E+03 -0.9999E+03
  0.2702E+02 -0.9999E+03 -0.9999E+03 -0.9999E+03 -0.9999E+03
  0.2719E+02 -0.9999E+03 -0.9999E+03 -0.9999E+03 -0.9999E+03
  0.2737E+02 -0.9999E+03 -0.9999E+03 -0.9999E+03 -0.9999E+03
  0.2754E+02 -0.9999E+03 -0.9999E+03 -0.9999E+03 -0.9999E+03
  0.2772E+02 -0.9999E+03 -0.9999E+03 -0.9999E+03 -0.9999E+03
  0.2790E+02 -0.9999E+03 -0.9999E+03 -0.9999E+03 -0.9999E+03
  0.2807E+02 -0.9999E+03 -0.9999E+03 -0.9999E+03 -0.9999E+03
  0.2825E+02 -0.9999E+03 -0.9999E+03 -0.9999E+03 -0.9999E+03
  0.2842E+02 -0.9999E+03 -0.9999E+03 -0.9999E+03 -0.9999E+03
  0.2860E+02 -0.9999E+03 -0.9999E+03 -0.9999E+03 -0.9999E+03
  0.2877E+02 -0.9999E+03 -0.9999E+03 -0.9999E+03 -0.9999E+03
  0.2895E+02 -0.9999E+03 -0.9999E+03 -0.9999E+03 -0.9999E+03
  0.2912E+02 -0.9999E+03 -0.9999E+03 -0.9999E+03 -0.9999E+03
  0.2930E+02 -0.9999E+03 -0.9999E+03 -0.9999E+03 -0.9999E+03
  0.2947E+02 -0.9999E+03 -0.9999E+03 -0.9999E+03 -0.9999E+03
  0.2965E+02 -0.9999E+03 -0.9999E+03 -0.9999E+03 -0.9999E+03
  0.2982E+02 -0.9999E+03 -0.9999E+03 -0.9999E+03 -0.9999E+03
  0.3000E+02 -0.9999E+03 -0.9999E+03 -0.9999E+03 -0.9999E+03
  0.3017E+02 -0.9999E+03 -0.9999E+03 -0.9999E+03 -0.9999E+03
  0.3035E+02 -0.9999E+03 -0.9999E+03 -0.9999E+03 -0.9999E+03
  0.3052E+02 -0.9999E+03 -0.9999E+03 -0.9999E+03 -0.9999E+03
  0.3070E+02 -0.9999E+03 -0.9999E+03 -0.9999E+03 -0.9999E+03
