#    100
#    LPEN=  0.1666D+44     LGRV=  0.1666D+44     LSOF=  0.1224D+44   LREF=  0.1126D+44   A=  0.2281D+01   LREF/LSOF=  0.9196D+00   Lamda_Tau=  0.1000D+01   Lamda_U=  0.1000D+01
#      log nu     log(Fnu)   log(Fnu)s  log(nu*F)  log(nu*F)s
  0.1335E+02  0.2363E+02  0.2372E+02  0.3668E+02  0.3677E+02
  0.1352E+02  0.2393E+02  0.2403E+02  0.3715E+02  0.3725E+02
  0.1370E+02  0.2430E+02  0.2438E+02  0.3770E+02  0.3778E+02
  0.1388E+02  0.2461E+02  0.2470E+02  0.3819E+02  0.3828E+02
  0.1405E+02  0.2496E+02  0.2505E+02  0.3871E+02  0.3880E+02
  0.1423E+02  0.2529E+02  0.2539E+02  0.3922E+02  0.3932E+02
  0.1440E+02  0.2562E+02  0.2572E+02  0.3972E+02  0.3982E+02
  0.1458E+02  0.2594E+02  0.2605E+02  0.4022E+02  0.4032E+02
  0.1475E+02  0.2624E+02  0.2635E+02  0.4069E+02  0.4080E+02
  0.1493E+02  0.2652E+02  0.2664E+02  0.4115E+02  0.4126E+02
  0.1510E+02  0.2676E+02  0.2688E+02  0.4156E+02  0.4168E+02
  0.1528E+02  0.2694E+02  0.2707E+02  0.4192E+02  0.4204E+02
  0.1545E+02  0.2704E+02  0.2717E+02  0.4219E+02  0.4232E+02
  0.1563E+02  0.2701E+02  0.2714E+02  0.4234E+02  0.4247E+02
  0.1580E+02  0.2684E+02  0.2696E+02  0.4235E+02  0.4246E+02
  0.1598E+02  0.2655E+02  0.2660E+02  0.4222E+02  0.4228E+02
  0.1615E+02  0.2616E+02  0.2599E+02  0.4202E+02  0.4184E+02
  0.1633E+02  0.2583E+02  0.2503E+02  0.4185E+02  0.4106E+02
  0.1650E+02  0.2558E+02  0.2352E+02  0.4178E+02  0.3972E+02
  0.1668E+02  0.2537E+02 -0.9999E+03  0.4175E+02 -0.9999E+03
  0.1685E+02  0.2516E+02 -0.9999E+03  0.4172E+02 -0.9999E+03
  0.1703E+02  0.2495E+02 -0.9999E+03  0.4168E+02 -0.9999E+03
  0.1720E+02  0.2474E+02 -0.9999E+03  0.4165E+02 -0.9999E+03
  0.1738E+02  0.2453E+02 -0.9999E+03  0.4161E+02 -0.9999E+03
  0.1756E+02  0.2432E+02 -0.9999E+03  0.4158E+02 -0.9999E+03
  0.1773E+02  0.2412E+02 -0.9999E+03  0.4155E+02 -0.9999E+03
  0.1791E+02  0.2390E+02 -0.9999E+03  0.4150E+02 -0.9999E+03
  0.1808E+02  0.2369E+02 -0.9999E+03  0.4147E+02 -0.9999E+03
  0.1826E+02  0.2349E+02 -0.9999E+03  0.4145E+02 -0.9999E+03
  0.1843E+02  0.2327E+02 -0.9999E+03  0.4140E+02 -0.9999E+03
  0.1861E+02  0.2307E+02 -0.9999E+03  0.4138E+02 -0.9999E+03
  0.1878E+02  0.2286E+02 -0.9999E+03  0.4134E+02 -0.9999E+03
  0.1896E+02  0.2266E+02 -0.9999E+03  0.4132E+02 -0.9999E+03
  0.1913E+02  0.2239E+02 -0.9999E+03  0.4122E+02 -0.9999E+03
  0.1931E+02  0.2220E+02 -0.9999E+03  0.4120E+02 -0.9999E+03
  0.1948E+02  0.2195E+02 -0.9999E+03  0.4114E+02 -0.9999E+03
  0.1966E+02  0.2166E+02 -0.9999E+03  0.4101E+02 -0.9999E+03
  0.1983E+02  0.2128E+02 -0.9999E+03  0.4081E+02 -0.9999E+03
  0.2001E+02  0.2070E+02 -0.9999E+03  0.4041E+02 -0.9999E+03
  0.2018E+02  0.2019E+02 -0.9999E+03  0.4007E+02 -0.9999E+03
  0.2036E+02  0.1954E+02 -0.9999E+03  0.3960E+02 -0.9999E+03
  0.2053E+02 -0.9999E+03 -0.9999E+03 -0.9999E+03 -0.9999E+03
  0.2071E+02 -0.9999E+03 -0.9999E+03 -0.9999E+03 -0.9999E+03
  0.2089E+02 -0.9999E+03 -0.9999E+03 -0.9999E+03 -0.9999E+03
  0.2106E+02 -0.9999E+03 -0.9999E+03 -0.9999E+03 -0.9999E+03
  0.2124E+02 -0.9999E+03 -0.9999E+03 -0.9999E+03 -0.9999E+03
  0.2141E+02 -0.9999E+03 -0.9999E+03 -0.9999E+03 -0.9999E+03
  0.2159E+02 -0.9999E+03 -0.9999E+03 -0.9999E+03 -0.9999E+03
  0.2176E+02 -0.9999E+03 -0.9999E+03 -0.9999E+03 -0.9999E+03
  0.2194E+02 -0.9999E+03 -0.9999E+03 -0.9999E+03 -0.9999E+03
  0.2211E+02 -0.9999E+03 -0.9999E+03 -0.9999E+03 -0.9999E+03
  0.2229E+02 -0.9999E+03 -0.9999E+03 -0.9999E+03 -0.9999E+03
  0.2246E+02 -0.9999E+03 -0.9999E+03 -0.9999E+03 -0.9999E+03
  0.2264E+02 -0.9999E+03 -0.9999E+03 -0.9999E+03 -0.9999E+03
  0.2281E+02 -0.9999E+03 -0.9999E+03 -0.9999E+03 -0.9999E+03
  0.2299E+02 -0.9999E+03 -0.9999E+03 -0.9999E+03 -0.9999E+03
  0.2316E+02 -0.9999E+03 -0.9999E+03 -0.9999E+03 -0.9999E+03
  0.2334E+02 -0.9999E+03 -0.9999E+03 -0.9999E+03 -0.9999E+03
  0.2351E+02 -0.9999E+03 -0.9999E+03 -0.9999E+03 -0.9999E+03
  0.2369E+02 -0.9999E+03 -0.9999E+03 -0.9999E+03 -0.9999E+03
  0.2386E+02 -0.9999E+03 -0.9999E+03 -0.9999E+03 -0.9999E+03
  0.2404E+02 -0.9999E+03 -0.9999E+03 -0.9999E+03 -0.9999E+03
  0.2421E+02 -0.9999E+03 -0.9999E+03 -0.9999E+03 -0.9999E+03
  0.2439E+02 -0.9999E+03 -0.9999E+03 -0.9999E+03 -0.9999E+03
  0.2457E+02 -0.9999E+03 -0.9999E+03 -0.9999E+03 -0.9999E+03
  0.2474E+02 -0.9999E+03 -0.9999E+03 -0.9999E+03 -0.9999E+03
  0.2492E+02 -0.9999E+03 -0.9999E+03 -0.9999E+03 -0.9999E+03
  0.2509E+02 -0.9999E+03 -0.9999E+03 -0.9999E+03 -0.9999E+03
  0.2527E+02 -0.9999E+03 -0.9999E+03 -0.9999E+03 -0.9999E+03
  0.2544E+02 -0.9999E+03 -0.9999E+03 -0.9999E+03 -0.9999E+03
  0.2562E+02 -0.9999E+03 -0.9999E+03 -0.9999E+03 -0.9999E+03
  0.2579E+02 -0.9999E+03 -0.9999E+03 -0.9999E+03 -0.9999E+03
  0.2597E+02 -0.9999E+03 -0.9999E+03 -0.9999E+03 -0.9999E+03
  0.2614E+02 -0.9999E+03 -0.9999E+03 -0.9999E+03 -0.9999E+03
  0.2632E+02 -0.9999E+03 -0.9999E+03 -0.9999E+03 -0.9999E+03
  0.2649E+02 -0.9999E+03 -0.9999E+03 -0.9999E+03 -0.9999E+03
  0.2667E+02 -0.9999E+03 -0.9999E+03 -0.9999E+03 -0.9999E+03
  0.2684E+02 -0.9999E+03 -0.9999E+03 -0.9999E+03 -0.9999E+03
  0.2702E+02 -0.9999E+03 -0.9999E+03 -0.9999E+03 -0.9999E+03
  0.2719E+02 -0.9999E+03 -0.9999E+03 -0.9999E+03 -0.9999E+03
  0.2737E+02 -0.9999E+03 -0.9999E+03 -0.9999E+03 -0.9999E+03
  0.2754E+02 -0.9999E+03 -0.9999E+03 -0.9999E+03 -0.9999E+03
  0.2772E+02 -0.9999E+03 -0.9999E+03 -0.9999E+03 -0.9999E+03
  0.2790E+02 -0.9999E+03 -0.9999E+03 -0.9999E+03 -0.9999E+03
  0.2807E+02 -0.9999E+03 -0.9999E+03 -0.9999E+03 -0.9999E+03
  0.2825E+02 -0.9999E+03 -0.9999E+03 -0.9999E+03 -0.9999E+03
  0.2842E+02 -0.9999E+03 -0.9999E+03 -0.9999E+03 -0.9999E+03
  0.2860E+02 -0.9999E+03 -0.9999E+03 -0.9999E+03 -0.9999E+03
  0.2877E+02 -0.9999E+03 -0.9999E+03 -0.9999E+03 -0.9999E+03
  0.2895E+02 -0.9999E+03 -0.9999E+03 -0.9999E+03 -0.9999E+03
  0.2912E+02 -0.9999E+03 -0.9999E+03 -0.9999E+03 -0.9999E+03
  0.2930E+02 -0.9999E+03 -0.9999E+03 -0.9999E+03 -0.9999E+03
  0.2947E+02 -0.9999E+03 -0.9999E+03 -0.9999E+03 -0.9999E+03
  0.2965E+02 -0.9999E+03 -0.9999E+03 -0.9999E+03 -0.9999E+03
  0.2982E+02 -0.9999E+03 -0.9999E+03 -0.9999E+03 -0.9999E+03
  0.3000E+02 -0.9999E+03 -0.9999E+03 -0.9999E+03 -0.9999E+03
  0.3017E+02 -0.9999E+03 -0.9999E+03 -0.9999E+03 -0.9999E+03
  0.3035E+02 -0.9999E+03 -0.9999E+03 -0.9999E+03 -0.9999E+03
  0.3052E+02 -0.9999E+03 -0.9999E+03 -0.9999E+03 -0.9999E+03
  0.3070E+02 -0.9999E+03 -0.9999E+03 -0.9999E+03 -0.9999E+03
