# KROME file, XRAY H rate
# Distance = 1 kpc
# Xray rate including primary H ionization in 1/s
# first line indicates the size of the table (30x30)
# then first column is the parameter log10(nH), where nH is the H column density in cm-2
# second column is log10(xHe), where xHe = nHe/nH both in cm-2
# third column is log10(rate), where rate is in units of 1/s
30, 30
16.0 0.0 -10.895546640880799
16.0 -0.1724138 -11.052313702859276
16.0 -0.34482759 -11.202526774609996
16.0 -0.51724136 -11.343934808119583
16.0 -0.68965518 -11.474004921233373
16.0 -0.86206895 -11.590228159493929
16.0 -1.0344827 -11.690582186553753
16.0 -1.2068965 -11.774015237392979
16.0 -1.3793104 -11.84073567991886
16.0 -1.5517242 -11.892151628077682
16.0 -1.7241379 -11.930494394795744
16.0 -1.8965517 -11.95831877236532
16.0 -2.0689654 -11.978081425440081
16.0 -2.2413793 -11.99189291545572
16.0 -2.4137931 -12.00143213679515
16.0 -2.5862069 -12.00796556528114
16.0 -2.7586207 -12.012414143711748
16.0 -2.9310346 -12.015430911156503
16.0 -3.1034484 -12.01747103705472
16.0 -3.275862 -12.018848093629188
16.0 -3.4482758 -12.019776400402787
16.0 -3.6206896 -12.02040165175719
16.0 -3.7931035 -12.020822537486808
16.0 -3.9655173 -12.02110574332045
16.0 -4.1379309 -12.021296256435388
16.0 -4.3103447 -12.021424392397654
16.0 -4.4827585 -12.021510564046446
16.0 -4.6551723 -12.021568509940883
16.0 -4.8275862 -12.021607473402788
16.0 -5.0 -12.021633671878087

16.344828 0.0 -10.895972361612408
16.344828 -0.1724138 -11.05260615594557
16.344828 -0.34482759 -11.202729569891371
16.344828 -0.51724136 -11.344077284159544
16.344828 -0.68965518 -11.474106809558538
16.344828 -0.86206895 -11.59030272837954
16.344828 -1.0344827 -11.690638358688295
16.344828 -1.2068965 -11.774059015417937
16.344828 -1.3793104 -11.840771104838288
16.344828 -1.5517242 -11.892181422551092
16.344828 -1.7241379 -11.93052039444562
16.344828 -1.8965517 -11.95834221513143
16.344828 -2.0689654 -11.978103146103106
16.344828 -2.2413793 -11.991913476714695
16.344828 -2.4137931 -12.001451917761818
16.344828 -2.5862069 -12.007984821249819
16.344828 -2.7586207 -12.012433046525658
16.344828 -2.9310346 -12.01544957644777
16.344828 -3.1034484 -12.017489542612347
16.344828 -3.275862 -12.018866491774487
16.344828 -3.4482758 -12.019794726322713
16.344828 -3.6206896 -12.02041992911372
16.344828 -3.7931035 -12.020840782190735
16.344828 -3.9655173 -12.021123966070117
16.344828 -4.1379309 -12.021314464424096
16.344828 -4.3103447 -12.021442590461866
16.344828 -4.4827585 -12.021528755437998
16.344828 -4.6551723 -12.021586696846136
16.344828 -4.8275862 -12.021625657291723
16.344828 -5.0 -12.02165185373904

16.689655 0.0 -10.896913145260777
16.689655 -0.1724138 -11.053252651018317
16.689655 -0.34482759 -11.203177967955932
16.689655 -0.51724136 -11.344392358374384
16.689655 -0.68965518 -11.474332150059256
16.689655 -0.86206895 -11.590467659245512
16.689655 -1.0344827 -11.690762605432894
16.689655 -1.2068965 -11.774155850688588
16.689655 -1.3793104 -11.840849464982746
16.689655 -1.5517242 -11.892247329026487
16.689655 -1.7241379 -11.930577907166594
16.689655 -1.8965517 -11.958394072202813
16.689655 -2.0689654 -11.978151193961546
16.689655 -2.2413793 -11.991958960006349
16.689655 -2.4137931 -12.001495675062149
16.689655 -2.5862069 -12.008027417261124
16.689655 -2.7586207 -12.012474861361307
16.689655 -2.9310346 -12.015490865884379
16.689655 -3.1034484 -12.017530478718506
16.689655 -3.275862 -12.01890719028466
16.689655 -3.4482758 -12.019835265070345
16.689655 -3.6206896 -12.020460360439076
16.689655 -3.7931035 -12.020881141288493
16.689655 -3.9655173 -12.021164276605024
16.689655 -4.1379309 -12.021354742307727
16.689655 -4.3103447 -12.0214828463925
16.689655 -4.4827585 -12.02156899660869
16.689655 -4.6551723 -12.021626928093118
16.689655 -4.8275862 -12.02166588186661
16.689655 -5.0 -12.021692073828024

17.034483 0.0 -10.898989486789322
17.034483 -0.1724138 -11.054680534086387
17.034483 -0.34482759 -11.204168812068772
17.034483 -0.51724136 -11.345088822129275
17.034483 -0.68965518 -11.474830370785632
17.034483 -0.86206895 -11.590832370883893
17.034483 -1.0344827 -11.691037379984554
17.034483 -1.2068965 -11.774370018654883
17.034483 -1.3793104 -11.841022779909917
17.034483 -1.5517242 -11.892393103719348
17.034483 -1.7241379 -11.930705118822592
17.034483 -1.8965517 -11.95850877578658
17.034483 -2.0689654 -11.978257472867279
17.034483 -2.2413793 -11.992059566876836
17.034483 -2.4137931 -12.001592464528676
17.034483 -2.5862069 -12.00812163826691
17.034483 -2.7586207 -12.012567354607182
17.034483 -2.9310346 -12.015582197078777
17.034483 -3.1034484 -12.01762102843248
17.034483 -3.275862 -12.018997214493739
17.034483 -3.4482758 -12.019924935922953
17.034483 -3.6206896 -12.020549793699182
17.034483 -3.7931035 -12.020970414798276
17.034483 -3.9655173 -12.021253442705259
17.034483 -4.1379309 -12.021443836191043
17.034483 -4.3103447 -12.02157189172096
17.034483 -4.4827585 -12.021658009291635
17.034483 -4.6551723 -12.021715918827159
17.034483 -4.8275862 -12.021754857843538
17.034483 -5.0 -12.021781039883193

17.379311 0.0 -10.903559035947385
17.379311 -0.1724138 -11.057828066231593
17.379311 -0.34482759 -11.206355345123162
17.379311 -0.51724136 -11.346626862103848
17.379311 -0.68965518 -11.475931162306912
17.379311 -0.86206895 -11.591638448691796
17.379311 -1.0344827 -11.691644816266223
17.379311 -1.2068965 -11.77484354470236
17.379311 -1.3793104 -11.84140601840107
17.379311 -1.5517242 -11.892715466372966
17.379311 -1.7241379 -11.930986444435932
17.379311 -1.8965517 -11.958762447853783
17.379311 -2.0689654 -11.978492518219369
17.379311 -2.2413793 -11.992282071088649
17.379311 -2.4137931 -12.001806528080378
17.379311 -2.5862069 -12.008330022606671
17.379311 -2.7586207 -12.012771918597004
17.379311 -2.9310346 -12.015784191570981
17.379311 -3.1034484 -12.017821294927469
17.379311 -3.275862 -12.019196318996826
17.379311 -3.4482758 -12.020123259085555
17.379311 -3.6206896 -12.020747591497383
17.379311 -3.7931035 -12.021167859356307
17.379311 -3.9655173 -12.021450649758972
17.379311 -4.1379309 -12.021640883558415
17.379311 -4.3103447 -12.021768831723607
17.379311 -4.4827585 -12.02185487710835
17.379311 -4.6551723 -12.021912738110336
17.379311 -4.8275862 -12.021951644495706
17.379311 -5.0 -12.021977804596311

17.724138 0.0 -10.913552769542113
17.724138 -0.1724138 -11.064736385571113
17.724138 -0.34482759 -11.21116597368315
17.724138 -0.51724136 -11.350016211061654
17.724138 -0.68965518 -11.47835959952295
17.724138 -0.86206895 -11.593418027135685
17.724138 -1.0344827 -11.69298651515984
17.724138 -1.2068965 -11.775889810995649
17.724138 -1.3793104 -11.84225298116992
17.724138 -1.5517242 -11.893427999424402
17.724138 -1.7241379 -11.931608334065436
17.724138 -1.8965517 -11.959323245377968
17.724138 -2.0689654 -11.97901216095885
17.724138 -2.2413793 -11.992774002675237
17.724138 -2.4137931 -12.00227980804858
17.724138 -2.5862069 -12.008790752585885
17.724138 -2.7586207 -12.013224206124036
17.724138 -2.9310346 -12.01623080076919
17.724138 -3.1034484 -12.018264085386761
17.724138 -3.275862 -12.019636541526415
17.724138 -3.4482758 -12.020561754893073
17.724138 -3.6206896 -12.02118492627299
17.724138 -3.7931035 -12.021604413485194
17.724138 -3.9655173 -12.021886679011997
17.724138 -4.1379309 -12.022076559910122
17.724138 -4.3103447 -12.022204270802805
17.724138 -4.4827585 -12.022290156658947
17.724138 -4.6551723 -12.022347910403333
17.724138 -4.8275862 -12.022386744675181
17.724138 -5.0 -12.022412856291153

18.068966 0.0 -10.935111874849477
18.068966 -0.1724138 -11.079755997188814
18.068966 -0.34482759 -11.221680245297565
18.068966 -0.51724136 -11.357450524695215
18.068966 -0.68965518 -11.483699026888084
18.068966 -0.86206895 -11.59733713862639
18.068966 -1.0344827 -11.695944517682014
18.068966 -1.2068965 -11.77819817316714
18.068966 -1.3793104 -11.844122543986957
18.068966 -1.5517242 -11.895001346916223
18.068966 -1.7241379 -11.932981837259
18.068966 -1.8965517 -11.960562006165588
18.068966 -2.0689654 -11.98016012929698
18.068966 -2.2413793 -11.993860826409778
18.068966 -2.4137931 -12.003325472298012
18.068966 -2.5862069 -12.009808719990334
18.068966 -2.7586207 -12.014223540728466
18.068966 -2.9310346 -12.017217602656963
18.068966 -3.1034484 -12.01924245868606
18.068966 -3.275862 -12.020609246890581
18.068966 -3.4482758 -12.021530648995345
18.068966 -3.6206896 -12.022151257699807
18.068966 -3.7931035 -12.02256902182949
18.068966 -3.9655173 -12.022850128820274
18.068966 -4.1379309 -12.023039230772739
18.068966 -4.3103447 -12.023166417942072
18.068966 -4.4827585 -12.023251951675942
18.068966 -4.6551723 -12.023309468673974
18.068966 -4.8275862 -12.02334814377182
18.068966 -5.0 -12.023374148369095

18.413794 0.0 -10.98026840157303
18.413794 -0.1724138 -11.111743726928069
18.413794 -0.34482759 -11.244330323494601
18.413794 -0.51724136 -11.373590792649171
18.413794 -0.68965518 -11.495352444394609
18.413794 -0.86206895 -11.60592118551145
18.413794 -1.0344827 -11.702439011530632
18.413794 -1.2068965 -11.78327453696821
18.413794 -1.3793104 -11.848238410808774
18.413794 -1.5517242 -11.89846762731841
18.413794 -1.7241379 -11.936009324903116
18.413794 -1.8965517 -11.963293396578605
18.413794 -2.0689654 -11.98269189070269
18.413794 -2.2413793 -11.996258095916396
18.413794 -2.4137931 -12.005632185582032
18.413794 -2.5862069 -12.012054486194844
18.413794 -2.7586207 -12.016428300627268
18.413794 -2.9310346 -12.01939477893242
18.413794 -3.1034484 -12.021401083269922
18.413794 -3.275862 -12.022755395665488
18.413794 -3.4482758 -12.023668408525943
18.413794 -3.6206896 -12.024283376250922
18.413794 -3.7931035 -12.02469734747878
18.413794 -3.9655173 -12.024975904246514
18.413794 -4.1379309 -12.025163291539544
18.413794 -4.3103447 -12.025289325855566
18.413794 -4.4827585 -12.0253740844737
18.413794 -4.6551723 -12.025431080328632
18.413794 -4.8275862 -12.025469405040882
18.413794 -5.0 -12.02549517406052

18.758621 0.0 -11.069355872565408
18.758621 -0.1724138 -11.176972778200206
18.758621 -0.34482759 -11.291629429814728
18.758621 -0.51724136 -11.407859712601502
18.758621 -0.68965518 -11.520378518458852
18.758621 -0.86206895 -11.624499295499081
18.758621 -1.0344827 -11.7165688711906
18.758621 -1.2068965 -11.794358304935953
18.758621 -1.3793104 -11.85724656329982
18.758621 -1.5517242 -11.9060663088504
18.758621 -1.7241379 -11.942653300262975
18.758621 -1.8965517 -11.96929194575214
18.758621 -2.0689654 -11.988254751829096
18.758621 -2.2413793 -12.00152718442858
18.758621 -2.4137931 -12.010703359511385
18.758621 -2.5862069 -12.016992407208495
18.758621 -2.7586207 -12.021276543834729
18.758621 -2.9310346 -12.024182688440233
18.758621 -3.1034484 -12.026148409966492
18.758621 -3.275862 -12.027475428755531
18.758621 -3.4482758 -12.02837008732369
18.758621 -3.6206896 -12.028972713077977
18.758621 -3.7931035 -12.029378385572588
18.758621 -3.9655173 -12.02965136245548
18.758621 -4.1379309 -12.029834998035925
18.758621 -4.3103447 -12.029958509865502
18.758621 -4.4827585 -12.030041572493081
18.758621 -4.6551723 -12.030097428058129
18.758621 -4.8275862 -12.03013498610567
18.758621 -5.0 -12.030160239666559

19.103449 0.0 -11.22850788031448
19.103449 -0.1724138 -11.299558306812683
19.103449 -0.34482759 -11.384399820629438
19.103449 -0.51724136 -11.47730032045957
19.103449 -0.68965518 -11.572296088000313
19.103449 -0.86206895 -11.663679171180524
19.103449 -1.0344827 -11.746706594820003
19.103449 -1.2068965 -11.81818186563547
19.103449 -1.3793104 -11.876710166292378
19.103449 -1.5517242 -11.922542548665064
19.103449 -1.7241379 -11.95709375930222
19.103449 -1.8965517 -11.982350493939995
19.103449 -2.0689654 -12.00037788882678
19.103449 -2.2413793 -12.013018431343047
19.103449 -2.4137931 -12.021768371987386
19.103449 -2.5862069 -12.027770202082415
19.103449 -2.7586207 -12.03186093542378
19.103449 -2.9310346 -12.034636912315165
19.103449 -3.1034484 -12.036515055637835
19.103449 -3.275862 -12.037783164404479
19.103449 -3.4482758 -12.038638202842165
19.103449 -3.6206896 -12.039214184782981
19.103449 -3.7931035 -12.039601941061974
19.103449 -3.9655173 -12.039862871055886
19.103449 -4.1379309 -12.040038406553698
19.103449 -4.3103447 -12.04015647215802
19.103449 -4.4827585 -12.040235872984026
19.103449 -4.6551723 -12.040289266539403
19.103449 -4.8275862 -12.040325169266644
19.103449 -5.0 -12.040349309887175

19.448277 0.0 -11.486349489517261
19.448277 -0.1724138 -11.5065566061249
19.448277 -0.34482759 -11.548768745062855
19.448277 -0.51724136 -11.60639372780391
19.448277 -0.68965518 -11.672848685003078
19.448277 -0.86206895 -11.741990601898252
19.448277 -1.0344827 -11.808337932399324
19.448277 -1.2068965 -11.867689569037513
19.448277 -1.3793104 -11.91760806006999
19.448277 -1.5517242 -11.957426100985204
19.448277 -1.7241379 -11.987824468010086
19.448277 -1.8965517 -12.010236958893124
19.448277 -2.0689654 -12.026327462049787
19.448277 -2.2413793 -12.037654267339006
19.448277 -2.4137931 -12.045515612819006
19.448277 -2.5862069 -12.050917559977316
19.448277 -2.7586207 -12.054603850011523
19.448277 -2.9310346 -12.0571073942013
19.448277 -3.1034484 -12.058802139112874
19.448277 -3.275862 -12.059946837260824
19.448277 -3.4482758 -12.060718854424508
19.448277 -3.6206896 -12.061238996553893
19.448277 -3.7931035 -12.06158919991912
19.448277 -3.9655173 -12.061824877333223
19.448277 -4.1379309 -12.061983432630804
19.448277 -4.3103447 -12.062090080917194
19.448277 -4.4827585 -12.062161805062459
19.448277 -4.6551723 -12.062210037125709
19.448277 -4.8275862 -12.062242469511903
19.448277 -5.0 -12.06226427686188

19.793104 0.0 -11.852083803817601
19.793104 -0.1724138 -11.825409788987919
19.793104 -0.34482759 -11.813447474824748
19.793104 -0.51724136 -11.822105175350469
19.793104 -0.68965518 -11.84806121248437
19.793104 -0.86206895 -11.88437578784949
19.793104 -1.0344827 -11.924613856302686
19.793104 -1.2068965 -11.963832378783
19.793104 -1.3793104 -11.998736473307511
19.793104 -1.5517242 -12.027674152812539
19.793104 -1.7241379 -12.050360047712477
19.793104 -1.8965517 -12.067392947730543
19.793104 -2.0689654 -12.079773776638811
19.793104 -2.2413793 -12.088562827868937
19.793104 -2.4137931 -12.094697698884103
19.793104 -2.5862069 -12.098929546945117
19.793104 -2.7586207 -12.101824865902039
19.793104 -2.9310346 -12.103794663691728
19.793104 -3.1034484 -12.105129666207992
19.793104 -3.275862 -12.106032094843851
19.793104 -3.4482758 -12.106641043076902
19.793104 -3.6206896 -12.107051465599865
19.793104 -3.7931035 -12.107327863161453
19.793104 -3.9655173 -12.107513901430336
19.793104 -4.1379309 -12.107639074944048
19.793104 -4.3103447 -12.107723275975838
19.793104 -4.4827585 -12.107779906466595
19.793104 -4.6551723 -12.10781798981982
19.793104 -4.8275862 -12.107843598542843
19.793104 -5.0 -12.107860817958985

20.137932 0.0 -12.265800191696036
20.137932 -0.1724138 -12.220602732945261
20.137932 -0.34482759 -12.183787554421242
20.137932 -0.51724136 -12.150545412554349
20.137932 -0.68965518 -12.126878699843369
20.137932 -0.86206895 -12.117877286522017
20.137932 -1.0344827 -12.121257383259053
20.137932 -1.2068965 -12.131627080135829
20.137932 -1.3793104 -12.144385621410416
20.137932 -1.5517242 -12.156699161983182
20.137932 -1.7241379 -12.167209359487613
20.137932 -1.8965517 -12.17552251893044
20.137932 -2.0689654 -12.181770508752303
20.137932 -2.2413793 -12.18630429245357
20.137932 -2.4137931 -12.189515375613533
20.137932 -2.5862069 -12.191752045835413
20.137932 -2.7586207 -12.193292322819602
20.137932 -2.9310346 -12.194344824926853
20.137932 -3.1034484 -12.195060240589129
20.137932 -3.275862 -12.195544798598334
20.137932 -3.4482758 -12.195872206286605
20.137932 -3.6206896 -12.196093071106446
20.137932 -3.7931035 -12.196241900807872
20.137932 -3.9655173 -12.19634211575559
20.137932 -4.1379309 -12.196409562373738
20.137932 -4.3103447 -12.196454940248978
20.137932 -4.4827585 -12.196485463457707
20.137932 -4.6551723 -12.19650599165222
20.137932 -4.8275862 -12.196519796369168
20.137932 -5.0 -12.19652907906559

20.482758 0.0 -12.709597290470725
20.482758 -0.1724138 -12.657895347554707
20.482758 -0.34482759 -12.600002535506654
20.482758 -0.51724136 -12.548874343561893
20.482758 -0.68965518 -12.505423144856511
20.482758 -0.86206895 -12.464047656754362
20.482758 -1.0344827 -12.427164047928688
20.482758 -1.2068965 -12.399282896224367
20.482758 -1.3793104 -12.380790754256251
20.482758 -1.5517242 -12.369354048912411
20.482758 -1.7241379 -12.3624401936191
20.482758 -1.8965517 -12.358241875091492
20.482758 -2.0689654 -12.355650800831787
20.482758 -2.2413793 -12.354021246533234
20.482758 -2.4137931 -12.352978716202815
20.482758 -2.5862069 -12.352302419778624
20.482758 -2.7586207 -12.351859046574285
20.482758 -2.9310346 -12.351566126874928
20.482758 -3.1034484 -12.351371543522141
20.482758 -3.275862 -12.351241788880557
20.482758 -3.4482758 -12.351155035585625
20.482758 -3.6206896 -12.351096928189987
20.482758 -3.7931035 -12.351057960060551
20.482758 -3.9655173 -12.351031805464968
20.482758 -4.1379309 -12.351014241190688
20.482758 -4.3103447 -12.3510024413006
20.482758 -4.4827585 -12.350994511979884
20.482758 -4.6551723 -12.350989182698227
20.482758 -4.8275862 -12.350985600481774
20.482758 -5.0 -12.350983192416377

20.827587 0.0 -13.169945456498732
20.827587 -0.1724138 -13.099127211844134
20.827587 -0.34482759 -13.043438349811453
20.827587 -0.51724136 -12.988922872843233
20.827587 -0.68965518 -12.926931283519826
20.827587 -0.86206895 -12.868020554477619
20.827587 -1.0344827 -12.817191364112254
20.827587 -1.2068965 -12.771171102878773
20.827587 -1.3793104 -12.729216638776423
20.827587 -1.5517242 -12.69353586788637
20.827587 -1.7241379 -12.665487760946858
20.827587 -1.8965517 -12.644674324656133
20.827587 -2.0689654 -12.629784892982203
20.827587 -2.2413793 -12.619369950212775
20.827587 -2.4137931 -12.612185449029148
20.827587 -2.5862069 -12.607272806401259
20.827587 -2.7586207 -12.60393267151507
20.827587 -2.9310346 -12.601670150269372
20.827587 -3.1034484 -12.600141361812009
20.827587 -3.275862 -12.59911005764097
20.827587 -3.4482758 -12.598415115034559
20.827587 -3.6206896 -12.597947175146706
20.827587 -3.7931035 -12.597632243403211
20.827587 -3.9655173 -12.597420359494679
20.827587 -4.1379309 -12.597277837311966
20.827587 -4.3103447 -12.59718198494623
20.827587 -4.4827585 -12.597117526650349
20.827587 -4.6551723 -12.597074183010623
20.827587 -4.8275862 -12.59704503879569
20.827587 -5.0 -12.597025442881154

21.172413 0.0 -13.645014223869346
21.172413 -0.1724138 -13.580561371529669
21.172413 -0.34482759 -13.50683065756845
21.172413 -0.51724136 -13.431436523596478
21.172413 -0.68965518 -13.369065827085048
21.172413 -0.86206895 -13.311578248423274
21.172413 -1.0344827 -13.248911299574935
21.172413 -1.2068965 -13.186430893645523
21.172413 -1.3793104 -13.132038210371382
21.172413 -1.5517242 -13.087621608362124
21.172413 -1.7241379 -13.052122939964013
21.172413 -1.8965517 -13.024354808537415
21.172413 -2.0689654 -13.00327201556075
21.172413 -2.2413793 -12.987748847930868
21.172413 -2.4137931 -12.976611543629419
21.172413 -2.5862069 -12.968776770175065
21.172413 -2.7586207 -12.963342822752185
21.172413 -2.9310346 -12.95961118880506
21.172413 -3.1034484 -12.957066006085618
21.172413 -3.275862 -12.955338109018552
21.172413 -3.4482758 -12.954168752861365
21.172413 -3.6206896 -12.953379078447044
21.172413 -3.7931035 -12.952846573189335
21.172413 -3.9655173 -12.952487835045599
21.172413 -4.1379309 -12.952246318356426
21.172413 -4.3103447 -12.952083790938884
21.172413 -4.4827585 -12.951974451479568
21.172413 -4.6551723 -12.951900908586328
21.172413 -4.8275862 -12.951851449449611
21.172413 -5.0 -12.951818190179019

21.517242 0.0 -14.128142956012598
21.517242 -0.1724138 -14.055179598583681
21.517242 -0.34482759 -13.980882128139768
21.517242 -0.51724136 -13.913344825786886
21.517242 -0.68965518 -13.838558899016764
21.517242 -0.86206895 -13.758789840473714
21.517242 -1.0344827 -13.688567032948297
21.517242 -1.2068965 -13.629391075636761
21.517242 -1.3793104 -13.575022497882681
21.517242 -1.5517242 -13.52413291059573
21.517242 -1.7241379 -13.479668827955091
21.517242 -1.8965517 -13.443819500434925
21.517242 -2.0689654 -13.416609283745705
21.517242 -2.2413793 -13.396771033079116
21.517242 -2.4137931 -13.382684608078952
21.517242 -2.5862069 -13.372856758128714
21.517242 -2.7586207 -13.366081032174437
21.517242 -2.9310346 -13.361447160262943
21.517242 -3.1034484 -13.358295477252264
21.517242 -3.275862 -13.356159891947017
21.517242 -3.4482758 -13.354716477535945
21.517242 -3.6206896 -13.353742566316843
21.517242 -3.7931035 -13.353086202527745
21.517242 -3.9655173 -13.35264419477569
21.517242 -4.1379309 -13.35234669522199
21.517242 -4.3103447 -13.352146529478718
21.517242 -4.4827585 -13.35201188488494
21.517242 -4.6551723 -13.35192132865244
21.517242 -4.8275862 -13.351860430927973
21.517242 -5.0 -13.351819481133798

21.862068 0.0 -14.592593614315946
21.862068 -0.1724138 -14.524612368655093
21.862068 -0.34482759 -14.46391610362692
21.862068 -0.51724136 -14.389677557271149
21.862068 -0.68965518 -14.310879796229784
21.862068 -0.86206895 -14.239312056849057
21.862068 -1.0344827 -14.167174550235844
21.862068 -1.2068965 -14.091256175197005
21.862068 -1.3793104 -14.020557900551154
21.862068 -1.5517242 -13.962194215297542
21.862068 -1.7241379 -13.916770950339775
21.862068 -1.8965517 -13.88215348132051
21.862068 -2.0689654 -13.856148275880289
21.862068 -2.2413793 -13.836975070887926
21.862068 -2.4137931 -13.823129140662285
21.862068 -2.5862069 -13.813316809848821
21.862068 -2.7586207 -13.806467449487007
21.862068 -2.9310346 -13.801740234043733
21.862068 -3.1034484 -13.798504136815497
21.862068 -3.275862 -13.79630143586695
21.862068 -3.4482758 -13.794808037544582
21.862068 -3.6206896 -13.793798269698112
21.862068 -3.7931035 -13.79311676434944
21.862068 -3.9655173 -13.792657380676339
21.862068 -4.1379309 -13.792347983625772
21.862068 -4.3103447 -13.792139721080455
21.862068 -4.4827585 -13.791999588421442
21.862068 -4.6551723 -13.791905322300162
21.862068 -4.8275862 -13.791841921199875
21.862068 -5.0 -13.79179928418766

22.206898 0.0 -15.077150104112878
22.206898 -0.1724138 -15.011444444895776
22.206898 -0.34482759 -14.929781489784936
22.206898 -0.51724136 -14.856582401650131
22.206898 -0.68965518 -14.792616862705447
22.206898 -0.86206895 -14.719320727621371
22.206898 -1.0344827 -14.638930595969795
22.206898 -1.2068965 -14.565097431562544
22.206898 -1.3793104 -14.500654834631733
22.206898 -1.5517242 -14.442867862154015
22.206898 -1.7241379 -14.391834670176543
22.206898 -1.8965517 -14.34939430404991
22.206898 -2.0689654 -14.316268551403697
22.206898 -2.2413793 -14.29164456251796
22.206898 -2.4137931 -14.273945643110476
22.206898 -2.5862069 -14.261505721190398
22.206898 -2.7586207 -14.25289058922507
22.206898 -2.9310346 -14.246982531618936
22.206898 -3.1034484 -14.24295731518791
22.206898 -3.275862 -14.240226843147466
22.206898 -3.4482758 -14.238380052346201
22.206898 -3.6206896 -14.23713339903397
22.206898 -3.7931035 -14.236292967317686
22.206898 -3.9655173 -14.235726891164708
22.206898 -4.1379309 -14.235345834714268
22.206898 -4.3103447 -14.23508942675273
22.206898 -4.4827585 -14.234916939656681
22.206898 -4.6551723 -14.234800927521059
22.206898 -4.8275862 -14.234722908983457
22.206898 -5.0 -14.234670445599994

22.551723 0.0 -15.548973280093875
22.551723 -0.1724138 -15.472692872478747
22.551723 -0.34482759 -15.41214150810437
22.551723 -0.51724136 -15.345698806556165
22.551723 -0.68965518 -15.262398555984504
22.551723 -0.86206895 -15.182386876176484
22.551723 -1.0344827 -15.114439224589079
22.551723 -1.2068965 -15.048356961889635
22.551723 -1.3793104 -14.979746395560348
22.551723 -1.5517242 -14.915241311127893
22.551723 -1.7241379 -14.861158006067683
22.551723 -1.8965517 -14.818990074808568
22.551723 -2.0689654 -14.78742072739165
22.551723 -2.2413793 -14.76439132423606
22.551723 -2.4137931 -14.747922600041305
22.551723 -2.5862069 -14.736334197083538
22.551723 -2.7586207 -14.728283359692206
22.551723 -2.9310346 -14.722744003305577
22.551723 -3.1034484 -14.718959474992193
22.551723 -3.275862 -14.716386798145468
22.551723 -3.4482758 -14.714644032593046
22.551723 -3.6206896 -14.713466308293546
22.551723 -3.7931035 -14.712671739261772
22.551723 -3.9655173 -14.712136273546392
22.551723 -4.1379309 -14.711775693763759
22.551723 -4.3103447 -14.71153300540666
22.551723 -4.4827585 -14.711369720759643
22.551723 -4.6551723 -14.711259885872154
22.551723 -4.8275862 -14.711186016032373
22.551723 -5.0 -14.71113633992974

22.896551 0.0 -16.030519117551506
22.896551 -0.1724138 -15.965240641160547
22.896551 -0.34482759 -15.886632496161015
22.896551 -0.51724136 -15.805962682499468
22.896551 -0.68965518 -15.739515626652736
22.896551 -0.86206895 -15.673451960049539
22.896551 -1.0344827 -15.594085781964885
22.896551 -1.2068965 -15.512506265140317
22.896551 -1.3793104 -15.442327254255844
22.896551 -1.5517242 -15.385434112622242
22.896551 -1.7241379 -15.338692173568184
22.896551 -1.8965517 -15.300198381971704
22.896551 -2.0689654 -15.269426289517693
22.896551 -2.2413793 -15.245832903310635
22.896551 -2.4137931 -15.228413167010428
22.896551 -2.5862069 -15.21591788113067
22.896551 -2.7586207 -15.207137840242504
22.896551 -2.9310346 -15.201055714018644
22.896551 -3.1034484 -15.196883238125773
22.896551 -3.275862 -15.194039593156997
22.896551 -3.4482758 -15.192110157443587
22.896551 -3.6206896 -15.190804930337194
22.896551 -3.7931035 -15.18992374347938
22.896551 -3.9655173 -15.189329640977471
22.896551 -4.1379309 -15.188929457531655
22.896551 -4.3103447 -15.18866006107188
22.896551 -4.4827585 -15.18847878304217
22.896551 -4.6551723 -15.188356834057476
22.896551 -4.8275862 -15.18827481202206
22.896551 -5.0 -15.188219651545184

23.241379 0.0 -16.51746277423291
23.241379 -0.1724138 -16.44127497563448
23.241379 -0.34482759 -16.366544666528483
23.241379 -0.51724136 -16.29863373078426
23.241379 -0.68965518 -16.21961656185303
23.241379 -0.86206895 -16.134587249992837
23.241379 -1.0344827 -16.060667440254047
23.241379 -1.2068965 -15.99678247629953
23.241379 -1.3793104 -15.933279686500304
23.241379 -1.5517242 -15.869761886291874
23.241379 -1.7241379 -15.812596845484398
23.241379 -1.8965517 -15.766178451847274
23.241379 -2.0689654 -15.73099207670714
23.241379 -2.2413793 -15.705409020398116
23.241379 -2.4137931 -15.687278317037066
23.241379 -2.5862069 -15.674640163129823
23.241379 -2.7586207 -15.665928892956014
23.241379 -2.9310346 -15.65997078293553
23.241379 -3.1034484 -15.655917634582936
23.241379 -3.275862 -15.653170657187337
23.241379 -3.4482758 -15.651313692499983
23.241379 -3.6206896 -15.65006058225807
23.241379 -3.7931035 -15.649215971802505
23.241379 -3.9655173 -15.64864715620947
23.241379 -4.1379309 -15.648264288567171
23.241379 -4.3103447 -15.64800667639875
23.241379 -4.4827585 -15.647833385685953
23.241379 -4.6551723 -15.647716835938704
23.241379 -4.8275862 -15.647638457151578
23.241379 -5.0 -15.647585752102072

23.586206 0.0 -16.97055102386906
23.586206 -0.1724138 -16.91180254015231
23.586206 -0.34482759 -16.85365007780196
23.586206 -0.51724136 -16.776258721088006
23.586206 -0.68965518 -16.69654764195262
23.586206 -0.86206895 -16.625094531742064
23.586206 -1.0344827 -16.549865493775663
23.586206 -1.2068965 -16.468567687344983
23.586206 -1.3793104 -16.393186451768905
23.586206 -1.5517242 -16.33143856932921
23.586206 -1.7241379 -16.28294654891107
23.586206 -1.8965517 -16.24493119434388
23.586206 -2.0689654 -16.215339402116278
23.586206 -2.2413793 -16.192816065538103
23.586206 -2.4137931 -16.176152367760817
23.586206 -2.5862069 -16.164140178511115
23.586206 -2.7586207 -16.155657397765246
23.586206 -2.9310346 -16.149757040071208
23.586206 -3.1034484 -16.14569673282756
23.586206 -3.275862 -16.142923367783116
23.586206 -3.4482758 -16.141038675452954
23.586206 -3.6206896 -16.139762338955123
23.586206 -3.7931035 -16.138900019589432
23.586206 -3.9655173 -16.138318345230473
23.586206 -4.1379309 -16.137926399749045
23.586206 -4.3103447 -16.137662488162498
23.586206 -4.4827585 -16.137484873327995
23.586206 -4.6551723 -16.137365376126567
23.586206 -4.8275862 -16.13728499747517
23.586206 -5.0 -16.137230939621457

23.931034 0.0 -17.462285663148318
23.931034 -0.1724138 -17.38715077232266
23.931034 -0.34482759 -17.30706084345609
23.931034 -0.51724136 -17.24288558289125
23.931034 -0.68965518 -17.182798959576587
23.931034 -0.86206895 -17.106706830965418
23.931034 -1.0344827 -17.02399525951191
23.931034 -1.2068965 -16.94991568514758
23.931034 -1.3793104 -16.88429035006477
23.931034 -1.5517242 -16.82304049144913
23.931034 -1.7241379 -16.767413222166702
23.931034 -1.8965517 -16.720668325914595
23.931034 -2.0689654 -16.684137988795875
23.931034 -2.2413793 -16.657029870036133
23.931034 -2.4137931 -16.637584495041548
23.931034 -2.5862069 -16.623938018977444
23.931034 -2.7586207 -16.614496938775837
23.931034 -2.9310346 -16.608026614085414
23.931034 -3.1034484 -16.60362006466401
23.931034 -3.275862 -16.600631651394753
23.931034 -3.4482758 -16.598610709178406
23.931034 -3.6206896 -16.597246630363035
23.931034 -3.7931035 -16.596327094106144
23.931034 -3.9655173 -16.595707762196977
23.931034 -4.1379309 -16.595290867676663
23.931034 -4.3103447 -16.595010349756834
23.931034 -4.4827585 -16.59482164599933
23.931034 -4.6551723 -16.594694727797478
23.931034 -4.8275862 -16.59460937534841
23.931034 -5.0 -16.59455198049763

24.275862 0.0 -17.942763634171687
24.275862 -0.1724138 -17.865214519413954
24.275862 -0.34482759 -17.798477780220647
24.275862 -0.51724136 -17.72239267315264
24.275862 -0.68965518 -17.63830285325134
24.275862 -0.86206895 -17.566013084771217
24.275862 -1.0344827 -17.503896864727793
24.275862 -1.2068965 -17.437024070933326
24.275862 -1.3793104 -17.364603041449687
24.275862 -1.5517242 -17.29714223084075
24.275862 -1.7241379 -17.241458199028003
24.275862 -1.8965517 -17.19824725148396
24.275862 -2.0689654 -17.16569919824843
24.275862 -2.2413793 -17.141690057032704
24.275862 -2.4137931 -17.124323932213
24.275862 -2.5862069 -17.111987389225998
24.275862 -2.7586207 -17.103354982749764
24.275862 -2.9310346 -17.09738471834071
24.275862 -3.1034484 -17.093291028999243
24.275862 -3.275862 -17.090501257492416
24.275862 -3.4482758 -17.08860821861118
24.275862 -3.6206896 -17.087327468128393
24.275862 -3.7931035 -17.08646271733301
24.275862 -3.9655173 -17.08587964899257
24.275862 -4.1379309 -17.08548687459883
24.275862 -4.3103447 -17.08522245450299
24.275862 -4.4827585 -17.085044519788575
24.275862 -4.6551723 -17.084924817454045
24.275862 -4.8275862 -17.08484430536993
24.275862 -5.0 -17.08479015983095

24.620689 0.0 -18.413351037806862
24.620689 -0.1724138 -18.358168216798983
24.620689 -0.34482759 -18.280585064389815
24.620689 -0.51724136 -18.198969179771076
24.620689 -0.68965518 -18.127995037765174
24.620689 -0.86206895 -18.052639866159936
24.620689 -1.0344827 -17.968255731105472
24.620689 -1.2068965 -17.889727740809484
24.620689 -1.3793104 -17.825379069359517
24.620689 -1.5517242 -17.771998449618543
24.620689 -1.7241379 -17.72538555416149
24.620689 -1.8965517 -17.685014837792018
24.620689 -2.0689654 -17.651851238875167
24.620689 -2.2413793 -17.62612396523927
24.620689 -2.4137931 -17.60704846157741
24.620689 -2.5862069 -17.59335044676103
24.620689 -2.7586207 -17.58372558798481
24.620689 -2.9310346 -17.577060607093042
24.620689 -3.1034484 -17.57249003440127
24.620689 -3.275862 -17.569376076978838
24.620689 -3.4482758 -17.56726374684797
24.620689 -3.6206896 -17.565835046662784
24.620689 -3.7931035 -17.564870619905392
24.620689 -3.9655173 -17.56422045218031
24.620689 -4.1379309 -17.563782529286197
24.620689 -4.3103447 -17.56348773907343
24.620689 -4.4827585 -17.56328937885197
24.620689 -4.6551723 -17.563155940813765
24.620689 -4.8275862 -17.563066192430203
24.620689 -5.0 -17.56300583642487

24.965517 0.0 -18.886542163658035
24.965517 -0.1724138 -18.80920042976033
24.965517 -0.34482759 -18.74804748266863
24.965517 -0.51724136 -18.69095692473066
24.965517 -0.68965518 -18.61372255490397
24.965517 -0.86206895 -18.52795356843839
24.965517 -1.0344827 -18.45188578023374
24.965517 -1.2068965 -18.381599891735597
24.965517 -1.3793104 -18.310103600017015
24.965517 -1.5517242 -18.24156940702977
24.965517 -1.7241379 -18.183103791324196
24.965517 -1.8965517 -18.137440539906656
24.965517 -2.0689654 -18.10357183029096
24.965517 -2.2413793 -18.079172327876012
24.965517 -2.4137931 -18.06191460236533
24.965517 -2.5862069 -18.04986933379336
24.965517 -2.7586207 -18.04154743648694
24.965517 -2.9310346 -18.035842540335715
24.965517 -3.1034484 -18.031954247207523
24.965517 -3.275862 -18.029315172795915
24.965517 -3.4482758 -18.02752926857833
24.965517 -3.6206896 -18.026323212427084
24.965517 -3.7931035 -18.025509895902623
24.965517 -3.9655173 -18.02496196078146
24.965517 -4.1379309 -18.02459305820794
24.965517 -4.3103447 -18.02434480154006
24.965517 -4.4827585 -18.0241777854796
24.965517 -4.6551723 -18.024065447408415
24.965517 -4.8275862 -18.02398989710719
24.965517 -5.0 -18.023939092309018

25.310345 0.0 -19.36023093306081
25.310345 -0.1724138 -19.296109834613276
25.310345 -0.34482759 -19.223949129808926
25.310345 -0.51724136 -19.143181990539205
25.310345 -0.68965518 -19.075001091481546
25.310345 -0.86206895 -19.015270243445972
25.310345 -1.0344827 -18.943641997045212
25.310345 -1.2068965 -18.861600041030467
25.310345 -1.3793104 -18.785196533550685
25.310345 -1.5517242 -18.721812157474815
25.310345 -1.7241379 -18.67026263735457
25.310345 -1.8965517 -18.628323722573803
25.310345 -2.0689654 -18.594920198467047
25.310345 -2.2413793 -18.569259818295034
25.310345 -2.4137931 -18.550244806021478
25.310345 -2.5862069 -18.536557599318446
25.310345 -2.7586207 -18.52691335619251
25.310345 -2.9310346 -18.520218967433085
25.310345 -3.1034484 -18.515619852934332
25.310345 -3.275862 -18.512482317928534
25.310345 -3.4482758 -18.510352022294022
25.310345 -3.6206896 -18.508910248253784
25.310345 -3.7931035 -18.507936569616568
25.310345 -3.9655173 -18.50727996907713
25.310345 -4.1379309 -18.506837624024463
25.310345 -4.3103447 -18.506539816376613
25.310345 -4.4827585 -18.50633940731733
25.310345 -4.6551723 -18.50620458265116
25.310345 -4.8275862 -18.50611389785503
25.310345 -5.0 -18.50605291039553

25.655172 0.0 -19.85427957097667
25.655172 -0.1724138 -19.777413188096716
25.655172 -0.34482759 -19.696847026436537
25.655172 -0.51724136 -19.628878067736537
25.655172 -0.68965518 -19.555932695123765
25.655172 -0.86206895 -19.47255863164901
25.655172 -1.0344827 -19.39615083558144
25.655172 -1.2068965 -19.333047865406385
25.655172 -1.3793104 -19.27437326607788
25.655172 -1.5517242 -19.21482216115316
25.655172 -1.7241379 -19.15831303721561
25.655172 -1.8965517 -19.11021339100909
25.655172 -2.0689654 -19.07256767874884
25.655172 -2.2413793 -19.04464907974055
25.655172 -2.4137931 -19.02462519725987
25.655172 -2.5862069 -19.010565694272305
25.655172 -2.7586207 -19.00083111084441
25.655172 -2.9310346 -18.994154210385314
25.655172 -3.1034484 -18.989603811774952
25.655172 -3.275862 -18.98651616975796
25.655172 -3.4482758 -18.984427286222417
25.655172 -3.6206896 -18.983016944867956
25.655172 -3.7931035 -18.98206603191718
25.655172 -3.9655173 -18.981425478232165
25.655172 -4.1379309 -18.9809942576801
25.655172 -4.3103447 -18.980704081407044
25.655172 -4.4827585 -18.980508871960673
25.655172 -4.6551723 -18.980377574287214
25.655172 -4.8275862 -18.98028927488364
25.655172 -5.0 -18.980229897569004

26.0 0.0 -20.30653033857984
26.0 -0.1724138 -20.24593655481135
26.0 -0.34482759 -20.19030790725753
26.0 -0.51724136 -20.113073183279894
26.0 -0.68965518 -20.028082270777656
26.0 -0.86206895 -19.95438026481293
26.0 -1.0344827 -19.883115417382257
26.0 -1.2068965 -19.80533465276028
26.0 -1.3793104 -19.72938351402368
26.0 -1.5517242 -19.66529475575144
26.0 -1.7241379 -19.615176191911015
26.0 -1.8965517 -19.576712590080618
26.0 -2.0689654 -19.54731916078733
26.0 -2.2413793 -19.525150779879755
26.0 -2.4137931 -19.508787861690426
26.0 -2.5862069 -19.496981956536757
26.0 -2.7586207 -19.48862903235621
26.0 -2.9310346 -19.482807941034586
26.0 -3.1034484 -19.478795883556966
26.0 -3.275862 -19.47605221186935
26.0 -3.4482758 -19.474186091973543
26.0 -3.6206896 -19.47292156614006
26.0 -3.7931035 -19.472066867118464
26.0 -3.9655173 -19.471490166817485
26.0 -4.1379309 -19.471101496655905
26.0 -4.3103447 -19.470839755608687
26.0 -4.4827585 -19.470663585700485
26.0 -4.6551723 -19.470545053423415
26.0 -4.8275862 -19.47046532055196
26.0 -5.0 -19.470411695531073
