# KROME file, XRAY He rate
# Distance = 2 kpc
# Xray rate including primary He ionization in 1/s
# first line indicates the size of the table (30x30)
# then first column is the parameter log10(nH), where nH is the H column density in cm-2
# second column is log10(xHe), where xHe = nHe/nH both in cm-2
# third column is log10(rate), where rate is in units of 1/s
30, 30
16.0 0.0 -13.006743748332342
16.0 -0.1724138 -13.003017657006614
16.0 -0.34482759 -12.997540670349444
16.0 -0.51724136 -12.989524459649001
16.0 -0.68965518 -12.977871541070579
16.0 -0.86206895 -12.96109996645021
16.0 -1.0344827 -12.937295934855808
16.0 -1.2068965 -12.904142779823705
16.0 -1.3793104 -12.859087962992394
16.0 -1.5517242 -12.799688573220113
16.0 -1.7241379 -12.724094431493075
16.0 -1.8965517 -12.63150990147075
16.0 -2.0689654 -12.52241757928527
16.0 -2.2413793 -12.39844053118036
16.0 -2.4137931 -12.261921330491015
16.0 -2.5862069 -12.115424261495113
16.0 -2.7586207 -11.961347342282263
16.0 -2.9310346 -11.801712130669406
16.0 -3.1034484 -11.638106258154838
16.0 -3.275862 -11.471716581313899
16.0 -3.4482758 -11.30340037482812
16.0 -3.6206896 -11.133763429660192
16.0 -3.7931035 -10.963226541108382
16.0 -3.9655173 -10.792079298249867
16.0 -4.1379309 -10.620519330390332
16.0 -4.3103447 -10.448680403323491
16.0 -4.4827585 -10.276653539186421
16.0 -4.6551723 -10.1045000839415
16.0 -4.8275862 -9.932261310888979
16.0 -5.0 -9.759965294626134

16.344828 0.0 -13.00677581869057
16.344828 -0.1724138 -13.003039595829927
16.344828 -0.34482759 -12.997555797180631
16.344828 -0.51724136 -12.98953500653186
16.344828 -0.68965518 -12.977879008809698
16.344828 -0.86206895 -12.961105364189875
16.344828 -1.0344827 -12.937299941171975
16.344828 -1.2068965 -12.904145851035926
16.344828 -1.3793104 -12.859090405975017
16.344828 -1.5517242 -12.799690594337472
16.344828 -1.7241379 -12.724096169482731
16.344828 -1.8965517 -12.631511449550366
16.344828 -2.0689654 -12.522419000032805
16.344828 -2.2413793 -12.39844186656467
16.344828 -2.4137931 -12.261922608639354
16.344828 -2.5862069 -12.115425501252991
16.344828 -2.7586207 -11.961348556278516
16.344828 -2.9310346 -11.80171332737078
16.344828 -3.1034484 -11.63810744324094
16.344828 -3.275862 -11.471717758596755
16.344828 -3.4482758 -11.303401546867454
16.344828 -3.6206896 -11.133764598175459
16.344828 -3.7931035 -10.963227707254914
16.344828 -3.9655173 -10.792080462804098
16.344828 -4.1379309 -10.620520493874132
16.344828 -4.3103447 -10.44868156608766
16.344828 -4.4827585 -10.276654701466784
16.344828 -4.6551723 -10.104501245896595
16.344828 -4.8275862 -9.93226247262539
16.344828 -5.0 -9.759966456215517

16.689655 0.0 -13.006846758117304
16.689655 -0.1724138 -13.003088125856868
16.689655 -0.34482759 -12.997589259352882
16.689655 -0.51724136 -12.989558337691351
16.689655 -0.68965518 -12.977895528632775
16.689655 -0.86206895 -12.96111730492086
16.689655 -1.0344827 -12.937308803871622
16.689655 -1.2068965 -12.90415264513493
16.689655 -1.3793104 -12.859095810322303
16.689655 -1.5517242 -12.799695065443405
16.689655 -1.7241379 -12.724100014258257
16.689655 -1.8965517 -12.631514874209449
16.689655 -2.0689654 -12.522422143009296
16.689655 -2.2413793 -12.398444820701481
16.689655 -2.4137931 -12.261925436159263
16.689655 -2.5862069 -12.11542824384584
16.689655 -2.7586207 -11.961351241881694
16.689655 -2.9310346 -11.801715974714362
16.689655 -3.1034484 -11.638110064889302
16.689655 -3.275862 -11.471720362982833
16.689655 -3.4482758 -11.303404139653846
16.689655 -3.6206896 -11.13376718316594
16.689655 -3.7931035 -10.963230287005294
16.689655 -3.9655173 -10.792083039032
16.689655 -4.1379309 -10.620523067734036
16.689655 -4.3103447 -10.448684138355603
16.689655 -4.4827585 -10.276657272664453
16.689655 -4.6551723 -10.104503816374706
16.689655 -4.8275862 -9.93226504261973
16.689655 -5.0 -9.759969025884606

17.034483 0.0 -13.007003658104745
17.034483 -0.1724138 -13.003195469237307
17.034483 -0.34482759 -12.99766327758413
17.034483 -0.51724136 -12.989609947735778
17.034483 -0.68965518 -12.977932072312
17.034483 -0.86206895 -12.96114371950767
17.034483 -1.0344827 -12.937328409600482
17.034483 -1.2068965 -12.904167674878002
17.034483 -1.3793104 -12.859107765740331
17.034483 -1.5517242 -12.799704956386591
17.034483 -1.7241379 -12.72410851965474
17.034483 -1.8965517 -12.631522450235767
17.034483 -2.0689654 -12.522429095903732
17.034483 -2.2413793 -12.398451355848435
17.034483 -2.4137931 -12.261931691206494
17.034483 -2.5862069 -12.115434311018777
17.034483 -2.7586207 -11.961357182982935
17.034483 -2.9310346 -11.801721831178272
17.034483 -3.1034484 -11.638115864510603
17.034483 -3.275862 -11.471726124416746
17.034483 -3.4482758 -11.303409875427091
17.034483 -3.6206896 -11.133772901693174
17.034483 -3.7931035 -10.963235993940444
17.034483 -3.9655173 -10.792088738174773
17.034483 -4.1379309 -10.620528761638353
17.034483 -4.3103447 -10.448689828738203
17.034483 -4.4827585 -10.276662960679408
17.034483 -4.6551723 -10.104509502797868
17.034483 -4.8275862 -9.932270727972698
17.034483 -5.0 -9.759974710518058

17.379311 0.0 -13.007350589755692
17.379311 -0.1724138 -13.003432858742212
17.379311 -0.34482759 -12.99782698517574
17.379311 -0.51724136 -12.989724102449548
17.379311 -0.68965518 -12.978012905875024
17.379311 -0.86206895 -12.961202149605079
17.379311 -1.0344827 -12.937371779133612
17.379311 -1.2068965 -12.904200922404328
17.379311 -1.3793104 -12.85913421275153
17.379311 -1.5517242 -12.79972683663573
17.379311 -1.7241379 -12.724127334946095
17.379311 -1.8965517 -12.631539209659755
17.379311 -2.0689654 -12.522444476886102
17.379311 -2.2413793 -12.398465812720941
17.379311 -2.4137931 -12.261945528461958
17.379311 -2.5862069 -12.115447732671274
17.379311 -2.7586207 -11.961370325747776
17.379311 -2.9310346 -11.801734786713766
17.379311 -3.1034484 -11.638128694302424
17.379311 -3.275862 -11.471738869732782
17.379311 -3.4482758 -11.303422563978172
17.379311 -3.6206896 -11.133785552093682
17.379311 -3.7931035 -10.96324861869765
17.379311 -3.9655173 -10.792101345694155
17.379311 -4.1379309 -10.620541357569541
17.379311 -4.3103447 -10.448702416878861
17.379311 -4.4827585 -10.276675543582504
17.379311 -4.6551723 -10.104522082179695
17.379311 -4.8275862 -9.932283304987108
17.379311 -5.0 -9.759987285940797

17.724138 0.0 -13.008117266836871
17.724138 -0.1724138 -13.003957635065902
17.724138 -0.34482759 -12.99818896012668
17.724138 -0.51724136 -12.989976548613754
17.724138 -0.68965518 -12.978191682409612
17.724138 -0.86206895 -12.961331386018996
17.724138 -1.0344827 -12.937467708785077
17.724138 -1.2068965 -12.904274465310845
17.724138 -1.3793104 -12.859192714252817
17.724138 -1.5517242 -12.799775237007417
17.724138 -1.7241379 -12.72416895584235
17.724138 -1.8965517 -12.631576283048606
17.724138 -2.0689654 -12.522478501178236
17.724138 -2.2413793 -12.398497792878699
17.724138 -2.4137931 -12.261976138018209
17.724138 -2.5862069 -12.115477422905137
17.724138 -2.7586207 -11.961399399075082
17.724138 -2.9310346 -11.801763445884438
17.724138 -3.1034484 -11.638157075324258
17.724138 -3.275862 -11.471767063891493
17.724138 -3.4482758 -11.303450632570941
17.724138 -3.6206896 -11.13381353629611
17.724138 -3.7931035 -10.963276546176225
17.724138 -3.9655173 -10.792129235042074
17.724138 -4.1379309 -10.620569221283981
17.724138 -4.3103447 -10.448730263360382
17.724138 -4.4827585 -10.276703378478356
17.724138 -4.6551723 -10.104549909286378
17.724138 -4.8275862 -9.932311126856984
17.724138 -5.0 -9.76001510428984

18.068966 0.0 -13.009809383601233
18.068966 -0.1724138 -13.005116706665765
18.068966 -0.34482759 -12.99898884734169
18.068966 -0.51724136 -12.990534585820162
18.068966 -0.68965518 -12.978586959697106
18.068966 -0.86206895 -12.961617172354899
18.068966 -1.0344827 -12.937679863790123
18.068966 -1.2068965 -12.904437121535832
18.068966 -1.3793104 -12.859322109024598
18.068966 -1.5517242 -12.799882293185206
18.068966 -1.7241379 -12.724261018480187
18.068966 -1.8965517 -12.631658288039574
18.068966 -2.0689654 -12.522553762377783
18.068966 -2.2413793 -12.398568532927026
18.068966 -2.4137931 -12.262043846582753
18.068966 -2.5862069 -12.115543098106953
18.068966 -2.7586207 -11.961463709793042
18.068966 -2.9310346 -11.801826840561272
18.068966 -3.1034484 -11.63821985478386
18.068966 -3.275862 -11.471829430041538
18.068966 -3.4482758 -11.303512720990147
18.068966 -3.6206896 -11.133875438057892
18.068966 -3.7931035 -10.963338322474216
18.068966 -3.9655173 -10.79219092700133
18.068966 -4.1379309 -10.620630856546185
18.068966 -4.3103447 -10.44879186050619
18.068966 -4.4827585 -10.276764949998562
18.068966 -4.6551723 -10.104611463578216
18.068966 -4.8275862 -9.932372669565858
18.068966 -5.0 -9.760076639211212

18.413794 0.0 -13.013533545509889
18.413794 -0.1724138 -13.007671811969486
18.413794 -0.34482759 -13.000754070080893
18.413794 -0.51724136 -12.991766986757495
18.413794 -0.68965518 -12.979460342974944
18.413794 -0.86206895 -12.962248839908229
18.413794 -1.0344827 -12.93814889022249
18.413794 -1.2068965 -12.904796771404436
18.413794 -1.3793104 -12.859608243222608
18.413794 -1.5517242 -12.800119045494666
18.413794 -1.7241379 -12.72446462219416
18.413794 -1.8965517 -12.631839654034547
18.413794 -2.0689654 -12.52272021691805
18.413794 -2.2413793 -12.398724990238035
18.413794 -2.4137931 -12.262193600484764
18.413794 -2.5862069 -12.115688355640279
18.413794 -2.7586207 -11.961605950016851
18.413794 -2.9310346 -11.801967055111872
18.413794 -3.1034484 -11.638358708877265
18.413794 -3.275862 -11.471967370162373
18.413794 -3.4482758 -11.30365004694931
18.413794 -3.6206896 -11.134012351250528
18.413794 -3.7931035 -10.963474958221143
18.413794 -3.9655173 -10.792327376244767
18.413794 -4.1379309 -10.620767180411857
18.413794 -4.3103447 -10.448928100082647
18.413794 -4.4827585 -10.276901132907481
18.413794 -4.6551723 -10.104747608388935
18.413794 -4.8275862 -9.932508788762423
18.413794 -5.0 -9.760212741186766

18.758621 0.0 -13.021679746690685
18.758621 -0.1724138 -13.013280573322147
18.758621 -0.34482759 -13.004638204047996
18.758621 -0.51724136 -12.99448309235494
18.758621 -0.68965518 -12.981387297488412
18.758621 -0.86206895 -12.963643515104579
18.758621 -1.0344827 -12.939184976280496
18.758621 -1.2068965 -12.90559150650903
18.758621 -1.3793104 -12.86024066830395
18.758621 -1.5517242 -12.80064240321714
18.758621 -1.7241379 -12.724914747941588
18.758621 -1.8965517 -12.632240643918115
18.758621 -2.0689654 -12.523088255158498
18.758621 -2.2413793 -12.399070934735853
18.758621 -2.4137931 -12.26252472979559
18.758621 -2.5862069 -12.116009547205008
18.758621 -2.7586207 -11.961920472660344
18.758621 -2.9310346 -11.802277100502385
18.758621 -3.1034484 -11.638665747281108
18.758621 -3.275862 -11.472272388420402
18.758621 -3.4482758 -11.303953707724858
18.758621 -3.6206896 -11.134315099684818
18.758621 -3.7931035 -10.963777093413636
18.758621 -3.9655173 -10.79262909920565
18.758621 -4.1379309 -10.621068626248025
18.758621 -4.3103447 -10.449229359612746
18.758621 -4.4827585 -10.27720226718418
18.758621 -4.6551723 -10.10504865845639
18.758621 -4.8275862 -9.93280978221437
18.758621 -5.0 -9.760513696574746

19.103449 0.0 -13.03926340817916
19.103449 -0.1724138 -13.025479494600857
19.103449 -0.34482759 -13.013130037946851
19.103449 -0.51724136 -13.000442234485341
19.103449 -0.68965518 -12.98562513082254
19.103449 -0.86206895 -12.966715680445423
19.103449 -1.0344827 -12.941469726308897
19.103449 -1.2068965 -12.907345317244099
19.103449 -1.3793104 -12.861636982217405
19.103449 -1.5517242 -12.801798292716363
19.103449 -1.7241379 -12.725909118240905
19.103449 -1.8965517 -12.633126600887152
19.103449 -2.0689654 -12.523901489633285
19.103449 -2.2413793 -12.39983540143337
19.103449 -2.4137931 -12.263256491132953
19.103449 -2.5862069 -12.116719368782173
19.103449 -2.7586207 -11.962615570397174
19.103449 -2.9310346 -11.802962312900325
19.103449 -3.1034484 -11.639344320397361
19.103449 -3.275862 -11.47294650108548
19.103449 -3.4482758 -11.304624823059273
19.103449 -3.6206896 -11.134984200549903
19.103449 -3.7931035 -10.964444840221388
19.103449 -3.9655173 -10.793295935790168
19.103449 -4.1379309 -10.621734850929277
19.103449 -4.3103447 -10.449895172921636
19.103449 -4.4827585 -10.277867803927549
19.103449 -4.6551723 -10.105714009261597
19.103449 -4.8275862 -9.933475008009689
19.103449 -5.0 -9.761178838322884

19.448277 0.0 -13.076173838562815
19.448277 -0.1724138 -13.051494096311846
19.448277 -0.34482759 -13.031439655304498
19.448277 -0.51724136 -13.013388753468895
19.448277 -0.68965518 -12.99487978230601
19.448277 -0.86206895 -12.973448338859157
19.448277 -1.0344827 -12.946488680572825
19.448277 -1.2068965 -12.911204136322308
19.448277 -1.3793104 -12.864712545724688
19.448277 -1.5517242 -12.804346145750971
19.448277 -1.7241379 -12.728102019493317
19.448277 -1.8965517 -12.63508106046208
19.448277 -2.0689654 -12.52569591766988
19.448277 -2.2413793 -12.401522472911676
19.448277 -2.4137931 -12.264871547978494
19.448277 -2.5862069 -12.118286108099495
19.448277 -2.7586207 -11.964149880125076
19.448277 -2.9310346 -11.804474848351695
19.448277 -3.1034484 -11.640842230891876
19.448277 -3.275862 -11.474434585809977
19.448277 -3.4482758 -11.306106304924164
19.448277 -3.6206896 -11.136461244647618
19.448277 -3.7931035 -10.965918901374149
19.448277 -3.9655173 -10.794767991736846
19.448277 -4.1379309 -10.623205558857546
19.448277 -4.3103447 -10.45136497459686
19.448277 -4.4827585 -10.279336996327876
19.448277 -4.6551723 -10.107182792038879
19.448277 -4.8275862 -9.934943515389078
19.448277 -5.0 -9.762647160545477

19.793104 0.0 -13.149586848281057
19.793104 -0.1724138 -13.104794825696235
19.793104 -0.34482759 -13.06978771752561
19.793104 -0.51724136 -13.040932845657881
19.793104 -0.68965518 -13.014785967162073
19.793104 -0.86206895 -12.988039382679904
19.793104 -1.0344827 -12.957421865094139
19.793104 -1.2068965 -12.919639515034445
19.793104 -1.3793104 -12.87145163363516
19.793104 -1.5517242 -12.809937841207487
19.793104 -1.7241379 -12.7329198887728
19.793104 -1.8965517 -12.639378174059296
19.793104 -2.0689654 -12.529643103075884
19.793104 -2.2413793 -12.405234721498493
19.793104 -2.4137931 -12.268426116485836
19.793104 -2.5862069 -12.1217348446004
19.793104 -2.7586207 -11.967527567567048
19.793104 -2.9310346 -11.807804823462195
19.793104 -3.1034484 -11.64414015597276
19.793104 -3.275862 -11.477710976533237
19.793104 -3.4482758 -11.30936822398169
19.793104 -3.6206896 -11.139713437013116
19.793104 -3.7931035 -10.969164555581443
19.793104 -3.9655173 -10.798009250774873
19.793104 -4.1379309 -10.626443863172929
19.793104 -4.3103447 -10.454601292482222
19.793104 -4.4827585 -10.282571978728216
19.793104 -4.6551723 -10.110416876573423
19.793104 -4.8275862 -9.93817699626899
19.793104 -5.0 -9.765880235572938

20.137932 0.0 -13.284014081667179
20.137932 -0.1724138 -13.206560584585043
20.137932 -0.34482759 -13.145752678214041
20.137932 -0.51724136 -13.097110706485203
20.137932 -0.68965518 -13.056273947605503
20.137932 -0.86206895 -13.018923295742526
20.137932 -1.0344827 -12.98081449738172
20.137932 -1.2068965 -12.937822476372926
20.137932 -1.3793104 -12.886052039013615
20.137932 -1.5517242 -12.82209420279729
20.137932 -1.7241379 -12.74341839064359
20.137932 -1.8965517 -12.648756648937544
20.137932 -2.0689654 -12.538266991381878
20.137932 -2.2413793 -12.413351102090484
20.137932 -2.4137931 -12.276201478341717
20.137932 -2.5862069 -12.129281140953386
20.137932 -2.7586207 -11.97492000260154
20.137932 -2.9310346 -11.815093897948568
20.137932 -3.1034484 -11.651359783185498
20.137932 -3.275862 -11.484883934850872
20.137932 -3.4482758 -11.31650981621357
20.137932 -3.6206896 -11.14683394597364
20.137932 -3.7931035 -10.976270891955858
20.137932 -3.9655173 -10.805106059554168
20.137932 -4.1379309 -10.633534266735586
20.137932 -4.3103447 -10.46168738982005
20.137932 -4.4827585 -10.28965518094513
20.137932 -4.6551723 -10.117498132346073
20.137932 -4.8275862 -9.94525694339919
20.137932 -5.0 -9.772959302866726

20.482758 0.0 -13.511477855722024
20.482758 -0.1724138 -13.384930030623586
20.482758 -0.34482759 -13.284151801453369
20.482758 -0.51724136 -13.203612574519664
20.482758 -0.68965518 -13.137746766158587
20.482758 -0.86206895 -13.081295578744209
20.482758 -1.0344827 -13.02905368000818
20.482758 -1.2068965 -12.975882900426402
20.482758 -1.3793104 -12.91693447174748
20.482758 -1.5517242 -12.847992908459936
20.482758 -1.7241379 -12.765895389145914
20.482758 -1.8965517 -12.668902892757353
20.482758 -2.0689654 -12.556834196755744
20.482758 -2.2413793 -12.430852319904284
20.482758 -2.4137931 -12.29298460572008
20.482758 -2.5862069 -12.14558110686731
20.482758 -2.7586207 -11.990895066481013
20.482758 -2.9310346 -11.83085053472726
20.482758 -3.1034484 -11.666969585702057
20.482758 -3.275862 -11.500395030427741
20.482758 -3.4482758 -11.331954555845531
20.482758 -3.6206896 -11.162234076425866
20.482758 -3.7931035 -10.99164103215194
20.482758 -3.9655173 -10.820456037245105
20.482758 -4.1379309 -10.648870688934975
20.482758 -4.3103447 -10.477014698381758
20.482758 -4.4827585 -10.304976362181858
20.482758 -4.6551723 -10.132815194008586
20.482758 -4.8275862 -9.960571235344052
20.482758 -5.0 -9.788271732642096

20.827587 0.0 -13.843976503014847
20.827587 -0.1724138 -13.67154936143526
20.827587 -0.34482759 -13.51735362900611
20.827587 -0.51724136 -13.389114939444301
20.827587 -0.68965518 -13.284662759940522
20.827587 -0.86206895 -13.19783746104271
20.827587 -1.0344827 -13.122096584353205
20.827587 -1.2068965 -13.051189842493216
20.827587 -1.3793104 -12.979219804970691
20.827587 -1.5517242 -12.900951548033945
20.827587 -1.7241379 -12.8123038734935
20.827587 -1.8965517 -12.71077792341842
20.827587 -2.0689654 -12.595603926585953
20.827587 -2.2413793 -12.467509918235022
20.827587 -2.4137931 -12.328212148745555
20.827587 -2.5862069 -12.17984315064107
20.827587 -2.7586207 -12.024506364455018
20.827587 -2.9310346 -11.864023668538092
20.827587 -3.1034484 -11.69984786436901
20.827587 -3.275862 -11.533074959223683
20.827587 -3.4482758 -11.364501081027322
20.827587 -3.6206896 -11.19469088997619
20.827587 -3.7931035 -11.024037520803295
20.827587 -3.9655173 -10.852811963584868
20.827587 -4.1379309 -10.681199342143474
20.827587 -4.3103447 -10.509325014120623
20.827587 -4.4827585 -10.337274348651654
20.827587 -4.6551723 -10.16510489092058
20.827587 -4.8275862 -9.9928553588201
20.827587 -5.0 -9.820552108870238

21.172413 0.0 -14.206184385457085
21.172413 -0.1724138 -14.02740139586611
21.172413 -0.34482759 -13.85344715014876
21.172413 -0.51724136 -13.683891703642447
21.172413 -0.68965518 -13.529966541841969
21.172413 -0.86206895 -13.398387837085101
21.172413 -1.0344827 -13.28670383482726
21.172413 -1.2068965 -13.188139435137707
21.172413 -1.3793104 -13.095336668061659
21.172413 -1.5517242 -13.001701723631037
21.172413 -1.7241379 -12.901964757389425
21.172413 -1.8965517 -12.792592986097562
21.172413 -2.0689654 -12.671955281853608
21.172413 -2.2413793 -12.54010068476711
21.172413 -2.4137931 -12.39823554269044
21.172413 -2.5862069 -12.248123270303651
21.172413 -2.7586207 -12.091606941067923
21.172413 -2.9310346 -11.930327932254407
21.172413 -3.1034484 -11.765615307995876
21.172413 -3.275862 -11.598480848741776
21.172413 -3.4482758 -11.429663604430782
21.172413 -3.6206896 -11.25968966477291
21.172413 -3.7931035 -11.08892614560545
21.172413 -3.9655173 -10.91762650556166
21.172413 -4.1379309 -10.745964064343156
21.172413 -4.3103447 -10.574056235567928
21.172413 -4.4827585 -10.401983044050558
21.172413 -4.6551723 -10.229798440216028
21.172413 -4.8275862 -10.057538724376188
21.172413 -5.0 -9.885228627327841

21.517242 0.0 -14.59582634799924
21.517242 -0.1724138 -14.404117661847739
21.517242 -0.34482759 -14.216331589218157
21.517242 -0.51724136 -14.040785708164792
21.517242 -0.68965518 -13.872519379449258
21.517242 -0.86206895 -13.70872077546966
21.517242 -1.0344827 -13.555972416668698
21.517242 -1.2068965 -13.418831709794098
21.517242 -1.3793104 -13.294822519277819
21.517242 -1.5517242 -13.177641948096802
21.517242 -1.7241379 -13.060746144394106
21.517242 -1.8965517 -12.939137895323524
21.517242 -2.0689654 -12.809914573937283
21.517242 -2.2413793 -12.672111487448696
21.517242 -2.4137931 -12.526163713793975
21.517242 -2.5862069 -12.373268204260816
21.517242 -2.7586207 -12.214863223327143
21.517242 -2.9310346 -12.052306583982418
21.517242 -3.1034484 -11.886731452579204
21.517242 -3.275862 -11.719015523342202
21.517242 -3.4482758 -11.549806627101912
21.517242 -3.6206896 -11.379569047107102
21.517242 -3.7931035 -11.208628129427625
21.517242 -3.9655173 -11.03720915334587
21.517242 -4.1379309 -10.865466449093535
21.517242 -4.3103447 -10.693504643339939
21.517242 -4.4827585 -10.521395155210293
21.517242 -4.6551723 -10.349186145173098
21.517242 -4.8275862 -10.176910018946264
21.517242 -5.0 -10.004588888066017

21.862068 0.0 -15.0052302971517
21.862068 -0.1724138 -14.796892625607612
21.862068 -0.34482759 -14.606403890832286
21.862068 -0.51724136 -14.419866638709177
21.862068 -0.68965518 -14.237266969978437
21.862068 -0.86206895 -14.066978397097
21.862068 -1.0344827 -13.90719117068228
21.862068 -1.2068965 -13.752905163354898
21.862068 -1.3793104 -13.603942619501616
21.862068 -1.5517242 -13.460975450822257
21.862068 -1.7241379 -13.321972571465949
21.862068 -1.8965517 -13.183246188605008
21.862068 -2.0689654 -13.041497511103955
21.862068 -2.2413793 -12.894823184131608
21.862068 -2.4137931 -12.742712891710084
21.862068 -2.5862069 -12.585587003302013
21.862068 -2.7586207 -12.424299417658512
21.862068 -2.9310346 -12.25978773498447
21.862068 -3.1034484 -12.092890626349885
21.862068 -3.275862 -11.92428252664277
21.862068 -3.4482758 -11.754472288397942
21.862068 -3.6206896 -11.583829730124975
21.862068 -3.7931035 -11.41261622756351
21.862068 -3.9655173 -11.24101384639254
21.862068 -4.1379309 -11.069147770833814
21.862068 -4.3103447 -10.897102990213185
21.862068 -4.4827585 -10.724937702556865
21.862068 -4.6551723 -10.552691170831148
21.862068 -4.8275862 -10.380389814857287
21.862068 -5.0 -10.208051719970177

22.206898 0.0 -15.445624672358413
22.206898 -0.1724138 -15.235651930854964
22.206898 -0.34482759 -15.018570502551484
22.206898 -0.51724136 -14.81342967382366
22.206898 -0.68965518 -14.6278191427616
22.206898 -0.86206895 -14.450512714193549
22.206898 -1.0344827 -14.277419166423998
22.206898 -1.2068965 -14.113905373604432
22.206898 -1.3793104 -13.96108347764106
22.206898 -1.5517242 -13.814676108455702
22.206898 -1.7241379 -13.670173201391826
22.206898 -1.8965517 -13.524588341153846
22.206898 -2.0689654 -13.376068026965202
22.206898 -2.2413793 -13.22361074107311
22.206898 -2.4137931 -13.066978357052152
22.206898 -2.5862069 -12.906503133300046
22.206898 -2.7586207 -12.742817798346119
22.206898 -2.9310346 -12.576626383758434
22.206898 -3.1034484 -12.40856889032449
22.206898 -3.275862 -12.239166461468026
22.206898 -3.4482758 -12.068815728342749
22.206898 -3.6206896 -11.897806855201244
22.206898 -3.7931035 -11.726345742554626
22.206898 -3.9655173 -11.554576285268311
22.206898 -4.1379309 -11.382597607479175
22.206898 -4.3103447 -11.210476997623964
22.206898 -4.4827585 -11.038260671808269
22.206898 -4.6551723 -10.865979800229015
22.206898 -4.8275862 -10.69365534499642
22.206898 -5.0 -10.521301714537605

22.551723 0.0 -15.898628931329997
22.551723 -0.1724138 -15.66747187379358
22.551723 -0.34482759 -15.45757149217621
22.551723 -0.51724136 -15.254341634131162
22.551723 -0.68965518 -15.04612543857353
22.551723 -0.86206895 -14.847227406922666
22.551723 -1.0344827 -14.668058145701652
22.551723 -1.2068965 -14.502647629761395
22.551723 -1.3793104 -14.343334919206
22.551723 -1.5517242 -14.188151464723463
22.551723 -1.7241379 -14.036583436432354
22.551723 -1.8965517 -13.886657982919342
22.551723 -2.0689654 -13.735804749080698
22.551723 -2.2413793 -13.582149620763758
22.551723 -2.4137931 -13.424895902058777
22.551723 -2.5862069 -13.26408535401404
22.551723 -2.7586207 -13.100210033691752
22.551723 -2.9310346 -12.933906008278578
22.551723 -3.1034484 -12.765779284663955
22.551723 -3.275862 -12.596333116312419
22.551723 -3.4482758 -12.425954203253145
22.551723 -3.6206896 -12.254926925644341
22.551723 -3.7931035 -12.083453679869677
22.551723 -3.9655173 -11.91167617265657
22.551723 -4.1379309 -11.739692130866965
22.551723 -4.3103447 -11.567567936286897
22.551723 -4.4827585 -11.395349210100168
22.551723 -4.6551723 -11.223066729069748
22.551723 -4.8275862 -11.050741193732476
22.551723 -5.0 -10.878386837978514

22.896551 0.0 -16.36674380950212
22.896551 -0.1724138 -16.143535268079855
22.896551 -0.34482759 -15.913601340707853
22.896551 -0.51724136 -15.687119033198742
22.896551 -0.68965518 -15.482052815212167
22.896551 -0.86206895 -15.290179394490588
22.896551 -1.0344827 -15.098384214836228
22.896551 -1.2068965 -14.911486985321243
22.896551 -1.3793104 -14.738236432656857
22.896551 -1.5517242 -14.578308966874452
22.896551 -1.7241379 -14.42590218837931
22.896551 -1.8965517 -14.275531906120008
22.896551 -2.0689654 -14.123792374292183
22.896551 -2.2413793 -13.96901917673651
22.896551 -2.4137931 -13.810700297891968
22.896551 -2.5862069 -13.649012895453152
22.896551 -2.7586207 -13.484471545519503
22.896551 -2.9310346 -13.317684575501215
22.896551 -3.1034484 -13.149217244858333
22.896551 -3.275862 -12.979534916443624
22.896551 -3.4482758 -12.808994006994373
22.896551 -3.6206896 -12.637856366542506
22.896551 -3.7931035 -12.466308268478878
22.896551 -3.9655173 -12.294480141886982
22.896551 -4.1379309 -12.122461934509936
22.896551 -4.3103447 -11.950314709393485
22.896551 -4.4827585 -11.77808047196971
22.896551 -4.6551723 -11.605787549991252
22.896551 -4.8275862 -11.433454989320996
22.896551 -5.0 -11.261095907699314

23.241379 0.0 -16.846773961592113
23.241379 -0.1724138 -16.61084623862535
23.241379 -0.34482759 -16.380398348083798
23.241379 -0.51724136 -16.163315687560818
23.241379 -0.68965518 -15.944205674082717
23.241379 -0.86206895 -15.727404701027048
23.241379 -1.0344827 -15.529455363639718
23.241379 -1.2068965 -15.350608183368276
23.241379 -1.3793104 -15.180482473572793
23.241379 -1.5517242 -15.013582604354147
23.241379 -1.7241379 -14.849917265183185
23.241379 -1.8965517 -14.689394040173287
23.241379 -2.0689654 -14.530362377077312
23.241379 -2.2413793 -14.370862027572027
23.241379 -2.4137931 -14.209599054663988
23.241379 -2.5862069 -14.046091663048083
23.241379 -2.7586207 -13.880416029106799
23.241379 -2.9310346 -13.712912229580045
23.241379 -3.1034484 -13.543985307534962
23.241379 -3.275862 -13.374004593409657
23.241379 -3.4482758 -13.203268020540795
23.241379 -3.6206896 -13.03200111416713
23.241379 -3.7931035 -12.860367153423647
23.241379 -3.9655173 -12.688481776158188
23.241379 -4.1379309 -12.516425294462069
23.241379 -4.3103447 -12.344252434754102
23.241379 -4.4827585 -12.172001006987866
23.241379 -4.6551723 -11.999696547575184
23.241379 -4.8275862 -11.827356239035694
23.241379 -5.0 -11.654991952394056

23.586206 0.0 -17.296242547386754
23.586206 -0.1724138 -17.0756030811527
23.586206 -0.34482759 -16.860529447051082
23.586206 -0.51724136 -16.63248485526439
23.586206 -0.68965518 -16.408795093530998
23.586206 -0.86206895 -16.201792940953556
23.586206 -1.0344827 -16.001104797021252
23.586206 -1.2068965 -15.802899380379545
23.586206 -1.3793104 -15.615488605767165
23.586206 -1.5517242 -15.442969230365577
23.586206 -1.7241379 -15.28154432318277
23.586206 -1.8965517 -15.125187790727786
23.586206 -2.0689654 -14.96941800653828
23.586206 -2.2413793 -14.81183708693375
23.586206 -2.4137931 -14.651530489320095
23.586206 -2.5862069 -14.4884386713748
23.586206 -2.7586207 -14.322914472478402
23.586206 -2.9310346 -14.155446761190115
23.586206 -3.1034484 -13.986511983022098
23.586206 -3.275862 -13.81651073896555
23.586206 -3.4482758 -13.64575325053724
23.586206 -3.6206896 -13.474469000414194
23.586206 -3.7931035 -13.302821875454757
23.586206 -3.9655173 -13.130926961773968
23.586206 -4.1379309 -12.958863756637074
23.586206 -4.3103447 -12.78668623502315
23.586206 -4.4827585 -12.614431608763338
23.586206 -4.6551723 -12.442124969849862
23.586206 -4.8275862 -12.269783182811043
23.586206 -5.0 -12.097417896176623

23.931034 0.0 -17.785900174775087
23.931034 -0.1724138 -17.548599731485783
23.931034 -0.34482759 -17.310410771385087
23.931034 -0.51724136 -17.09344645192691
23.931034 -0.68965518 -16.887998542481515
23.931034 -0.86206895 -16.675364906811698
23.931034 -1.0344827 -16.464567671276633
23.931034 -1.2068965 -16.26997652999202
23.931034 -1.3793104 -16.08989938286223
23.931034 -1.5517242 -15.917020379058906
23.931034 -1.7241379 -15.748117275433595
23.931034 -1.8965517 -15.58242367753592
23.931034 -2.0689654 -15.418784235402546
23.931034 -2.2413793 -15.255599675804858
23.931034 -2.4137931 -15.091597306027747
23.931034 -2.5862069 -14.926139496295907
23.931034 -2.7586207 -14.759109181560117
23.931034 -2.9310346 -14.590677458729257
23.931034 -3.1034484 -14.421119849126
23.931034 -3.275862 -14.25071234557076
23.931034 -3.4482758 -14.079687688122865
23.931034 -3.6206896 -13.90822661225663
23.931034 -3.7931035 -13.736461898375705
23.931034 -3.9655173 -13.56448852147277
23.931034 -4.1379309 -13.392372835045853
23.931034 -4.3103447 -13.220160152302213
23.931034 -4.4827585 -13.04788194226441
23.931034 -4.6551723 -12.87555947266826
23.931034 -4.8275862 -12.703207053657872
23.931034 -5.0 -12.530834624010343

24.275862 0.0 -18.265527148031158
24.275862 -0.1724138 -18.025130615534117
24.275862 -0.34482759 -17.79967387489144
24.275862 -0.51724136 -17.570527991741628
24.275862 -0.68965518 -17.340172202179364
24.275862 -0.86206895 -17.129404031580755
24.275862 -1.0344827 -16.937548558568242
24.275862 -1.2068965 -16.74941574347655
24.275862 -1.3793104 -16.561739248035423
24.275862 -1.5517242 -16.381130971955688
24.275862 -1.7241379 -16.210358951075285
24.275862 -1.8965517 -16.04668218932811
24.275862 -2.0689654 -15.886004100335368
24.275862 -2.2413793 -15.725316193841458
24.275862 -2.4137931 -15.563063909331916
24.275862 -2.5862069 -15.398743289358022
24.275862 -2.7586207 -15.232432410542435
24.275862 -2.9310346 -15.064454542634666
24.275862 -3.1034484 -14.895185484680434
24.275862 -3.275862 -14.724963498345996
24.275862 -3.4482758 -14.554059426353692
24.275862 -3.6206896 -14.382677455430791
24.275862 -3.7931035 -14.210965007259352
24.275862 -3.9655173 -14.03902634584905
24.275862 -4.1379309 -13.866933805193453
24.275862 -4.3103447 -13.694736595364787
24.275862 -4.4827585 -13.522468747908686
24.275862 -4.6551723 -13.350153227101323
24.275862 -4.8275862 -13.177805471695894
24.275862 -5.0 -13.005436173788018

24.620689 0.0 -18.735528356302257
24.620689 -0.1724138 -18.517411328895054
24.620689 -0.34482759 -18.280885759242302
24.620689 -0.51724136 -18.045554258364916
24.620689 -0.68965518 -17.827612458301356
24.620689 -0.86206895 -17.613470986183803
24.620689 -1.0344827 -17.398900585988557
24.620689 -1.2068965 -17.197902358171646
24.620689 -1.3793104 -17.016773624762394
24.620689 -1.5517242 -16.849158136075758
24.620689 -1.7241379 -16.68696724075027
24.620689 -1.8965517 -16.525991028234802
24.620689 -2.0689654 -16.364673114523033
24.620689 -2.2413793 -16.202257281342185
24.620689 -2.4137931 -16.038279545679714
24.620689 -2.5862069 -15.872578143146535
24.620689 -2.7586207 -15.705256869371166
24.620689 -2.9310346 -15.536569743528581
24.620689 -3.1034484 -15.366812869118077
24.620689 -3.275862 -15.196258822340646
24.620689 -3.4482758 -15.025129930121501
24.620689 -3.6206896 -14.853596187325715
24.620689 -3.7931035 -14.68178144651774
24.620689 -3.9655173 -14.509773905423481
24.620689 -4.1379309 -14.337635009870034
24.620689 -4.3103447 -14.165406614571674
24.620689 -4.4827585 -13.993117791503938
24.620689 -4.6551723 -13.82078816427477
24.620689 -4.8275862 -13.648430922933146
24.620689 -5.0 -13.476055246543417

24.965517 0.0 -19.20822201962231
24.965517 -0.1724138 -18.967924520617142
24.965517 -0.34482759 -18.747685678016932
24.965517 -0.51724136 -18.536751940010387
24.965517 -0.68965518 -18.312369388253007
24.965517 -0.86206895 -18.087276484717677
24.965517 -1.0344827 -17.880295745987862
24.965517 -1.2068965 -17.687095545199945
24.965517 -1.3793104 -17.49868096652387
24.965517 -1.5517242 -17.315737429907585
24.965517 -1.7241379 -17.141321246565546
24.965517 -1.8965517 -16.974590089643776
24.965517 -2.0689654 -16.81215890611255
24.965517 -2.2413793 -16.650775235887224
24.965517 -2.4137931 -16.48842412731486
24.965517 -2.5862069 -16.32425906886142
24.965517 -2.7586207 -16.158171616067865
24.965517 -2.9310346 -15.990403584694088
24.965517 -3.1034484 -15.821304396878023
24.965517 -3.275862 -15.651210200920875
24.965517 -3.4482758 -15.480398359654663
24.965517 -3.6206896 -15.30908130524904
24.965517 -3.7931035 -15.137413832788075
24.965517 -3.9655173 -14.965506016255995
24.965517 -4.1379309 -14.793434489179088
24.965517 -4.3103447 -14.621251532534128
24.965517 -4.4827585 -14.448993324638407
24.965517 -4.6551723 -14.276684310495353
24.965517 -4.8275862 -14.104340941359457
24.965517 -5.0 -13.931974597744814

25.310345 0.0 -19.681512699972966
25.310345 -0.1724138 -19.454288739606472
25.310345 -0.34482759 -19.223020392364166
25.310345 -0.51724136 -18.98837939972115
25.310345 -0.68965518 -18.77287338355102
25.310345 -0.86206895 -18.57363117524756
25.310345 -1.0344827 -18.370966362086943
25.310345 -1.2068965 -18.165755491981056
25.310345 -1.3793104 -17.971976900303012
25.310345 -1.5517242 -17.79373547789926
25.310345 -1.7241379 -17.62597625311211
25.310345 -1.8965517 -17.46290179373468
25.310345 -2.0689654 -17.30097885581567
25.310345 -2.2413793 -17.138416781258478
25.310345 -2.4137931 -16.974392059711686
25.310345 -2.5862069 -16.808655397407552
25.310345 -2.7586207 -16.64129975003052
25.310345 -2.9310346 -16.47258193410087
25.310345 -3.1034484 -16.30280018960889
25.310345 -3.275862 -16.13222727243704
25.310345 -3.4482758 -15.961084653432225
25.310345 -3.6206896 -15.789541191910011
25.310345 -3.7931035 -15.617719689652617
25.310345 -3.9655173 -15.445707498166467
25.310345 -4.1379309 -15.273565428268583
25.310345 -4.3103447 -15.10133487701466
25.310345 -4.4827585 -14.929044594552703
25.310345 -4.6551723 -14.756713981645746
25.310345 -4.8275862 -14.58435607557032
25.310345 -5.0 -14.411979951339001

25.655172 0.0 -20.175320448592018
25.655172 -0.1724138 -19.935302118899283
25.655172 -0.34482759 -19.69547450085974
25.655172 -0.51724136 -19.473447697417757
25.655172 -0.68965518 -19.25311596050825
25.655172 -0.86206895 -19.030206966612827
25.655172 -1.0344827 -18.82260869696787
25.655172 -1.2068965 -18.636122753827507
25.655172 -1.3793104 -18.459956095150982
25.655172 -1.5517242 -18.285533005098383
25.655172 -1.7241379 -18.112816843594178
25.655172 -1.8965517 -17.943564460965035
25.655172 -2.0689654 -17.77737542776335
25.655172 -2.2413793 -17.612540971922936
25.655172 -2.4137931 -17.447506162058872
25.655172 -2.5862069 -17.28140448352519
25.655172 -2.7586207 -17.113969051353195
25.655172 -2.9310346 -16.94527917992544
25.655172 -3.1034484 -16.775554992826066
25.655172 -3.275862 -16.605038832863745
25.655172 -3.4482758 -16.433942690197373
25.655172 -3.6206896 -16.26243428002646
25.655172 -3.7931035 -16.090638076456692
25.655172 -3.9655173 -15.918643681133736
25.655172 -4.1379309 -15.74651393310756
25.655172 -4.3103447 -15.574291827971331
25.655172 -4.4827585 -15.402007297321601
25.655172 -4.6551723 -15.229680584677467
25.655172 -4.8275862 -15.05732531586757
25.655172 -5.0 -14.88495097153644

26.0 0.0 -20.62744339827326
26.0 -0.1724138 -20.403601720207217
26.0 -0.34482759 -20.188634714128078
26.0 -0.51724136 -19.95728643085512
26.0 -0.68965518 -19.72475606582743
26.0 -0.86206895 -19.511297871963816
26.0 -1.0344827 -19.308720714199108
26.0 -1.2068965 -19.107551819222387
26.0 -1.3793104 -18.914093360064147
26.0 -1.5517242 -18.735063762224634
26.0 -1.7241379 -18.568677663233416
26.0 -1.8965517 -18.409057733860124
26.0 -2.0689654 -18.25117077490133
26.0 -2.2413793 -18.092163091899383
26.0 -2.4137931 -17.93086905012008
26.0 -2.5862069 -17.767091067555217
26.0 -2.7586207 -17.601093251453
26.0 -2.9310346 -17.433301308256116
26.0 -3.1034484 -17.264145989646565
26.0 -3.275862 -17.0939953823425
26.0 -3.4482758 -16.92313701128114
26.0 -3.6206896 -16.75178473799477
26.0 -3.7931035 -16.580091794116875
26.0 -3.9655173 -16.408166037961347
26.0 -4.1379309 -16.236082080161044
26.0 -4.3103447 -16.063890598596263
26.0 -4.4827585 -15.891626583364072
26.0 -4.6551723 -15.719313630476785
26.0 -4.8275862 -15.546967597682555
26.0 -5.0 -15.374599456187594
