# KROME file, XRAY He rate
# Distance = 5 kpc
# Xray rate including primary He ionization in 1/s
# first line indicates the size of the table (30x30)
# then first column is the parameter log10(nH), where nH is the H column density in cm-2
# second column is log10(xHe), where xHe = nHe/nH both in cm-2
# third column is log10(rate), where rate is in units of 1/s
30, 30
16.0 0.0 -16.43915160096972
16.0 -0.1724138 -16.43570572233916
16.0 -0.34482759 -16.43063062036719
16.0 -0.51724136 -16.42319024764948
16.0 -0.68965518 -16.412354395102845
16.0 -0.86206895 -16.396721849163914
16.0 -1.0344827 -16.37446446723419
16.0 -1.2068965 -16.343336570565324
16.0 -1.3793104 -16.30081040237664
16.0 -1.5517242 -16.24438652952131
16.0 -1.7241379 -16.17205889805709
16.0 -1.8965517 -16.082797932530415
16.0 -2.0689654 -15.976835737849381
16.0 -2.2413793 -15.85559924932942
16.0 -2.4137931 -15.721330399954276
16.0 -2.5862069 -15.57658579147875
16.0 -2.7586207 -15.423818109270142
16.0 -2.9310346 -15.265130985323868
16.0 -3.1034484 -15.102196279444572
16.0 -3.275862 -14.936274140872076
16.0 -3.4482758 -14.768279982052405
16.0 -3.6206896 -14.598863152979302
16.0 -3.7931035 -14.428475914487217
16.0 -3.9655173 -14.257430046853528
16.0 -4.1379309 -14.085938584065229
16.0 -4.3103447 -13.914145873320356
16.0 -4.4827585 -13.742150153733052
16.0 -4.6551723 -13.570017670572083
16.0 -4.8275862 -13.39779301252346
16.0 -5.0 -13.225506492936363

16.344828 0.0 -16.439152005163507
16.344828 -0.1724138 -16.4357059984163
16.344828 -0.34482759 -16.430630810307285
16.344828 -0.51724136 -16.423190379677138
16.344828 -0.68965518 -16.412354488194723
16.344828 -0.86206895 -16.396721916079038
16.344828 -1.0344827 -16.374464516551292
16.344828 -1.2068965 -16.343336608052603
16.344828 -1.3793104 -16.300810431912637
16.344828 -1.5517242 -16.24438655371396
16.344828 -1.7241379 -16.172058918659804
16.344828 -1.8965517 -16.082797950721805
16.344828 -2.0689654 -15.976835754421426
16.344828 -2.2413793 -15.855599264814062
16.344828 -2.4137931 -15.721330414708685
16.344828 -2.5862069 -15.576585805742713
16.344828 -2.7586207 -15.423818123204642
16.344828 -2.9310346 -15.265130999037005
16.344828 -3.1034484 -15.102196293008953
16.344828 -3.275862 -14.936274154336479
16.344828 -3.4482758 -14.768279995449605
16.344828 -3.6206896 -14.598863166331329
16.344828 -3.7931035 -14.428475927808874
16.344828 -3.9655173 -14.257430060154768
16.344828 -4.1379309 -14.085938597352742
16.344828 -4.3103447 -13.914145886598643
16.344828 -4.4827585 -13.742150167005134
16.344828 -4.6551723 -13.570017683839993
16.344828 -4.8275862 -13.397793025788566
16.344828 -5.0 -13.225506506199585

16.689655 0.0 -16.439152899323194
16.689655 -0.1724138 -16.43570660915596
16.689655 -0.34482759 -16.430631230494164
16.689655 -0.51724136 -16.42319067174977
16.689655 -0.68965518 -16.412354694133345
16.689655 -0.86206895 -16.396722064109248
16.689655 -1.0344827 -16.37446462565101
16.689655 -1.2068965 -16.343336690982284
16.689655 -1.3793104 -16.30081049725243
16.689655 -1.5517242 -16.24438660723315
16.689655 -1.7241379 -16.1720589642373
16.689655 -1.8965517 -16.082797990964966
16.689655 -2.0689654 -15.976835791082255
16.689655 -2.2413793 -15.855599299069326
16.689655 -2.4137931 -15.721330447348524
16.689655 -2.5862069 -15.57658583729758
16.689655 -2.7586207 -15.42381815403067
16.689655 -2.9310346 -15.265131029373332
16.689655 -3.1034484 -15.1021963230162
16.689655 -3.275862 -14.936274184122551
16.689655 -3.4482758 -14.768280025087012
16.689655 -3.6206896 -14.5988631958688
16.689655 -3.7931035 -14.428475957279163
16.689655 -3.9655173 -14.257430089579891
16.689655 -4.1379309 -14.0859386267475
16.689655 -4.3103447 -13.914145915972986
16.689655 -4.4827585 -13.742150196365753
16.689655 -4.6551723 -13.570017713191385
16.689655 -4.8275862 -13.397793055133752
16.689655 -5.0 -13.225506535540601

17.034483 0.0 -16.43915487739621
17.034483 -0.1724138 -16.435707960244663
17.034483 -0.34482759 -16.430632160039476
17.034483 -0.51724136 -16.42319131787867
17.034483 -0.68965518 -16.41235514971503
17.034483 -0.86206895 -16.396722391584817
17.034483 -1.0344827 -16.374464867003763
17.034483 -1.2068965 -16.343336874441135
17.034483 -1.3793104 -16.300810641798556
17.034483 -1.5517242 -16.244386725629486
17.034483 -1.7241379 -16.172059065064854
17.034483 -1.8965517 -16.082798079991775
17.034483 -2.0689654 -15.976835872184155
17.034483 -2.2413793 -15.855599374849584
17.034483 -2.4137931 -15.721330519555103
17.034483 -2.5862069 -15.576585907103961
17.034483 -2.7586207 -15.423818222224694
17.034483 -2.9310346 -15.265131096484032
17.034483 -3.1034484 -15.102196389398902
17.034483 -3.275862 -14.936274250015968
17.034483 -3.4482758 -14.768280090651547
17.034483 -3.6206896 -14.598863261212253
17.034483 -3.7931035 -14.428476022473994
17.034483 -3.9655173 -14.257430154674806
17.034483 -4.1379309 -14.085938691775242
17.034483 -4.3103447 -13.914145980955567
17.034483 -4.4827585 -13.742150261317969
17.034483 -4.6551723 -13.570017778123187
17.034483 -4.8275862 -13.397793120051832
17.034483 -5.0 -13.225506600449451

17.379311 0.0 -16.439159253290235
17.379311 -0.1724138 -16.43571094913138
17.379311 -0.34482759 -16.430634216388864
17.379311 -0.51724136 -16.423192747253108
17.379311 -0.68965518 -16.41235615755933
17.379311 -0.86206895 -16.396723116031325
17.379311 -1.0344827 -16.374465400928234
17.379311 -1.2068965 -16.343337280291873
17.379311 -1.3793104 -16.30081096156596
17.379311 -1.5517242 -16.244386987547912
17.379311 -1.7241379 -16.172059288117328
17.379311 -1.8965517 -16.082798276938448
17.379311 -2.0689654 -15.976836051599209
17.379311 -2.2413793 -15.855599542492012
17.379311 -2.4137931 -15.721330679291777
17.379311 -2.5862069 -15.576586061530874
17.379311 -2.7586207 -15.423818373084728
17.379311 -2.9310346 -15.265131244947515
17.379311 -3.1034484 -15.102196536251894
17.379311 -3.275862 -14.936274395786555
17.379311 -3.4482758 -14.768280235694576
17.379311 -3.6206896 -14.598863405766203
17.379311 -3.7931035 -14.428476166699157
17.379311 -3.9655173 -14.257430298678933
17.379311 -4.1379309 -14.085938835630769
17.379311 -4.3103447 -13.914146124711186
17.379311 -4.4827585 -13.742150405006418
17.379311 -4.6551723 -13.570017921766478
17.379311 -4.8275862 -13.39779326366476
17.379311 -5.0 -13.225506744041965

17.724138 0.0 -16.43916893350912
17.724138 -0.1724138 -16.4357175610927
17.724138 -0.34482759 -16.430638765425293
17.724138 -0.51724136 -16.423195909309683
17.724138 -0.68965518 -16.412358387112416
17.724138 -0.86206895 -16.396724718653694
17.724138 -1.0344827 -16.374466582078202
17.724138 -1.2068965 -16.343338178117065
17.724138 -1.3793104 -16.300811668957387
17.724138 -1.5517242 -16.244387566965603
17.724138 -1.7241379 -16.172059781555582
17.724138 -1.8965517 -16.082798712625316
17.724138 -2.0689654 -15.976836448502524
17.724138 -2.2413793 -15.855599913351856
17.724138 -2.4137931 -15.721331032662462
17.724138 -2.5862069 -15.576586403155277
17.724138 -2.7586207 -15.423818706818453
17.724138 -2.9310346 -15.265131573379577
17.724138 -3.1034484 -15.102196861121218
17.724138 -3.275862 -14.936274718261375
17.724138 -3.4482758 -14.768280556559889
17.724138 -3.6206896 -14.598863725549572
17.724138 -3.7931035 -14.428476485755185
17.724138 -3.9655173 -14.257430617245983
17.724138 -4.1379309 -14.085939153869079
17.724138 -4.3103447 -13.91414644272848
17.724138 -4.4827585 -13.742150722875122
17.724138 -4.6551723 -13.570018239535278
17.724138 -4.8275862 -13.397793581366393
17.724138 -5.0 -13.22550706169844

18.068966 0.0 -16.439190347458034
18.068966 -0.1724138 -16.435732187826176
18.068966 -0.34482759 -16.430648828718546
18.068966 -0.51724136 -16.423202904391804
18.068966 -0.68965518 -16.41236331933489
18.068966 -0.86206895 -16.3967282639877
18.068966 -1.0344827 -16.374469195032106
18.068966 -1.2068965 -16.343340164298862
18.068966 -1.3793104 -16.30081323386009
18.068966 -1.5517242 -16.24438884876342
18.068966 -1.7241379 -16.172060873148588
18.068966 -1.8965517 -16.082799676459885
18.068966 -2.0689654 -15.976837326539547
18.068966 -2.2413793 -15.855600733775104
18.068966 -2.4137931 -15.721331814395917
18.068966 -2.5862069 -15.576587158903411
18.068966 -2.7586207 -15.423819445110706
18.068966 -2.9310346 -15.265132299943403
18.068966 -3.1034484 -15.102197579803494
18.068966 -3.275862 -14.936275431646493
18.068966 -3.4482758 -14.768281266384422
18.068966 -3.6206896 -14.598864432980616
18.068966 -3.7931035 -14.428477191577189
18.068966 -3.9655173 -14.257431321986262
18.068966 -4.1379309 -14.085939857882115
18.068966 -4.3103447 -13.914147146252585
18.068966 -4.4827585 -13.742151426070508
18.068966 -4.6551723 -13.570018942509659
18.068966 -4.8275862 -13.397794284192186
18.068966 -5.0 -13.225507764424332

18.413794 0.0 -16.439237715630412
18.413794 -0.1724138 -16.435764543413462
18.413794 -0.34482759 -16.430671090001297
18.413794 -0.51724136 -16.423218378596353
18.413794 -0.68965518 -16.412374230266757
18.413794 -0.86206895 -16.396736106926202
18.413794 -1.0344827 -16.374474975394417
18.413794 -1.2068965 -16.343344558130628
18.413794 -1.3793104 -16.300816695744142
18.413794 -1.5517242 -16.244391684364995
18.413794 -1.7241379 -16.172063287979704
18.413794 -1.8965517 -16.082801808663852
18.413794 -2.0689654 -15.976839268942047
18.413794 -2.2413793 -15.855602548724248
18.413794 -2.4137931 -15.721333543755359
18.413794 -2.5862069 -15.57658883077802
18.413794 -2.7586207 -15.423821078369329
18.413794 -2.9310346 -15.265133907256342
18.413794 -3.1034484 -15.102199169680832
18.413794 -3.275862 -14.936277009805426
18.413794 -3.4482758 -14.768282836666613
18.413794 -3.6206896 -14.598865997967911
18.413794 -3.7931035 -14.428478753004962
18.413794 -3.9655173 -14.257432881021037
18.413794 -4.1379309 -14.085941415308083
18.413794 -4.3103447 -13.914148702596934
18.413794 -4.4827585 -13.742152981687662
18.413794 -4.6551723 -13.570020497637904
18.413794 -4.8275862 -13.39779583899172
18.413794 -5.0 -13.225509319002871

18.758621 0.0 -16.439342483585268
18.758621 -0.1724138 -16.4358361112388
18.758621 -0.34482759 -16.43072033211346
18.758621 -0.51724136 -16.423252608595877
18.758621 -0.68965518 -16.412398366445938
18.758621 -0.86206895 -16.396753456585277
18.758621 -1.0344827 -16.374487762459207
18.758621 -1.2068965 -16.34335427802838
18.758621 -1.3793104 -16.30082435404544
18.758621 -1.5517242 -16.244397957234504
18.758621 -1.7241379 -16.172068630037188
18.758621 -1.8965517 -16.082806525502754
18.758621 -2.0689654 -15.976843565907512
18.758621 -2.2413793 -15.855606563740634
18.758621 -2.4137931 -15.721337369432213
18.758621 -2.5862069 -15.576592529288199
18.758621 -2.7586207 -15.423824691454053
18.758621 -2.9310346 -15.265137462944555
18.758621 -3.1034484 -15.102202686798366
18.758621 -3.275862 -14.93628050099974
18.758621 -3.4482758 -14.768286310436155
18.758621 -3.6206896 -14.598869460024194
18.758621 -3.7931035 -14.428482207186937
18.758621 -3.9655173 -14.257436329909268
18.758621 -4.1379309 -14.085944860637342
18.758621 -4.3103447 -13.914152145533453
18.758621 -4.4827585 -13.7421564230155
18.758621 -4.6551723 -13.570023937884185
18.758621 -4.8275862 -13.397799278510842
18.758621 -5.0 -13.225512758033098

19.103449 0.0 -16.43957415413564
19.103449 -0.1724138 -16.43599438873921
19.103449 -0.34482759 -16.430829244612806
19.103449 -0.51724136 -16.42332832232538
19.103449 -0.68965518 -16.412451755745042
19.103449 -0.86206895 -16.396791835148754
19.103449 -1.0344827 -16.37451604879885
19.103449 -1.2068965 -16.34337577974031
19.103449 -1.3793104 -16.300841295373758
19.103449 -1.5517242 -16.24441183385558
19.103449 -1.7241379 -16.172080447593743
19.103449 -1.8965517 -16.082816959994236
19.103449 -2.0689654 -15.976853071580203
19.103449 -2.2413793 -15.855615445700725
19.103449 -2.4137931 -15.72134583254475
19.103449 -2.5862069 -15.576600711088544
19.103449 -2.7586207 -15.423832684280015
19.103449 -2.9310346 -15.265145328800456
19.103449 -3.1034484 -15.10221046732984
19.103449 -3.275862 -14.936288224184956
19.103449 -3.4482758 -14.76829399507502
19.103449 -3.6206896 -14.598877118751464
19.103449 -3.7931035 -14.428489848494987
19.103449 -3.9655173 -14.257443959506718
19.103449 -4.1379309 -14.085952482361778
19.103449 -4.3103447 -13.914159761964772
19.103449 -4.4827585 -13.742164035888155
19.103449 -4.6551723 -13.570031548364266
19.103449 -4.8275862 -13.397806887382327
19.103449 -5.0 -13.225520365823074

19.448277 0.0 -16.440086174086524
19.448277 -0.1724138 -16.436344306077746
19.448277 -0.34482759 -16.43107007521472
19.448277 -0.51724136 -16.423495765549536
19.448277 -0.68965518 -16.412569838599456
19.448277 -0.86206895 -16.396876723486407
19.448277 -1.0344827 -16.37457861704974
19.448277 -1.2068965 -16.343423341987915
19.448277 -1.3793104 -16.30087877065511
19.448277 -1.5517242 -16.24444253019758
19.448277 -1.7241379 -16.172106589319192
19.448277 -1.8965517 -16.082840042359564
19.448277 -2.0689654 -15.976874099365364
19.448277 -2.2413793 -15.85563509380269
19.448277 -2.4137931 -15.721364554131211
19.448277 -2.5862069 -15.576618810394049
19.448277 -2.7586207 -15.423850365561034
19.448277 -2.9310346 -15.265162729214495
19.448277 -3.1034484 -15.102227678999911
19.448277 -3.275862 -14.936305309000764
19.448277 -3.4482758 -14.768310994623338
19.448277 -3.6206896 -14.598894060981342
19.448277 -3.7931035 -14.428506752192204
19.448277 -3.9655173 -14.25746083729917
19.448277 -4.1379309 -14.085969342738512
19.448277 -4.3103447 -13.914176610632715
19.448277 -4.4827585 -13.742180876684062
19.448277 -4.6551723 -13.570048383867608
19.448277 -4.8275862 -13.397823719327329
19.448277 -5.0 -13.225537195375697

19.793104 0.0 -16.441216501863696
19.793104 -0.1724138 -16.43711728856694
19.793104 -0.34482759 -16.431602317224055
19.793104 -0.51724136 -16.423865930466366
19.793104 -0.68965518 -16.412830935771172
19.793104 -0.86206895 -16.397064448580384
19.793104 -1.0344827 -16.37471699534878
19.793104 -1.2068965 -16.343528538907464
19.793104 -1.3793104 -16.300961660913455
19.793104 -1.5517242 -16.2445104282432
19.793104 -1.7241379 -16.17216441396763
19.793104 -1.8965517 -16.08289110044274
19.793104 -2.0689654 -15.976920613118605
19.793104 -2.2413793 -15.855678555923365
19.793104 -2.4137931 -15.721405966932473
19.793104 -2.5862069 -15.576658846790371
19.793104 -2.7586207 -15.423889477337356
19.793104 -2.9310346 -15.265201219744995
19.793104 -3.1034484 -15.102265752049414
19.793104 -3.275862 -14.936343101462155
19.793104 -3.4482758 -14.768348598481975
19.793104 -3.6206896 -14.598931538057519
19.793104 -3.7931035 -14.428544144038076
19.793104 -3.9655173 -14.25749817184635
19.793104 -4.1379309 -14.086006638763887
19.793104 -4.3103447 -13.914213880759435
19.793104 -4.4827585 -13.742218129398626
19.793104 -4.6551723 -13.570085624875558
19.793104 -4.8275862 -13.39786095246459
19.793104 -5.0 -13.225574423221257

20.137932 0.0 -16.44370556504203
20.137932 -0.1724138 -16.438821912415428
20.137932 -0.34482759 -16.43277719443853
20.137932 -0.51724136 -16.424683576124103
20.137932 -0.68965518 -16.41340792172803
20.137932 -0.86206895 -16.397479417471448
20.137932 -1.0344827 -16.375022944178763
20.137932 -1.2068965 -16.3437611566141
20.137932 -1.3793104 -16.301144969529993
20.137932 -1.5517242 -16.24466059137282
20.137932 -1.7241379 -16.172292304074695
20.137932 -1.8965517 -16.08300402814525
20.137932 -2.0689654 -15.977023491816
20.137932 -2.2413793 -15.855774686249852
20.137932 -2.4137931 -15.721497565305784
20.137932 -2.5862069 -15.576747401279933
20.137932 -2.7586207 -15.4239759870346
20.137932 -2.9310346 -15.265286355551655
20.137932 -3.1034484 -15.102349964589271
20.137932 -3.275862 -14.936426693474546
20.137932 -3.4482758 -14.768431773393969
20.137932 -3.6206896 -14.599014432586095
20.137932 -3.7931035 -14.428626850076993
20.137932 -3.9655173 -14.257580751167215
20.137932 -4.1379309 -14.086089132892416
20.137932 -4.3103447 -13.914296317612148
20.137932 -4.4827585 -13.742300527743724
20.137932 -4.6551723 -13.570167997331046
20.137932 -4.8275862 -13.397943307513756
20.137932 -5.0 -13.22565676656763

20.482758 0.0 -16.44915690381518
20.482758 -0.1724138 -16.442566908920465
20.482758 -0.34482759 -16.43536385302447
20.482758 -0.51724136 -16.426486338721965
20.482758 -0.68965518 -16.414681315302886
20.482758 -0.86206895 -16.398395847278927
20.482758 -1.0344827 -16.37569891110904
20.482758 -1.2068965 -16.344275258743448
20.482758 -1.3793104 -16.301550176579923
20.482758 -1.5517242 -16.244992574695445
20.482758 -1.7241379 -16.172575071559827
20.482758 -1.8965517 -16.083253728753423
20.482758 -2.0689654 -15.977250981878326
20.482758 -2.2413793 -15.855987259881664
20.482758 -2.4137931 -15.721700121160001
20.482758 -2.5862069 -15.57694322849146
20.482758 -2.7586207 -15.424167294046367
20.482758 -2.9310346 -15.265474625410711
20.482758 -3.1034484 -15.102536193435323
20.482758 -3.275862 -14.936611550547461
20.482758 -3.4482758 -14.768615708397233
20.482758 -3.6206896 -14.599197747753522
20.482758 -3.7931035 -14.428809748554764
20.482758 -3.9655173 -14.25776336951202
20.482758 -4.1379309 -14.086271562904114
20.482758 -4.3103447 -13.914478621005205
20.482758 -4.4827585 -13.742482746008633
20.482758 -4.6551723 -13.57035015836221
20.482758 -4.8275862 -13.398125430065038
20.482758 -5.0 -13.225838863247725

20.827587 0.0 -16.46095960973077
20.827587 -0.1724138 -16.450728600037902
20.827587 -0.34482759 -16.44102677468671
20.827587 -0.51724136 -16.4304454050004
20.827587 -0.68965518 -16.41748377069284
20.827587 -0.86206895 -16.400415611542975
20.827587 -1.0344827 -16.377190159507432
20.827587 -1.2068965 -16.345410163796377
20.827587 -1.3793104 -16.302445087117878
20.827587 -1.5517242 -16.245725987547722
20.827587 -1.7241379 -16.173199882933538
20.827587 -1.8965517 -16.083805549082687
20.827587 -2.0689654 -15.977753764128899
20.827587 -2.2413793 -15.856457103555542
20.827587 -2.4137931 -15.72214784125268
20.827587 -2.5862069 -15.577376087820149
20.827587 -2.7586207 -15.424590169682572
20.827587 -2.9310346 -15.26589079273019
20.827587 -3.1034484 -15.102947852570319
20.827587 -3.275862 -14.937020179671244
20.827587 -3.4482758 -14.769022300808546
20.827587 -3.6206896 -14.599602971032576
20.827587 -3.7931035 -14.429214051419702
20.827587 -3.9655173 -14.258167053597319
20.827587 -4.1379309 -14.086674830983728
20.827587 -4.3103447 -13.914881609398755
20.827587 -4.4827585 -13.742885546363713
20.827587 -4.6551723 -13.570752832294326
20.827587 -4.8275862 -13.398528018999357
20.827587 -5.0 -13.22624139503544

21.172413 0.0 -16.485927878596232
21.172413 -0.1724138 -16.468220818070765
21.172413 -0.34482759 -16.45327720310291
21.172413 -0.51724136 -16.439066077636294
21.172413 -0.68965518 -16.423613634960603
21.172413 -0.86206895 -16.404847199511256
21.172413 -1.0344827 -16.380469044241053
21.172413 -1.2068965 -16.347909116723795
21.172413 -1.3793104 -16.304417505741025
21.172413 -1.5517242 -16.24734351647021
21.172413 -1.7241379 -16.174578500716414
21.172413 -1.8965517 -16.085023476709402
21.172413 -2.0689654 -15.97886368080434
21.172413 -2.2413793 -15.857494445829124
21.172413 -2.4137931 -15.723136427196243
21.172413 -2.5862069 -15.578331918444707
21.172413 -2.7586207 -15.425523992557837
21.172413 -2.9310346 -15.266809826994765
21.172413 -3.1034484 -15.103856948005443
21.172413 -3.275862 -14.937922594881847
21.172413 -3.4482758 -14.769920225614669
21.172413 -3.6206896 -14.600497877227806
21.172413 -3.7931035 -14.43010692830196
21.172413 -3.9655173 -14.259058566196538
21.172413 -4.1379309 -14.087565426371302
21.172413 -4.3103447 -13.915771588131216
21.172413 -4.4827585 -13.743775110505956
21.172413 -4.6551723 -13.571642117696854
21.172413 -4.8275862 -13.399417116996984
21.172413 -5.0 -13.227130367034986

21.517242 0.0 -16.536574285364686
21.517242 -0.1724138 -16.504523748080224
21.517242 -0.34482759 -16.47915143664054
21.517242 -0.51724136 -16.457510373361696
21.517242 -0.68965518 -16.43685031252637
21.517242 -0.86206895 -16.4144787762419
21.517242 -1.0344827 -16.3876273179819
21.517242 -1.2068965 -16.35338145588902
21.517242 -1.3793104 -16.30874585079158
21.517242 -1.5517242 -16.250898114483764
21.517242 -1.7241379 -16.17761098479596
21.517242 -1.8965517 -16.08770423036892
21.517242 -2.0689654 -15.981307758048384
21.517242 -2.2413793 -15.85977938108939
21.517242 -2.4137931 -15.725314396994149
21.517242 -2.5862069 -15.580438003552468
21.517242 -2.7586207 -15.427581768934239
21.517242 -2.9310346 -15.26883513642005
21.517242 -3.1034484 -15.10586043553559
21.517242 -3.275862 -14.93991141419758
21.517242 -3.4482758 -14.771899184607882
21.517242 -3.6206896 -14.602470207558941
21.517242 -3.7931035 -14.432074802311002
21.517242 -3.9655173 -14.261023444232302
21.517242 -4.1379309 -14.089528290186658
21.517242 -4.3103447 -13.917733097747725
21.517242 -4.4827585 -13.745735709662288
21.517242 -4.6551723 -13.573602104725587
21.517242 -4.8275862 -13.401376692473574
21.517242 -5.0 -13.22908966581206

21.862068 0.0 -16.63313303685231
21.862068 -0.1724138 -16.57596361308822
21.862068 -0.34482759 -16.531493419320235
21.862068 -0.51724136 -16.49566814347852
21.862068 -0.68965518 -16.46470925430397
21.862068 -0.86206895 -16.435007976355642
21.862068 -1.0344827 -16.40302324484515
21.862068 -1.2068965 -16.365226047154593
21.862068 -1.3793104 -16.318155434924137
21.862068 -1.5517242 -16.258648832312048
21.862068 -1.7241379 -16.184236764240737
21.862068 -1.8965517 -16.09356961603759
21.862068 -2.0689654 -15.986660309790153
21.862068 -2.2413793 -15.864786568493122
21.862068 -2.4137931 -15.730089209824646
21.862068 -2.5862069 -15.585056542665836
21.862068 -2.7586207 -15.432095237737304
21.862068 -2.9310346 -15.273277967996709
21.862068 -3.1034484 -15.110255779841552
21.862068 -3.275862 -14.944274833992193
21.862068 -3.4482758 -14.776241141918286
21.862068 -3.6206896 -14.6067977356482
21.862068 -3.7931035 -14.436392629489651
21.862068 -3.9655173 -14.265334749323987
21.862068 -4.1379309 -14.093835210332918
21.862068 -4.3103447 -13.922037069772383
21.862068 -4.4827585 -13.750037699576872
21.862068 -4.6551723 -13.577902762004676
21.862068 -4.8275862 -13.405676453777382
21.862068 -5.0 -13.233388824721725

22.206898 0.0 -16.803092769104502
22.206898 -0.1724138 -16.70713788768328
22.206898 -0.34482759 -16.630941971728895
22.206898 -0.51724136 -16.570413487862705
22.206898 -0.68965518 -16.52074299086306
22.206898 -0.86206895 -16.4771943152621
22.206898 -1.0344827 -16.435185026105597
22.206898 -1.2068965 -16.390269654050098
22.206898 -1.3793104 -16.33822283233286
22.206898 -1.5517242 -16.275278528917273
22.206898 -1.7241379 -16.19851225139948
22.206898 -1.8965517 -16.10624294799703
22.206898 -2.0689654 -15.998248055402483
22.206898 -2.2413793 -15.87564091386397
22.206898 -2.4137931 -15.740449034647297
22.206898 -2.5862069 -15.595083316026406
22.206898 -2.7586207 -15.441897865634488
22.206898 -2.9310346 -15.282929806953772
22.206898 -3.1034484 -15.119806203030596
22.206898 -3.275862 -14.953757057556238
22.206898 -3.4482758 -14.785677506460537
22.206898 -3.6206896 -14.616203265027904
22.206898 -3.7931035 -14.445777426199607
22.206898 -3.9655173 -14.274705606258175
22.206898 -4.1379309 -14.103196694858866
22.206898 -4.3103447 -13.931392252792168
22.206898 -4.4827585 -13.759388645827604
22.206898 -4.6551723 -13.587250859705659
22.206898 -4.8275862 -13.415022636287338
22.206898 -5.0 -13.24273371957746

22.551723 0.0 -17.05703139568973
22.551723 -0.1724138 -16.922699227388545
22.551723 -0.34482759 -16.805077408492465
22.551723 -0.51724136 -16.706880032400235
22.551723 -0.68965518 -16.626430201803867
22.551723 -0.86206895 -16.559040074301702
22.551723 -1.0344827 -16.499104956657167
22.551723 -1.2068965 -16.44102050124981
22.551723 -1.3793104 -16.379498682391002
22.551723 -1.5517242 -16.309858835865732
22.551723 -1.7241379 -16.228429105019124
22.551723 -1.8965517 -16.132947194438266
22.551723 -2.0689654 -16.022756775411363
22.551723 -2.2413793 -15.898657554309143
22.551723 -2.4137931 -15.762455489976755
22.551723 -2.5862069 -15.616407542997512
22.551723 -2.7586207 -15.462762087347697
22.551723 -2.9310346 -15.303484177819344
22.551723 -3.1034484 -15.140152000010698
22.551723 -3.275862 -14.97396251288739
22.551723 -3.4482758 -14.805788556184142
22.551723 -3.6206896 -14.636250820766476
22.551723 -3.7931035 -14.465782282926614
22.551723 -3.9655173 -14.294681750573943
22.551723 -4.1379309 -14.123153532851727
22.551723 -4.3103447 -13.951336109552539
22.551723 -4.4827585 -13.779323774443046
22.551723 -4.6551723 -13.607180119897519
22.551723 -4.8275862 -13.434947950845228
22.551723 -5.0 -13.262656381309798

22.896551 0.0 -17.37626355436923
22.896551 -0.1724138 -17.21011256079875
22.896551 -0.34482759 -17.062402544962104
22.896551 -0.51724136 -16.928435147845384
22.896551 -0.68965518 -16.80937352467364
22.896551 -0.86206895 -16.70669171063303
22.896551 -1.0344827 -16.61792187672599
22.896551 -1.2068965 -16.537672524086688
22.896551 -1.3793104 -16.459689034569873
22.896551 -1.5517242 -16.378111647100464
22.896551 -1.7241379 -16.288189614021785
22.896551 -1.8965517 -16.18675991755589
22.896551 -2.0689654 -16.07245423254167
22.896551 -2.2413793 -15.945533249641448
22.896551 -2.4137931 -15.807408731281697
22.896551 -2.5862069 -15.660056789592275
22.896551 -2.7586207 -15.505529459793205
22.896551 -2.9310346 -15.345656325599581
22.896551 -3.1034484 -15.181922922651117
22.896551 -3.275862 -15.015463213610163
22.896551 -3.4482758 -14.847107368215116
22.896551 -3.6206896 -14.677447248657106
22.896551 -3.7931035 -14.506896385247726
22.896551 -3.9655173 -14.335740483433199
22.896551 -4.1379309 -14.164175030267412
22.896551 -4.3103447 -13.992332568325311
22.896551 -4.4827585 -13.820303397084945
22.896551 -4.6551723 -13.64814842221334
22.896551 -4.8275862 -13.475908641739032
22.896551 -5.0 -13.303611954614071

23.241379 0.0 -17.760366573299414
23.241379 -0.1724138 -17.569717790783116
23.241379 -0.34482759 -17.385166902966365
23.241379 -0.51724136 -17.220041179613897
23.241379 -0.68965518 -17.07348213415684
23.241379 -0.86206895 -16.94004657273326
23.241379 -1.0344827 -16.818329361528733
23.241379 -1.2068965 -16.70766036938355
23.241379 -1.3793104 -16.60467064300766
23.241379 -1.5517242 -16.50395175001699
23.241379 -1.7241379 -16.399985162763365
23.241379 -1.8965517 -16.288523200316526
23.241379 -2.0689654 -16.167181364480925
23.241379 -2.2413793 -16.03538926156903
23.241379 -2.4137931 -15.893923435556719
23.241379 -2.5862069 -15.744294271992036
23.241379 -2.7586207 -15.588221791673664
23.241379 -2.9310346 -15.427303381319671
23.241379 -3.1034484 -15.262864292686476
23.241379 -3.275862 -15.095928809330307
23.241379 -3.4482758 -14.927252487771963
23.241379 -3.6206896 -14.757376631360803
23.241379 -3.7931035 -14.586680598569682
23.241379 -3.9655173 -14.415427039244358
23.241379 -4.1379309 -14.243795902638714
23.241379 -4.3103447 -14.07190926807024
23.241379 -4.4827585 -13.899850392913676
23.241379 -4.6551723 -13.727675444740965
23.241379 -4.8275862 -13.55542223445798
23.241379 -5.0 -13.383116517529723

23.586206 0.0 -18.160885682609628
23.586206 -0.1724138 -17.956906343158174
23.586206 -0.34482759 -17.770243185714275
23.586206 -0.51724136 -17.58449404525867
23.586206 -0.68965518 -17.40385460302107
23.586206 -0.86206895 -17.24041868475862
23.586206 -1.0344827 -17.094870166861817
23.586206 -1.2068965 -16.9613355698547
23.586206 -1.3793104 -16.835168079491297
23.586206 -1.5517242 -16.71299123227247
23.586206 -1.7241379 -16.591108829309448
23.586206 -1.8965517 -16.465779649695467
23.586206 -2.0689654 -16.334224948806014
23.586206 -2.2413793 -16.19514710085046
23.586206 -2.4137931 -16.048588952754912
23.586206 -2.5862069 -15.895447385635288
23.586206 -2.7586207 -15.73697310142499
23.586206 -2.9310346 -15.574421622565476
23.586206 -3.1034484 -15.408876311615817
23.586206 -3.275862 -15.241193346482344
23.586206 -3.4482758 -15.072012780266098
23.586206 -3.6206896 -14.901797140680156
23.586206 -3.7931035 -14.730872315316217
23.586206 -3.9655173 -14.559464775174051
23.586206 -4.1379309 -14.387730041581186
23.586206 -4.3103447 -14.215773723193488
23.586206 -4.4827585 -14.04366798275746
23.586206 -4.6551723 -13.871461518892769
23.586206 -4.8275862 -13.699187116540234
23.586206 -5.0 -13.526867150110224

23.931034 0.0 -18.620034306219736
23.931034 -0.1724138 -18.396360826440002
23.931034 -0.34482759 -18.173569440920282
23.931034 -0.51724136 -17.97192136354002
23.931034 -0.68965518 -17.790206139823567
23.931034 -0.86206895 -17.613533366082578
23.931034 -1.0344827 -17.440723167828946
23.931034 -1.2068965 -17.279873976314946
23.931034 -1.3793104 -17.13290798333473
23.931034 -1.5517242 -16.995152796080244
23.931034 -1.7241379 -16.860721679822213
23.931034 -1.8965517 -16.725043959183893
23.931034 -2.0689654 -16.585201917188932
23.931034 -2.2413793 -16.439771523565536
23.931034 -2.4137931 -16.288528144128986
23.931034 -2.5862069 -16.132029788739015
23.931034 -2.7586207 -15.971199183348403
23.931034 -2.9310346 -15.807016718852136
23.931034 -3.1034484 -15.640353170245278
23.931034 -3.275862 -15.471908419129026
23.931034 -3.4482758 -15.302211127876385
23.931034 -3.6206896 -15.131646005101505
23.931034 -3.7931035 -14.960485269303394
23.931034 -3.9655173 -14.788918691899521
23.931034 -4.1379309 -14.617076838846591
23.931034 -4.3103447 -14.445048412695629
23.931034 -4.4827585 -14.272894152079363
23.931034 -4.6551723 -14.100655048472499
23.931034 -4.8275862 -13.928358693153669
23.931034 -5.0 -13.756023963311858

24.275862 0.0 -19.087790515452664
24.275862 -0.1724138 -18.851552524833608
24.275862 -0.34482759 -18.6328085905457
24.275862 -0.51724136 -18.416062075178537
24.275862 -0.68965518 -18.200201444895974
24.275862 -0.86206895 -18.002773837510304
24.275862 -1.0344827 -17.827445019622385
24.275862 -1.2068965 -17.66344100693795
24.275862 -1.3793104 -17.503655278239208
24.275862 -1.5517242 -17.348202670813603
24.275862 -1.7241379 -17.197423319673053
24.275862 -1.8965517 -17.04916222006271
24.275862 -2.0689654 -16.90037517514138
24.275862 -2.2413793 -16.748780430574474
24.275862 -2.4137931 -16.59333618001281
24.275862 -2.5862069 -16.433987579037485
24.275862 -2.7586207 -16.271227713104118
24.275862 -2.9310346 -16.105741623933625
24.275862 -3.1034484 -15.938198391756673
24.275862 -3.275862 -15.76916065215615
24.275862 -3.4482758 -15.599063942176162
24.275862 -3.6206896 -15.428229935278958
24.275862 -3.7931035 -15.256888261758808
24.275862 -3.9655173 -15.08519996145496
24.275862 -4.1379309 -14.913276236923359
24.275862 -4.3103447 -14.74119275060542
24.275862 -4.4827585 -14.569001464275225
24.275862 -4.6551723 -14.396737463876583
24.275862 -4.8275862 -14.224424368151427
24.275862 -5.0 -14.052078382512383

24.620689 0.0 -19.549711269380275
24.620689 -0.1724138 -19.335112521987227
24.620689 -0.34482759 -19.1027437459278
24.620689 -0.51724136 -18.871335779302296
24.620689 -0.68965518 -18.65888499841389
24.620689 -0.86206895 -18.45468154854035
24.620689 -1.0344827 -18.252597034012624
24.620689 -1.2068965 -18.062833809555634
24.620689 -1.3793104 -17.89155298359552
24.620689 -1.5517242 -17.734333261253344
24.620689 -1.7241379 -17.58362509736471
24.620689 -1.8965517 -17.434017940950042
24.620689 -2.0689654 -17.28261644955867
24.620689 -2.2413793 -17.128073539517857
24.620689 -2.4137931 -16.969976025085646
24.620689 -2.5862069 -16.808502265823204
24.620689 -2.7586207 -16.644149121096657
24.620689 -2.9310346 -16.47751479631902
24.620689 -3.1034484 -16.309164048563176
24.620689 -3.275862 -16.139567146599248
24.620689 -3.4482758 -15.96908709889432
24.620689 -3.6206896 -15.79799200464495
24.620689 -3.7931035 -15.626473271787853
24.620689 -3.9655173 -15.454665239592721
24.620689 -4.1379309 -15.282660703472672
24.620689 -4.3103447 -15.110522743588566
24.620689 -4.4827585 -14.938294768979116
24.620689 -4.6551723 -14.766006072911058
24.620689 -4.8275862 -14.593676360362844
24.620689 -5.0 -14.421319196754945

24.965517 0.0 -20.0153989733826
24.965517 -0.1724138 -19.77876268387788
24.965517 -0.34482759 -19.561572790441346
24.965517 -0.51724136 -19.353893577982383
24.965517 -0.68965518 -19.133367675567996
24.965517 -0.86206895 -18.911851593819645
24.965517 -1.0344827 -18.708697562284847
24.965517 -1.2068965 -18.5214443919235
24.965517 -1.3793104 -18.341152093768013
24.965517 -1.5517242 -18.166472779356393
24.965517 -1.7241379 -17.998906108388596
24.965517 -1.8965517 -17.837341756498557
24.965517 -2.0689654 -17.678709742915515
24.965517 -2.2413793 -17.520111227086918
24.965517 -2.4137931 -17.359790763459372
24.965517 -2.5862069 -17.19708849621578
24.965517 -2.7586207 -17.03203932609007
24.965517 -2.9310346 -16.86499811180644
24.965517 -3.1034484 -16.69640195837851
24.965517 -3.275862 -16.5266529225046
24.965517 -3.4482758 -16.356076434961505
24.965517 -3.6206896 -16.18491915096576
24.965517 -3.7931035 -16.013359805709225
24.965517 -3.9655173 -15.841525011348516
24.965517 -4.1379309 -15.6695027276789
24.965517 -4.3103447 -15.49735294652466
24.965517 -4.4827585 -15.325117074267064
24.965517 -4.6551723 -15.152823091029965
24.965517 -4.8275862 -14.980489833990529
24.965517 -5.0 -14.808130291935786

25.310345 0.0 -20.48329387789482
25.310345 -0.1724138 -20.257948938015637
25.310345 -0.34482759 -20.02983493863845
25.310345 -0.51724136 -19.79873756724934
25.310345 -0.68965518 -19.58615213437382
25.310345 -0.86206895 -19.389699597290882
25.310345 -1.0344827 -19.19024791191393
25.310345 -1.2068965 -18.98813491729617
25.310345 -1.3793104 -18.79692943066649
25.310345 -1.5517242 -18.621113895997382
25.310345 -1.7241379 -18.456028494067905
25.310345 -1.8965517 -18.295789722557235
25.310345 -2.0689654 -18.136527864641874
25.310345 -2.2413793 -17.976202350184355
25.310345 -2.4137931 -17.81391618849956
25.310345 -2.5862069 -17.649463516256418
25.310345 -2.7586207 -17.483025499407088
25.310345 -2.9310346 -17.314949813895694
25.310345 -3.1034484 -17.145611333900565
25.310345 -3.275862 -16.975341696796594
25.310345 -3.4482758 -16.804405372513752
25.310345 -3.6206896 -16.633001693257732
25.310345 -3.7931035 -16.461274662144366
25.310345 -3.9655173 -16.289326208936316
25.310345 -4.1379309 -16.11722709295299
25.310345 -4.3103447 -15.94502546661549
25.310345 -4.4827585 -15.772754651949288
25.310345 -4.6551723 -15.600437137224555
25.310345 -4.8275862 -15.428088041728232
25.310345 -5.0 -15.255717843058237

25.655172 0.0 -20.974175050245265
25.655172 -0.1724138 -20.735559409669865
25.655172 -0.34482759 -20.497117716265667
25.655172 -0.51724136 -20.27677067232076
25.655172 -0.68965518 -20.059190919349557
25.655172 -0.86206895 -19.839542266816675
25.655172 -1.0344827 -19.634680695009983
25.655172 -1.2068965 -19.45040392120695
25.655172 -1.3793104 -19.27636973261493
25.655172 -1.5517242 -19.10406349006526
25.655172 -1.7241379 -18.933198545942226
25.655172 -1.8965517 -18.765385047422033
25.655172 -2.0689654 -18.60024778758464
25.655172 -2.2413793 -18.436164928731603
25.655172 -2.4137931 -18.27166264406928
25.655172 -2.5862069 -18.105935603259727
25.655172 -2.7586207 -17.938761555639637
25.655172 -2.9310346 -17.770252514252412
25.655172 -3.1034484 -17.600652496415165
25.655172 -3.275862 -17.430221089835513
25.655172 -3.4482758 -17.259182536578543
25.655172 -3.6206896 -17.087713130440836
25.655172 -3.7931035 -16.915943282621846
25.655172 -3.9655173 -16.743966667857507
25.655172 -4.1379309 -16.571848902059337
25.655172 -4.3103447 -16.399634865648157
25.655172 -4.4827585 -16.227355765631092
25.655172 -4.6551723 -16.055032706799313
25.655172 -4.8275862 -15.88267989575904
25.655172 -5.0 -15.71030720440727

26.0 0.0 -21.42492597784565
26.0 -0.1724138 -21.201520830114543
26.0 -0.34482759 -20.987375248751334
26.0 -0.51724136 -20.757338664288444
26.0 -0.68965518 -20.526118356298554
26.0 -0.86206895 -20.31402214152709
26.0 -1.0344827 -20.113457175136777
26.0 -1.2068965 -19.91485638730031
26.0 -1.3793104 -19.723786530420874
26.0 -1.5517242 -19.54658970882532
26.0 -1.7241379 -19.381547727975708
26.0 -1.8965517 -19.222943587662172
26.0 -2.0689654 -19.065842929959285
26.0 -2.2413793 -18.90743884073685
26.0 -2.4137931 -18.746596170673385
26.0 -2.5862069 -18.583146407335388
26.0 -2.7586207 -18.417381806825595
26.0 -2.9310346 -18.249752755923854
26.0 -3.1034484 -18.08070983942844
26.0 -3.275862 -17.910636146954623
26.0 -3.4482758 -17.739830107517985
26.0 -3.6206896 -17.568513302049087
26.0 -3.7931035 -17.396844333659796
26.0 -3.9655173 -17.224934755802636
26.0 -4.1379309 -17.052861701889384
26.0 -4.3103447 -16.880677563484692
26.0 -4.4827585 -16.70841849078987
26.0 -4.6551723 -16.536108863421827
26.0 -4.8275862 -16.363765067613613
26.0 -5.0 -16.19139843062957
