# KROME file, XRAY He rate
# Distance = 1 kpc
# Xray rate including primary He ionization in 1/s
# first line indicates the size of the table (30x30)
# then first column is the parameter log10(nH), where nH is the H column density in cm-2
# second column is log10(xHe), where xHe = nHe/nH both in cm-2
# third column is log10(rate), where rate is in units of 1/s
30, 30
16.0 0.0 -10.61956719791399
16.0 -0.1724138 -10.615287948252572
16.0 -0.34482759 -10.609085970919468
16.0 -0.51724136 -10.60007876026932
16.0 -0.68965518 -10.58705508896229
16.0 -0.86206895 -10.568403012467284
16.0 -1.0344827 -10.542078293210809
16.0 -1.2068965 -10.505667223946716
16.0 -1.3793104 -10.45660418218482
16.0 -1.5517242 -10.39256704557446
16.0 -1.7241379 -10.311975281434886
16.0 -1.8965517 -10.214402736745576
16.0 -2.0689654 -10.100699136298616
16.0 -2.2413793 -9.972751539825605
16.0 -2.4137931 -9.833017491458794
16.0 -2.5862069 -9.684044690606058
16.0 -2.7586207 -9.528133840885303
16.0 -2.9310346 -9.367178840907291
16.0 -3.1034484 -9.202642826056781
16.0 -3.275862 -9.035607231182484
16.0 -3.4482758 -8.86684706890748
16.0 -3.6206896 -8.69690713521584
16.0 -3.7931035 -8.526164462675363
16.0 -3.9655173 -8.354877914345241
16.0 -4.1379309 -8.183223853502831
16.0 -4.3103447 -8.011321467376776
16.0 -4.4827585 -7.839251848089889
16.0 -4.6551723 -7.667069606529782
16.0 -4.8275862 -7.49481146105935
16.0 -5.0 -7.322502411736279

16.344828 0.0 -10.619991758055727
16.344828 -0.1724138 -10.615579268526558
16.344828 -0.34482759 -10.609287671938166
16.344828 -0.51724136 -10.60022019376914
16.344828 -0.68965518 -10.587156001386635
16.344828 -0.86206895 -10.568476687273304
16.344828 -1.0344827 -10.542133666408876
16.344828 -1.2068965 -10.505710307487684
16.344828 -1.3793104 -10.456639020933322
16.344828 -1.5517242 -10.392596360231318
16.344828 -1.7241379 -10.312000900385454
16.344828 -1.8965517 -10.214425886582221
16.344828 -2.0689654 -10.100720637954174
16.344828 -2.2413793 -9.972771941451281
16.344828 -2.4137931 -9.833037158504508
16.344828 -2.5862069 -9.6840638666221
16.344828 -2.7586207 -9.528152688289964
16.344828 -2.9310346 -9.36719746815089
16.344828 -3.1034484 -9.202661305659404
16.344828 -3.275862 -9.035625611703246
16.344828 -3.4482758 -8.866865382897574
16.344828 -3.6206896 -8.696925404514769
16.344828 -3.7931035 -8.526182701945118
16.344828 -3.9655173 -8.354896133433702
16.344828 -4.1379309 -8.183242059026515
16.344828 -4.3103447 -8.011339663782097
16.344828 -4.4827585 -7.839270038365399
16.344828 -4.6551723 -7.667087792684356
16.344828 -4.8275862 -7.494829644443433
16.344828 -5.0 -7.322520593257736

16.689655 0.0 -10.620929977115965
16.689655 -0.1724138 -10.61622325950665
16.689655 -0.34482759 -10.609733650550128
16.689655 -0.51724136 -10.600532962524234
16.689655 -0.68965518 -10.587379183561932
16.689655 -0.86206895 -10.568639640629502
16.689655 -1.0344827 -10.542256145994324
16.689655 -1.2068965 -10.505805606586751
16.689655 -1.3793104 -10.45671608446224
16.689655 -1.5517242 -10.392661205332475
16.689655 -1.7241379 -10.312057570975343
16.689655 -1.8965517 -10.214477095670663
16.689655 -2.0689654 -10.100768201348734
16.689655 -2.2413793 -9.972817071618882
16.689655 -2.4137931 -9.833080663800322
16.689655 -2.5862069 -9.684106285769944
16.689655 -2.7586207 -9.528194380554536
16.689655 -2.9310346 -9.367238673422007
16.689655 -3.1034484 -9.202702184350308
16.689655 -3.275862 -9.035666271226038
16.689655 -3.4482758 -8.866905895255124
16.689655 -3.6206896 -8.696965818015837
16.689655 -3.7931035 -8.526223049021894
16.689655 -3.9655173 -8.354936435869611
16.689655 -4.1379309 -8.183282331457244
16.689655 -4.3103447 -8.011379916043081
16.689655 -4.4827585 -7.839310277067283
16.689655 -4.6551723 -7.667128022270761
16.689655 -4.8275862 -7.494869867901531
16.689655 -5.0 -7.322560812595718

17.034483 0.0 -10.623000659316235
17.034483 -0.1724138 -10.61764561239487
17.034483 -0.34482759 -10.610719148589679
17.034483 -0.51724136 -10.60122433028546
17.034483 -0.68965518 -10.587872632388766
17.034483 -0.86206895 -10.568999979442344
17.034483 -1.0344827 -10.542527012446724
17.034483 -1.2068965 -10.506016377042538
17.034483 -1.3793104 -10.456886531560475
17.034483 -1.5517242 -10.392804632422326
17.034483 -1.7241379 -10.312182919921014
17.034483 -1.8965517 -10.214590365959303
17.034483 -2.0689654 -10.100873408641874
17.034483 -2.2413793 -9.972916897389336
17.034483 -2.4137931 -9.833176895837688
17.034483 -2.5862069 -9.684200115555933
17.034483 -2.7586207 -9.528286602674125
17.034483 -2.9310346 -9.367329818442713
17.034483 -3.1034484 -9.202792607061872
17.034483 -3.275862 -9.03575620919507
17.034483 -3.4482758 -8.866995507732868
17.034483 -3.6206896 -8.697055211848603
17.034483 -3.7931035 -8.526312295941253
17.034483 -3.9655173 -8.355025584054852
17.034483 -4.1379309 -8.183371413278735
17.034483 -4.3103447 -8.01146895325427
17.034483 -4.4827585 -7.839399284289221
17.034483 -4.6551723 -7.667217009331598
17.034483 -4.8275862 -7.494958841408122
17.034483 -5.0 -7.322649776989669

17.379311 0.0 -10.627557758075922
17.379311 -0.1724138 -10.620780956827002
17.379311 -0.34482759 -10.612893885814772
17.379311 -0.51724136 -10.602751117369522
17.379311 -0.68965518 -10.588962881124496
17.379311 -0.86206895 -10.569796392744342
17.379311 -1.0344827 -10.543125809280511
17.379311 -1.2068965 -10.50648239118196
17.379311 -1.3793104 -10.457263428594153
17.379311 -1.5517242 -10.393121803589615
17.379311 -1.7241379 -10.312460126139385
17.379311 -1.8965517 -10.214840868181913
17.379311 -2.0689654 -10.101106083986059
17.379311 -2.2413793 -9.973137674072836
17.379311 -2.4137931 -9.83338972653262
17.379311 -2.5862069 -9.684407634635429
17.379311 -2.7586207 -9.528490567011534
17.379311 -2.9310346 -9.367531401171618
17.379311 -3.1034484 -9.202992592663028
17.379311 -3.275862 -9.035955122959
17.379311 -3.4482758 -8.86719370178628
17.379311 -3.6206896 -8.697252922444287
17.379311 -3.7931035 -8.526509681688495
17.379311 -3.9655173 -8.355222751485456
17.379311 -4.1379309 -8.183568433968613
17.379311 -4.3103447 -8.01166587530371
17.379311 -4.4827585 -7.839596140027665
17.379311 -4.6551723 -7.667413820490643
17.379311 -4.8275862 -7.495155622596573
17.379311 -5.0 -7.322846538028623

17.724138 0.0 -10.637524289876087
17.724138 -0.1724138 -10.62766254177344
17.724138 -0.34482759 -10.617678571020111
17.724138 -0.51724136 -10.606115673444949
17.724138 -0.68965518 -10.591368062654203
17.724138 -0.86206895 -10.571554636068402
17.724138 -1.0344827 -10.544448425897988
17.724138 -1.2068965 -10.507512059779875
17.724138 -1.3793104 -10.458096376477938
17.724138 -1.5517242 -10.393822861410985
17.724138 -1.7241379 -10.313072909304369
17.724138 -1.8965517 -10.215394657838536
17.724138 -2.0689654 -10.101620486872932
17.724138 -2.2413793 -9.97362578613823
17.724138 -2.4137931 -9.8338602806243
17.724138 -2.5862069 -9.684866451473772
17.724138 -2.7586207 -9.528941528658457
17.724138 -2.9310346 -9.367977099921438
17.724138 -3.1034484 -9.203434762036025
17.724138 -3.275862 -9.036394923742593
17.724138 -3.4482758 -8.86763191211806
17.724138 -3.6206896 -8.697690064404508
17.724138 -3.7931035 -8.52694610577944
17.724138 -3.9655173 -8.355658693126824
17.724138 -4.1379309 -8.18400405133301
17.724138 -4.3103447 -8.012101274686083
17.724138 -4.4827585 -7.840031392871666
17.724138 -4.6551723 -7.667848974820145
17.724138 -4.8275862 -7.495590710695069
17.724138 -5.0 -7.323281581599416

18.068966 0.0 -10.659024905858136
18.068966 -0.1724138 -10.642624133283036
18.068966 -0.34482759 -10.628136196425928
18.068966 -0.51724136 -10.613495635806636
18.068966 -0.68965518 -10.596656373198067
18.068966 -0.86206895 -10.575426769364672
18.068966 -1.0344827 -10.547364361288214
18.068966 -1.2068965 -10.509783803281788
18.068966 -1.3793104 -10.45993500262679
18.068966 -1.5517242 -10.395370869323244
18.068966 -1.7241379 -10.314426298816803
18.068966 -1.8965517 -10.21661793767153
18.068966 -2.0689654 -10.10275687868211
18.068966 -2.2413793 -9.974704170690831
18.068966 -2.4137931 -9.834899921783535
18.068966 -2.5862069 -9.685880191463442
18.068966 -2.7586207 -9.529937933434928
18.068966 -2.9310346 -9.368961889939229
18.068966 -3.1034484 -9.20441176287104
18.068966 -3.275862 -9.037366697134193
18.068966 -3.4482758 -8.86860017537424
18.068966 -3.6206896 -8.69865596974531
18.068966 -3.7931035 -8.527910426763535
18.068966 -3.9655173 -8.356621949328996
18.068966 -4.1379309 -8.18496659184409
18.068966 -4.3103447 -8.013063334102323
18.068966 -4.4827585 -7.840993128871732
18.068966 -4.6551723 -7.6688104933945755
18.068966 -4.8275862 -7.4965520830948345
18.068966 -5.0 -7.324242855724614

18.413794 0.0 -10.70406038532199
18.413794 -0.1724138 -10.674489071095328
18.413794 -0.34482759 -10.650664654627166
18.413794 -0.51724136 -10.629518117759815
18.413794 -0.68965518 -10.608198336091794
18.413794 -0.86206895 -10.583907972658361
18.413794 -1.0344827 -10.553766516962195
18.413794 -1.2068965 -10.514779645706243
18.413794 -1.3793104 -10.463982761686827
18.413794 -1.5517242 -10.398781319769887
18.413794 -1.7241379 -10.317409446902243
18.413794 -1.8965517 -10.219315188829672
18.413794 -2.0689654 -10.105263104815295
18.413794 -2.2413793 -9.977082822149889
18.413794 -2.4137931 -9.837193345781287
18.413794 -2.5862069 -9.688116629637381
18.413794 -2.7586207 -9.532136228172117
18.413794 -2.9310346 -9.371134626529885
18.413794 -3.1034484 -9.20656735870533
18.413794 -3.275862 -9.039510789203
18.413794 -3.4482758 -8.870736542719362
18.413794 -3.6206896 -8.700787147979955
18.413794 -3.7931035 -8.530038118243182
18.413794 -3.9655173 -8.358747297488316
18.413794 -4.1379309 -8.187090364939072
18.413794 -4.3103447 -8.015186048420253
18.413794 -4.4827585 -7.843115131425164
18.413794 -4.6551723 -7.670932017443704
18.413794 -4.8275862 -7.498673285446562
18.413794 -5.0 -7.3263638417961126

18.758621 0.0 -10.79291976647231
18.758621 -0.1724138 -10.739473697384517
18.758621 -0.34482759 -10.69771298331298
18.758621 -0.51724136 -10.66353862544595
18.758621 -0.68965518 -10.632985913411769
18.758621 -0.86206895 -10.60226392803597
18.758621 -1.0344827 -10.567695680181613
18.758621 -1.2068965 -10.525687687230583
18.758621 -1.3793104 -10.47284187676074
18.758621 -1.5517242 -10.40625761061304
18.758621 -1.7241379 -10.323956103409413
18.758621 -1.8965517 -10.225238746381308
18.758621 -2.0689654 -10.110769843364777
18.758621 -2.2413793 -9.982310975883077
18.758621 -2.4137931 -9.842235293735284
18.758621 -2.5862069 -9.693034032839641
18.758621 -2.7586207 -9.536970249066172
18.758621 -2.9310346 -9.375912768691364
18.758621 -3.1034484 -9.211308021778304
18.758621 -3.275862 -9.044226297126372
18.758621 -3.4482758 -8.875435158356913
18.758621 -3.6206896 -8.70547441584001
18.758621 -3.7931035 -8.534717760966231
18.758621 -3.9655173 -8.363421815570188
18.758621 -4.1379309 -8.191761438460217
18.758621 -4.3103447 -8.019854806453129
18.758621 -4.4827585 -7.847782332861445
18.758621 -4.6551723 -7.675598172410088
18.758621 -4.8275862 -7.503338736872277
18.758621 -5.0 -7.331028820224175

19.103449 0.0 -10.95172210808161
19.103449 -0.1724138 -10.8616391508151
19.103449 -0.34482759 -10.79001511632324
19.103449 -0.51724136 -10.732489047470319
19.103449 -0.68965518 -10.684415757182757
19.103449 -0.86206895 -10.640978951292656
19.103449 -1.0344827 -10.597407181558573
19.103449 -1.2068965 -10.54913443645275
19.103449 -1.3793104 -10.491983866670912
19.103449 -1.5517242 -10.422468629635812
19.103449 -1.7241379 -10.338185082311858
19.103449 -1.8965517 -10.238134027476923
19.103449 -2.0689654 -10.122770639674066
19.103449 -2.2413793 -9.993712913823662
19.103449 -2.4137931 -9.853236506151509
19.103449 -2.5862069 -9.703767020128984
19.103449 -2.7586207 -9.547523573290986
19.103449 -2.9310346 -9.386345652911036
19.103449 -3.1034484 -9.221660107062705
19.103449 -3.275862 -9.054524144243421
19.103449 -3.4482758 -8.88569657980369
19.103449 -3.6206896 -8.71571136596766
19.103449 -3.7931035 -8.544938266899594
19.103449 -3.9655173 -8.373631269507154
19.103449 -4.1379309 -8.201963463584788
19.103449 -4.3103447 -8.030051837748491
19.103449 -4.4827585 -7.857976007005555
19.103449 -4.6551723 -7.685789589593074
19.103449 -4.8275862 -7.51352863669666
19.103449 -5.0 -7.341217699910042

19.448277 0.0 -11.209127404072893
19.448277 -0.1724138 -11.068076436157805
19.448277 -0.34482759 -10.953678502613213
19.448277 -0.51724136 -10.860756721154376
19.448277 -0.68965518 -10.784076049068245
19.448277 -0.86206895 -10.718391063073199
19.448277 -1.0344827 -10.658183235300287
19.448277 -1.2068965 -10.597867847273093
19.448277 -1.3793104 -10.532210598845692
19.448277 -1.5517242 -10.456793062994743
19.448277 -1.7241379 -10.368466964890088
19.448277 -1.8965517 -10.265672438207375
19.448277 -2.0689654 -10.148458624482599
19.448277 -2.2413793 -10.01815740520688
19.448277 -2.4137931 -9.876846869933834
19.448277 -2.5862069 -9.726818159723866
19.448277 -2.7586207 -9.570199733793308
19.448277 -2.9310346 -9.408770263510755
19.448277 -3.1034484 -9.243915883087213
19.448277 -3.275862 -9.076666550981114
19.448277 -3.4482758 -8.907762833401573
19.448277 -3.6206896 -8.737726451649173
19.448277 -3.7931035 -8.566918965667279
19.448277 -3.9655173 -8.395588855700174
19.448277 -4.1379309 -8.223905513567246
19.448277 -4.3103447 -8.051983443618058
19.448277 -4.4827585 -7.879900591584446
19.448277 -4.6551723 -7.707709453806601
19.448277 -4.8275862 -7.535445327373975
19.448277 -5.0 -7.363132256968446

19.793104 0.0 -11.5742640819005
19.793104 -0.1724138 -11.386194825217252
19.793104 -0.34482759 -11.217477931891793
19.793104 -0.51724136 -11.075388162357918
19.793104 -0.68965518 -10.95799189223112
19.793104 -0.86206895 -10.859325866128213
19.793104 -1.0344827 -10.772964150035733
19.793104 -1.2068965 -10.692578884263371
19.793104 -1.3793104 -10.612050158833835
19.793104 -1.5517242 -10.525940188246965
19.793104 -1.7241379 -10.430104001197634
19.793104 -1.8965517 -10.32212389512166
19.793104 -2.0689654 -10.201371512998316
19.793104 -2.2413793 -10.068673845826552
19.793104 -2.4137931 -9.925747522306409
19.793104 -2.5862069 -9.774631869005486
19.793104 -2.7586207 -9.617282982001436
19.793104 -2.9310346 -9.455362767524432
19.793104 -3.1034484 -9.290178688045847
19.793104 -3.275862 -9.122707824793046
19.793104 -3.4482758 -8.953655234156384
19.793104 -3.6206896 -8.783518794277443
19.793104 -3.7931035 -8.612644052073946
19.793104 -3.9655173 -8.441268731082538
19.793104 -4.1379309 -8.26955499555497
19.793104 -4.3103447 -8.097612492647539
19.793104 -4.4827585 -7.925515903552919
19.793104 -4.6551723 -7.75331553019802
19.793104 -4.8275862 -7.581045194508328
19.793104 -5.0 -7.4087279494702925

20.137932 0.0 -11.987444554558843
20.137932 -0.1724138 -11.780530251965379
20.137932 -0.34482759 -11.586615074418038
20.137932 -0.51724136 -11.402388575886459
20.137932 -0.68965518 -11.235185415942222
20.137932 -0.86206895 -11.09099178029308
20.137932 -1.0344827 -10.967577498990632
20.137932 -1.2068965 -10.858260176134426
20.137932 -1.3793104 -10.75565686066475
20.137932 -1.5517242 -10.653125529191843
20.137932 -1.7241379 -10.545394595722993
20.137932 -1.8965517 -10.428999445299073
20.137932 -2.0689654 -10.302402007654994
20.137932 -2.2413793 -10.165696555933085
20.137932 -2.4137931 -10.02004517894003
20.137932 -2.5862069 -9.867086011211779
20.137932 -2.7586207 -9.708493560714366
20.137932 -2.9310346 -9.545735796279029
20.137932 -3.1034484 -9.379988085425273
20.137932 -3.275862 -9.212138087408615
20.137932 -3.4482758 -9.04283052241566
20.137932 -3.6206896 -8.87252262839705
20.137932 -3.7931035 -8.70153260132995
20.137932 -3.9655173 -8.530079766202759
20.137932 -4.1379309 -8.358313913519165
20.137932 -4.3103447 -8.186336369622436
20.137932 -4.4827585 -8.014216220910145
20.137932 -4.6551723 -7.842000007447291
20.137932 -4.8275862 -7.669719021822169
20.137932 -5.0 -7.4973946164303555

20.482758 0.0 -12.430757481586802
20.482758 -0.1724138 -12.217101899707115
20.482758 -0.34482759 -12.001775093757992
20.482758 -0.51724136 -11.799108818484356
20.482758 -0.68965518 -11.6115392165916
20.482758 -0.86206895 -11.43463477304571
20.482758 -1.0344827 -11.270853356724274
20.482758 -1.2068965 -11.12328612985106
20.482758 -1.3793104 -10.989508205589349
20.482758 -1.5517242 -10.863407357169347
20.482758 -1.7241379 -10.73853884044974
20.482758 -1.8965517 -10.609984093655838
20.482758 -2.0689654 -10.474910907858545
20.482758 -2.2413793 -10.332373902763246
20.482758 -2.4137931 -10.182746177372897
20.482758 -2.5862069 -10.027091291996749
20.482758 -2.7586207 -9.866677694650015
20.482758 -2.9310346 -9.702692114272514
20.482758 -3.1034484 -9.536117567841597
20.482758 -3.275862 -9.367711127333964
20.482758 -3.4482758 -9.198029228440978
20.482758 -3.6206896 -9.027469565675336
20.482758 -3.7931035 -8.856310226778202
20.482758 -3.9655173 -8.684743540617523
20.482758 -4.1379309 -8.512901134558847
20.482758 -4.3103447 -8.340872117777337
20.482758 -4.4827585 -8.168717360560848
20.482758 -4.6551723 -7.99647787791749
20.482758 -4.8275862 -7.824181247293156
20.482758 -5.0 -7.6518463230860645

20.827587 0.0 -12.890761546247568
20.827587 -0.1724138 -12.657772340893542
20.827587 -0.34482759 -12.444255606769428
20.827587 -0.51724136 -12.2377794717088
20.827587 -0.68965518 -12.031190087809447
20.827587 -0.86206895 -11.83603992971892
20.827587 -1.0344827 -11.657580535974077
20.827587 -1.2068965 -11.491505362156405
20.827587 -1.3793104 -11.334344151480268
20.827587 -1.5517242 -11.184366457067826
20.827587 -1.7241379 -11.038856014938165
20.827587 -1.8965517 -10.894205842870354
20.827587 -2.0689654 -10.74732474227558
20.827587 -2.2413793 -10.59642978393856
20.827587 -2.4137931 -10.441009175978488
20.827587 -2.5862069 -10.281388458022034
20.827587 -2.7586207 -10.118279366706496
20.827587 -2.9310346 -9.952469465228619
20.827587 -3.1034484 -9.784663312891748
20.827587 -3.275862 -9.615426669630565
20.827587 -3.4482758 -9.445185665704146
20.827587 -3.6206896 -9.274249690275743
20.827587 -3.7931035 -9.102837163410893
20.827587 -3.9655173 -8.931100170291186
20.827587 -4.1379309 -8.759143225242866
20.827587 -4.3103447 -8.587037183711228
20.827587 -4.4827585 -8.4148306328149
20.827587 -4.6551723 -8.242556324192233
20.827587 -4.8275862 -8.070236277346476
20.827587 -5.0 -7.897885608929086

21.172413 0.0 -13.365501029660575
21.172413 -0.1724138 -13.138695840021617
21.172413 -0.34482759 -12.906958807406058
21.172413 -0.51724136 -12.679253641434258
21.172413 -0.68965518 -12.471657385637974
21.172413 -0.86206895 -12.27730220251856
21.172413 -1.0344827 -12.08653741031543
21.172413 -1.2068965 -11.903552383817777
21.172413 -1.3793104 -11.733552751479515
21.172413 -1.5517242 -11.574708499115767
21.172413 -1.7241379 -11.421974491834876
21.172413 -1.8965517 -11.27085662394168
21.172413 -2.0689654 -11.118373024583803
21.172413 -2.2413793 -10.96294321556663
21.172413 -2.4137931 -10.80406117577783
21.172413 -2.5862069 -10.641907642748203
21.172413 -2.7586207 -10.476997470097102
21.172413 -2.9310346 -10.309930858472486
21.172413 -3.1034484 -10.141258714226716
21.172413 -3.275862 -9.971430216268494
21.172413 -3.4482758 -9.800786912817127
21.172413 -3.6206896 -9.62957847266182
21.172413 -3.7931035 -9.457981858897762
21.172413 -3.9655173 -9.28612069068469
21.172413 -4.1379309 -9.114080074224056
21.172413 -4.3103447 -8.941917694045467
21.172413 -4.4827585 -8.76967322699965
21.172413 -4.6551723 -8.597373408964796
21.172413 -4.8275862 -8.42503620352199
21.172413 -5.0 -8.252673995293835

21.517242 0.0 -13.848351730574617
21.517242 -0.1724138 -13.612913037727887
21.517242 -0.34482759 -13.380361036153515
21.517242 -0.51724136 -13.160179705667849
21.517242 -0.68965518 -12.939891812392998
21.517242 -0.86206895 -12.722866895032816
21.517242 -1.0344827 -12.523871189299355
21.517242 -1.2068965 -12.343521617327077
21.517242 -1.3793104 -12.173230504611022
21.517242 -1.5517242 -12.007966789208343
21.517242 -1.7241379 -11.846548767566107
21.517242 -1.8965517 -11.687754214813342
21.517242 -2.0689654 -11.529603094307058
21.517242 -2.2413793 -11.370314961422334
21.517242 -2.4137931 -11.208892232126377
21.517242 -2.5862069 -11.045082220540133
21.517242 -2.7586207 -10.879091281444756
21.517242 -2.9310346 -10.711316126566983
21.517242 -3.1034484 -10.542176829515924
21.517242 -3.275862 -10.372038753832069
21.517242 -3.4482758 -10.201189452317891
21.517242 -3.6206896 -10.02984351374278
21.517242 -3.7931035 -9.858154917734414
21.517242 -3.9655173 -9.686232119005734
21.517242 -4.1379309 -9.51415016315773
21.517242 -4.3103447 -9.341960033121785
21.517242 -4.4827585 -9.169696928892963
21.517242 -4.6551723 -8.997384589499086
21.517242 -4.8275862 -8.825038969610286
21.517242 -5.0 -8.652671105916056

21.862068 0.0 -14.312595986676216
21.862068 -0.1724138 -14.08198445110649
21.862068 -0.34482759 -13.862836105163979
21.862068 -0.51724136 -13.635746707292116
21.862068 -0.68965518 -13.411076374556416
21.862068 -0.86206895 -13.201754523128646
21.862068 -1.0344827 -13.000495355268399
21.862068 -1.2068965 -12.803215490809505
21.862068 -1.3793104 -12.616382506295743
21.862068 -1.5517242 -12.443443244990272
21.862068 -1.7241379 -12.281043510620183
21.862068 -1.8965517 -12.123691123561732
21.862068 -2.0689654 -11.967113678972348
21.862068 -2.2413793 -11.808910746623956
21.862068 -2.4137931 -11.648122036136844
21.862068 -2.5862069 -11.484656524334495
21.862068 -2.7586207 -11.318847841097925
21.862068 -2.9310346 -11.151169131704188
21.862068 -3.1034484 -10.982081760495188
21.862068 -3.275862 -10.811972425352481
21.862068 -3.4482758 -10.641139559585115
21.862068 -3.6206896 -10.469803336949543
21.862068 -3.7931035 -10.298120661430419
21.862068 -3.9655173 -10.126201564054535
21.862068 -4.1379309 -9.954121969762824
21.862068 -4.3103447 -9.78193336984544
21.862068 -4.4827585 -9.609671268241948
21.862068 -4.6551723 -9.437359591116389
21.862068 -4.8275862 -9.26501441113915
21.862068 -5.0 -9.092646840790195

22.206898 0.0 -14.796939418387804
22.206898 -0.1724138 -14.568520515974411
22.206898 -0.34482759 -14.328291708187242
22.206898 -0.51724136 -14.10197468567586
22.206898 -0.68965518 -13.891798275465899
22.206898 -0.86206895 -13.68047278128999
22.206898 -1.0344827 -13.470617159843286
22.206898 -1.2068965 -13.27496689352418
22.206898 -1.3793104 -13.094072361754622
22.206898 -1.5517242 -12.921696471789042
22.206898 -1.7241379 -12.753912392172005
22.206898 -1.8965517 -12.589072031882484
22.206898 -2.0689654 -12.425732634299766
22.206898 -2.2413793 -12.262416319459811
22.206898 -2.4137931 -12.09806702393811
22.206898 -2.5862069 -11.932211359805533
22.206898 -2.7586207 -11.764819923901564
22.206898 -2.9310346 -11.596095923019087
22.206898 -3.1034484 -11.42631692003417
22.206898 -3.275862 -11.255748470132122
22.206898 -3.4482758 -11.084609858400547
22.206898 -3.6206896 -10.91306948222348
22.206898 -3.7931035 -10.741250210552325
22.206898 -3.9655173 -10.569239582780027
22.206898 -4.1379309 -10.397098591082973
22.206898 -4.3103447 -10.224868776240067
22.206898 -4.4827585 -10.052578993891526
22.206898 -4.6551723 -9.880248719426813
22.206898 -4.8275862 -9.707891041873232
22.206898 -5.0 -9.535515071720196

22.551723 0.0 -15.268612570940867
22.551723 -0.1724138 -15.02952143461086
22.551723 -0.34482759 -14.810226533710994
22.551723 -0.51724136 -14.590510465029226
22.551723 -0.68965518 -14.360843819482543
22.551723 -0.86206895 -14.142464143030265
22.551723 -1.0344827 -13.944607888026502
22.551723 -1.2068965 -13.756420167500265
22.551723 -1.3793104 -13.571256945404121
22.551723 -1.5517242 -13.392142513141282
22.551723 -1.7241379 -13.22135862374324
22.551723 -1.8965517 -13.05694821479639
22.551723 -2.0689654 -12.895416123219682
22.551723 -2.2413793 -12.733985198010574
22.551723 -2.4137931 -12.571145537231635
22.551723 -2.5862069 -12.406379824738183
22.551723 -2.7586207 -12.239740850593646
22.551723 -2.9310346 -12.07152649955508
22.551723 -3.1034484 -11.902090117137027
22.551723 -3.275862 -11.731751449716214
22.551723 -3.4482758 -11.56076689411191
22.551723 -3.6206896 -11.389329843983875
22.551723 -3.7931035 -11.217579911618746
22.551723 -3.9655173 -11.045615838924727
22.551723 -4.1379309 -10.873506117243391
22.551723 -4.3103447 -10.701297312064197
22.551723 -4.4827585 -10.52902164864515
22.551723 -4.6551723 -10.356700863804761
22.551723 -4.8275862 -10.184349565081487
22.551723 -5.0 -10.011977883010228

22.896551 0.0 -15.750005313564786
22.896551 -0.1724138 -15.521837074167836
22.896551 -0.34482759 -15.284414483132096
22.896551 -0.51724136 -15.050311985194078
22.896551 -0.68965518 -14.83720370204482
22.896551 -0.86206895 -14.632516820807508
22.896551 -1.0344827 -14.423104166088876
22.896551 -1.2068965 -14.219229374010641
22.896551 -1.3793104 -14.032223339187079
22.896551 -1.5517242 -13.860541101852851
22.896551 -1.7241379 -13.697125629467896
22.896551 -1.8965517 -13.536586834017625
22.896551 -2.0689654 -13.376129805002032
22.896551 -2.2413793 -13.214420819881973
22.896551 -2.4137931 -13.050884189758342
22.896551 -2.5862069 -12.885418323722748
22.896551 -2.7586207 -12.718208792954165
22.896551 -2.9310346 -12.549568555953245
22.896551 -3.1034484 -12.37982791638584
22.896551 -3.275862 -12.209277023923793
22.896551 -3.4482758 -12.038146467553364
22.896551 -3.6206896 -11.866609806796799
22.896551 -3.7931035 -11.694792263208248
22.896551 -3.9655173 -11.522782448978711
22.896551 -4.1379309 -11.350641846746889
22.896551 -4.3103447 -11.17841222254256
22.896551 -4.4827585 -11.006122536173002
22.896551 -4.6551723 -10.833792311684709
22.896551 -4.8275862 -10.661434661153093
22.896551 -5.0 -10.489058706193896

23.241379 0.0 -16.236814686410966
23.241379 -0.1724138 -15.997683732848555
23.241379 -0.34482759 -15.764022582604934
23.241379 -0.51724136 -15.542530760155392
23.241379 -0.68965518 -15.316741934755166
23.241379 -0.86206895 -15.092909997188844
23.241379 -1.0344827 -14.888601910424628
23.241379 -1.2068965 -14.702100545993623
23.241379 -1.3793104 -14.52166165366918
23.241379 -1.5517242 -14.34342433915556
23.241379 -1.7241379 -14.169722942454552
23.241379 -1.8965517 -14.001420222076709
23.241379 -2.0689654 -13.836728934101822
23.241379 -2.2413793 -13.67321927882155
23.241379 -2.4137931 -13.509151058759414
23.241379 -2.5862069 -13.343697145623992
23.241379 -2.7586207 -13.176680425523141
23.241379 -2.9310346 -13.008258334468927
23.241379 -3.1034484 -12.838705773169293
23.241379 -3.275862 -12.66830044951206
23.241379 -3.4482758 -12.497276520795886
23.241379 -3.6206896 -12.325815541367422
23.241379 -3.7931035 -12.154050695385
23.241379 -3.9655173 -11.982077134703372
23.241379 -4.1379309 -11.809961279954113
23.241379 -4.3103447 -11.637748463243295
23.241379 -4.4827585 -11.465470153560442
23.241379 -4.6551723 -11.29314761258875
23.241379 -4.8275862 -11.120795143593728
23.241379 -5.0 -10.948422679432475

23.586206 0.0 -16.689801044024055
23.586206 -0.1724138 -16.468027299183667
23.586206 -0.34482759 -16.25085540723936
23.586206 -0.51724136 -16.019794216050112
23.586206 -0.68965518 -15.793133769367198
23.586206 -0.86206895 -15.582646551189494
23.586206 -1.0344827 -15.376886120114573
23.586206 -1.2068965 -15.17289186246292
23.586206 -1.3793104 -14.980441722303308
23.586206 -1.5517242 -14.803828960280345
23.586206 -1.7241379 -14.638759171528932
23.586206 -1.8965517 -14.478955748832947
23.586206 -2.0689654 -14.320046130219
23.586206 -2.2413793 -14.159811675664148
23.586206 -2.4137931 -13.997411545546738
23.586206 -2.5862069 -13.832750795843133
23.586206 -2.7586207 -13.666092046269222
23.586206 -2.9310346 -13.497823443858492
23.586206 -3.1034484 -13.328332355795794
23.586206 -3.275862 -13.157948831614606
23.586206 -3.4482758 -12.9869305346742
23.586206 -3.6206896 -12.815469204426764
23.586206 -3.7931035 -12.643702235254445
23.586206 -3.9655173 -12.471726388824587
23.586206 -4.1379309 -12.299608607790313
23.586206 -4.3103447 -12.127394319438144
23.586206 -4.4827585 -11.955114940380795
23.586206 -4.6551723 -11.782791644253532
23.586206 -4.8275862 -11.610438651174118
23.586206 -5.0 -11.43806582725051

23.931034 0.0 -17.18143196105952
23.931034 -0.1724138 -16.943239496706152
23.931034 -0.34482759 -16.704064669451437
23.931034 -0.51724136 -16.486073101791597
23.931034 -0.68965518 -16.27888003542094
23.931034 -0.86206895 -16.063639065183583
23.931034 -1.0344827 -15.850226606568981
23.931034 -1.2068965 -15.653218563081268
23.931034 -1.3793104 -15.470376307717771
23.931034 -1.5517242 -15.294271311044136
23.931034 -1.7241379 -15.12218227582603
23.931034 -1.8965517 -14.953804127904826
23.931034 -2.0689654 -14.78811708001002
23.931034 -2.2413793 -14.62345175466249
23.931034 -2.4137931 -14.458407435658708
23.931034 -2.5862069 -14.292227341029326
23.931034 -2.7586207 -14.124700939839789
23.931034 -2.9310346 -13.955930629689258
23.931034 -3.1034484 -13.786142963011892
23.931034 -3.275862 -13.615579645773993
23.931034 -3.4482758 -13.444449698251052
23.931034 -3.6206896 -13.272917586792781
23.931034 -3.7931035 -13.101105000514758
23.931034 -3.9655173 -12.929099385867838
23.931034 -4.1379309 -12.756962001451656
23.931034 -4.3103447 -12.584734719714175
23.931034 -4.4827585 -12.412446689425572
23.931034 -4.6551723 -12.240117615137654
23.931034 -4.8275862 -12.067760754565114
23.931034 -5.0 -11.895385338250858

24.275862 0.0 -17.66182646274317
24.275862 -0.1724138 -17.421168662852683
24.275862 -0.34482759 -17.19527173076088
24.275862 -0.51724136 -16.965312074653863
24.275862 -0.68965518 -16.73402612091309
24.275862 -0.86206895 -16.52238633260168
24.275862 -1.0344827 -16.329344838732762
24.275862 -1.2068965 -16.13942603880939
24.275862 -1.3793104 -15.949751199352585
24.275862 -1.5517242 -15.767411587318243
24.275862 -1.7241379 -15.595271101620705
24.275862 -1.8965517 -15.430494854966666
24.275862 -2.0689654 -15.268914510009642
24.275862 -2.2413793 -15.107497695633151
24.275862 -2.4137931 -14.944677901821407
24.275862 -2.5862069 -14.779932110433625
24.275862 -2.7586207 -14.613312623576677
24.275862 -2.9310346 -14.44511597423716
24.275862 -3.1034484 -14.275694392687598
24.275862 -3.275862 -14.105367303204467
24.275862 -3.4482758 -13.934391379319557
24.275862 -3.6206896 -13.76296055337431
24.275862 -3.7931035 -13.591215008206575
24.275862 -3.9655173 -13.41925398059119
24.275862 -4.1379309 -13.247146350571853
24.275862 -4.3103447 -13.07493897211917
24.275862 -4.4827585 -12.902664277288867
24.275862 -4.6551723 -12.73034414792735
24.275862 -4.8275862 -12.557993291843676
24.275862 -5.0 -12.385621908253794

24.620689 0.0 -18.132329398223245
24.620689 -0.1724138 -17.913993778501045
24.620689 -0.34482759 -17.677210217292675
24.620689 -0.51724136 -17.441633256828723
24.620689 -0.68965518 -17.22333338932783
24.620689 -0.86206895 -17.008537013543275
24.620689 -1.0344827 -16.793158679814916
24.620689 -1.2068965 -16.591442671251656
24.620689 -1.3793104 -16.409660122253243
24.620689 -1.5517242 -16.241303452731195
24.620689 -1.7241379 -16.078263611325575
24.620689 -1.8965517 -15.916444485612296
24.620689 -2.0689654 -15.754399240122932
24.620689 -2.2413793 -15.591413591738496
24.620689 -2.4137931 -15.427015149739598
24.620689 -2.5862069 -15.261013915200575
24.620689 -2.7586207 -15.093483446530291
24.620689 -2.9310346 -14.924652260560265
24.620689 -3.1034484 -14.754796996473384
24.620689 -3.275862 -14.584176108458504
24.620689 -3.4482758 -14.413001965046027
24.620689 -3.6206896 -14.241437657698588
24.620689 -3.7931035 -14.069602303758556
24.620689 -3.9655173 -13.89758087504817
24.620689 -4.1379309 -13.725432629402796
24.620689 -4.3103447 -13.553197941837507
24.620689 -4.4827585 -13.380904885606581
24.620689 -4.6551723 -13.20857241107397
24.620689 -4.8275862 -13.03621325484673
24.620689 -5.0 -12.863836290767393

24.965517 0.0 -18.605458086131797
24.965517 -0.1724138 -18.36493277631064
24.965517 -0.34482759 -18.144505061120192
24.965517 -0.51724136 -17.93336917767957
24.965517 -0.68965518 -17.708747151180646
24.965517 -0.86206895 -17.483431768881328
24.965517 -1.0344827 -17.276205523373175
24.965517 -1.2068965 -17.08261324063354
24.965517 -1.3793104 -16.893664620832926
24.965517 -1.5517242 -16.710185531474888
24.965517 -1.7241379 -16.535331218187206
24.965517 -1.8965517 -16.368270686993664
24.965517 -2.0689654 -16.20559530669621
24.965517 -2.2413793 -16.044029866930458
24.965517 -2.4137931 -15.881544086624947
24.965517 -2.5862069 -15.717280705224814
24.965517 -2.7586207 -15.551122758816408
24.965517 -2.9310346 -15.383305028300907
24.965517 -3.1034484 -15.214171274211363
24.965517 -3.275862 -15.044053281011488
24.965517 -3.4482758 -14.873225176427187
24.965517 -3.6206896 -14.70189706477736
24.965517 -3.7931035 -14.530222101455381
24.965517 -3.9655173 -14.358309222577384
24.965517 -4.1379309 -14.18623428005624
24.965517 -4.3103447 -14.014049021692088
24.965517 -4.4827585 -13.841789263821253
24.965517 -4.6551723 -13.669479206465267
24.965517 -4.8275862 -13.49713513543732
24.965517 -5.0 -13.324768319688514

25.310345 0.0 -19.079086491056277
25.310345 -0.1724138 -18.851745010469973
25.310345 -0.34482759 -18.620279098236786
25.310345 -0.51724136 -18.385417431987577
25.310345 -0.68965518 -18.169730464275325
25.310345 -0.86206895 -17.97031513847383
25.310345 -1.0344827 -17.767450636569585
25.310345 -1.2068965 -17.562047624469663
25.310345 -1.3793104 -17.36810848369902
25.310345 -1.5517242 -17.189711975502195
25.310345 -1.7241379 -17.02177784939218
25.310345 -1.8965517 -16.858516197928566
25.310345 -2.0689654 -16.696417438867712
25.310345 -2.2413793 -16.533707909383025
25.310345 -2.4137931 -16.369568881666297
25.310345 -2.5862069 -16.20374800766696
25.310345 -2.7586207 -16.036332292617363
25.310345 -2.9310346 -15.867572502731019
25.310345 -3.1034484 -15.697761812693473
25.310345 -3.275862 -15.527169104973783
25.310345 -3.4482758 -15.35601303069773
25.310345 -3.6206896 -15.184460455083398
25.310345 -3.7931035 -15.012632794489239
25.310345 -3.9655173 -14.8406164486931
25.310345 -4.1379309 -14.668471579446699
25.310345 -4.3103447 -14.496239143257547
25.310345 -4.4827585 -14.323947592206547
25.310345 -4.6551723 -14.151616125803292
25.310345 -4.8275862 -13.979257645629984
25.310345 -5.0 -13.80688113529418

25.655172 0.0 -19.573075945810107
25.655172 -0.1724138 -19.33297049863185
25.655172 -0.34482759 -19.09305687604373
25.655172 -0.51724136 -18.8709251108766
25.655172 -0.68965518 -18.65042091428242
25.655172 -0.86206895 -18.427308538695158
25.655172 -1.0344827 -18.219540505827794
25.655172 -1.2068965 -18.032917712135742
25.655172 -1.3793104 -17.85661860912376
25.655172 -1.5517242 -17.682063938379816
25.655172 -1.7241379 -17.50923286377221
25.655172 -1.8965517 -17.339891272325403
25.655172 -2.0689654 -17.173636999227426
25.655172 -2.2413793 -17.008755813740287
25.655172 -2.4137931 -16.843687783982418
25.655172 -2.5862069 -16.677562655715338
25.655172 -2.7586207 -16.510110815505374
25.655172 -2.9310346 -16.341409567421163
25.655172 -3.1034484 -16.171677555643107
25.655172 -3.275862 -16.001156048662395
25.655172 -3.4482758 -15.830056269806652
25.655172 -3.6206896 -15.658545395564062
25.655172 -3.7931035 -15.486747526347777
25.655172 -3.9655173 -15.314752007031082
25.655172 -4.1379309 -15.142621501420212
25.655172 -4.3103447 -14.970398886073658
25.655172 -4.4827585 -14.798114012001273
25.655172 -4.6551723 -14.625787068284891
25.655172 -4.8275862 -14.453431644036629
25.655172 -5.0 -14.281057195162509

26.0 0.0 -20.025284157085082
26.0 -0.1724138 -19.80141540062267
26.0 -0.34482759 -19.586397305021155
26.0 -0.51724136 -19.354967532937547
26.0 -0.68965518 -19.122355898916677
26.0 -0.86206895 -18.90881278934484
26.0 -1.0344827 -18.706109503624546
26.0 -1.2068965 -18.504779920693693
26.0 -1.3793104 -18.311172689744243
26.0 -1.5517242 -18.13202939502497
26.0 -1.7241379 -17.965560064771633
26.0 -1.8965517 -17.805877215581294
26.0 -2.0689654 -17.6479414944445
26.0 -2.2413793 -17.48889634081711
26.0 -2.4137931 -17.32757425977823
26.0 -2.5862069 -17.163775880830315
26.0 -2.7586207 -16.99776356941636
26.0 -2.9310346 -16.829961500843446
26.0 -3.1034484 -16.660799194996503
26.0 -3.275862 -16.490643806332006
26.0 -3.4482758 -16.319782182068693
26.0 -3.6206896 -16.148427703906272
26.0 -3.7931035 -15.976733269573591
26.0 -3.9655173 -15.804806507679466
26.0 -4.1379309 -15.632721872028249
26.0 -4.3103447 -15.460529933968305
26.0 -4.4827585 -15.288265611477993
26.0 -4.6551723 -15.115952451856183
26.0 -4.8275862 -14.94360627999725
26.0 -5.0 -14.771238044972698
