# KROME file, XRAY H rate
# Xray rate including primary and secondary H ionization in 1/s
# first line indicates the size of the table (30x30)
# then first column is the parameter log10(nH), where nH is the H column density in cm-2
# second column is log10(xHe), where xHe = nHe/nH both in cm-2
# third column is log10(rate), where rate is in units of 1/s

16.0 0.0 -19.43503042247429
16.0 -0.1724138 -19.435030408055535
16.0 -0.34482759 -19.435030396476435
16.0 -0.51724136 -19.435030387279255
16.0 -0.68965518 -19.43503038010041
16.0 -0.86206895 -19.435030374656122
16.0 -1.0344827 -19.43503037073117
16.0 -1.2068965 -19.435030368170388
16.0 -1.3793104 -19.435030366872553
16.0 -1.5517242 -19.435030366786354
16.0 -1.7241379 -19.435030367908386
16.0 -1.8965517 -19.435030370283005
16.0 -2.0689654 -19.435030374004082
16.0 -2.2413793 -19.43503037921872
16.0 -2.4137931 -19.435030386133054
16.0 -2.5862069 -19.43503039502042
16.0 -2.7586207 -19.435030406232144
16.0 -2.9310346 -19.43503042021145
16.0 -3.1034484 -19.435030437510942
16.0 -3.275862 -19.435030458814474
16.0 -3.4482758 -19.435030484964244
16.0 -3.6206896 -19.435030516993972
16.0 -3.7931035 -19.43503055616985
16.0 -3.9655173 -19.435030604040506
16.0 -4.1379309 -19.435030662498278
16.0 -4.3103447 -19.4350307338542
16.0 -4.4827585 -19.435030820929004
16.0 -4.6551723 -19.435030927164856
16.0 -4.8275862 -19.435031056761467
16.0 -5.0 -19.435031214841796

16.344828 0.0 -19.43503052703036
16.344828 -0.1724138 -19.43503049513293
16.344828 -0.34482759 -19.435030469517436
16.344828 -0.51724136 -19.435030449171265
16.344828 -0.68965518 -19.435030433290102
16.344828 -0.86206895 -19.43503042124615
16.344828 -1.0344827 -19.435030412563293
16.344828 -1.2068965 -19.43503040689829
16.344828 -1.3793104 -19.435030404027188
16.344828 -1.5517242 -19.435030403836503
16.344828 -1.7241379 -19.43503040631868
16.344828 -1.8965517 -19.43503041157186
16.344828 -2.0689654 -19.43503041980369
16.344828 -2.2413793 -19.43503043133961
16.344828 -2.4137931 -19.435030446635622
16.344828 -2.5862069 -19.43503046629641
16.344828 -2.7586207 -19.43503049109919
16.344828 -2.9310346 -19.435030522024466
16.344828 -3.1034484 -19.435030560294717
16.344828 -3.275862 -19.435030607422767
16.344828 -3.4482758 -19.435030665271757
16.344828 -3.6206896 -19.43503073612848
16.344828 -3.7931035 -19.435030822794044
16.344828 -3.9655173 -19.43503092869434
16.344828 -4.1379309 -19.435031058015607
16.344828 -4.3103447 -19.43503121587037
16.344828 -4.4827585 -19.43503140849867
16.344828 -4.6551723 -19.435031643515305
16.344828 -4.8275862 -19.435031930210915
16.344828 -5.0 -19.435032279918524

16.689655 0.0 -19.43503075833019
16.689655 -0.1724138 -19.435030687766297
16.689655 -0.34482759 -19.435030631099377
16.689655 -0.51724136 -19.43503058608932
16.689655 -0.68965518 -19.4350305509568
16.689655 -0.86206895 -19.435030524313017
16.689655 -1.0344827 -19.43503050510469
16.689655 -1.2068965 -19.43503049257249
16.689655 -1.3793104 -19.43503048622101
16.689655 -1.5517242 -19.435030485799167
16.689655 -1.7241379 -19.43503049129028
16.689655 -1.8965517 -19.435030502911424
16.689655 -2.0689654 -19.435030521121988
16.689655 -2.2413793 -19.43503054664189
16.689655 -2.4137931 -19.435030580479932
16.689655 -2.5862069 -19.43503062397378
16.689655 -2.7586207 -19.435030678842804
16.689655 -2.9310346 -19.435030747256082
16.689655 -3.1034484 -19.435030831918002
16.689655 -3.275862 -19.435030936175245
16.689655 -3.4482758 -19.43503106414947
16.689655 -3.6206896 -19.435031220899532
16.689655 -3.7931035 -19.435031412622063
16.689655 -3.9655173 -19.435031646895833
16.689655 -4.1379309 -19.435031932981662
16.689655 -4.3103447 -19.435032282189475
16.689655 -4.4827585 -19.43503270832347
16.689655 -4.6551723 -19.435033228229074
16.689655 -4.8275862 -19.435033862458948
16.689655 -5.0 -19.43503463608384

17.034483 0.0 -19.435031270016566
17.034483 -0.1724138 -19.435031113913947
17.034483 -0.34482759 -19.43503098855443
17.034483 -0.51724136 -19.435030888982407
17.034483 -0.68965518 -19.435030811261647
17.034483 -0.86206895 -19.4350307523198
17.034483 -1.0344827 -19.43503070982681
17.034483 -1.2068965 -19.435030682102855
17.034483 -1.3793104 -19.43503066805199
17.034483 -1.5517242 -19.435030667118784
17.034483 -1.7241379 -19.435030679266323
17.034483 -1.8965517 -19.435030704974825
17.034483 -2.0689654 -19.43503074526055
17.034483 -2.2413793 -19.435030801716128
17.034483 -2.4137931 -19.435030876573226
17.034483 -2.5862069 -19.435030972791065
17.034483 -2.7586207 -19.435031094173244
17.034483 -2.9310346 -19.43503124551824
17.034483 -3.1034484 -19.43503143280871
17.034483 -3.275862 -19.435031663448235
17.034483 -3.4482758 -19.435031946554766
17.034483 -3.6206896 -19.43503229331954
17.034483 -3.7931035 -19.435032717450753
17.034483 -3.9655173 -19.435033235714176
17.034483 -4.1379309 -19.435033868596545
17.034483 -4.3103447 -19.43503464111756
17.034483 -4.4827585 -19.435035583814663
17.034483 -4.6551723 -19.43503673395293
17.034483 -4.8275862 -19.435038136998283
17.034483 -5.0 -19.435039848411165

17.379311 0.0 -19.43503240197697
17.379311 -0.1724138 -19.43503205664451
17.379311 -0.34482759 -19.435031779322294
17.379311 -0.51724136 -19.43503155904751
17.379311 -0.68965518 -19.4350313871124
17.379311 -0.86206895 -19.435031256720283
17.379311 -1.0344827 -19.43503116271658
17.379311 -1.2068965 -19.435031101385185
17.379311 -1.3793104 -19.43503107030163
17.379311 -1.5517242 -19.435031068237173
17.379311 -1.7241379 -19.435031095110162
17.379311 -1.8965517 -19.435031151982944
17.379311 -2.0689654 -19.43503124110369
17.379311 -2.2413793 -19.435031365995638
17.379311 -2.4137931 -19.435031531595712
17.379311 -2.5862069 -19.435031744450313
17.379311 -2.7586207 -19.435032012973803
17.379311 -2.9310346 -19.43503234778139
17.379311 -3.1034484 -19.43503276210793
17.379311 -3.275862 -19.4350332723316
17.379311 -3.4482758 -19.435033898623107
17.379311 -3.6206896 -19.43503466573959
17.379311 -3.7931035 -19.43503560400611
17.379311 -3.9655173 -19.435036750511504
17.379311 -4.1379309 -19.435038150575885
17.379311 -4.3103447 -19.435039859546745
17.379311 -4.4827585 -19.435041944977293
17.379311 -4.6551723 -19.43504448930261
17.379311 -4.8275862 -19.435047593098172
17.379311 -5.0 -19.435051379047064

17.724138 0.0 -19.43503490610219
17.724138 -0.1724138 -19.435034142156162
17.724138 -0.34482759 -19.435033528662306
17.724138 -0.51724136 -19.43503304136886
17.724138 -0.68965518 -19.435032661012627
17.724138 -0.86206895 -19.43503237255805
17.724138 -1.0344827 -19.435032164602188
17.724138 -1.2068965 -19.43503202892429
17.724138 -1.3793104 -19.435031960160934
17.724138 -1.5517242 -19.435031955593928
17.724138 -1.7241379 -19.435032015042612
17.724138 -1.8965517 -19.43503214085712
17.724138 -2.0689654 -19.435032338010863
17.724138 -2.2413793 -19.435032614297917
17.724138 -2.4137931 -19.435032980639726
17.724138 -2.5862069 -19.435033451518198
17.724138 -2.7586207 -19.435034045547475
17.724138 -2.9310346 -19.435034786210352
17.724138 -3.1034484 -19.435035702784674
17.724138 -3.275862 -19.435036831501794
17.724138 -3.4482758 -19.435038216982555
17.724138 -3.6206896 -19.435039913993506
17.724138 -3.7931035 -19.435041989617858
17.724138 -3.9655173 -19.435044525900622
17.724138 -4.1379309 -19.43504762309449
17.724138 -4.3103447 -19.435051403632393
17.724138 -4.4827585 -19.43505601694522
17.724138 -4.6551723 -19.43506164538029
17.724138 -4.8275862 -19.435068511407238
17.724138 -5.0 -19.435076886390334

18.068966 0.0 -19.435040445745997
18.068966 -0.1724138 -19.4350387557454
18.068966 -0.34482759 -19.435037398572966
18.068966 -0.51724136 -19.435036320580114
18.068966 -0.68965518 -19.43503547915349
18.068966 -0.86206895 -19.435034841031893
18.068966 -1.0344827 -19.435034380989965
18.068966 -1.2068965 -19.435034080841927
18.068966 -1.3793104 -19.43503392872289
18.068966 -1.5517242 -19.435033918619695
18.068966 -1.7241379 -19.435034050132696
18.068966 -1.8965517 -19.435034328460823
18.068966 -2.0689654 -19.43503476460618
18.068966 -2.2413793 -19.43503537581068
18.068966 -2.4137931 -19.4350361862345
18.068966 -2.5862069 -19.43503722791409
18.068966 -2.7586207 -19.435038542026987
18.068966 -2.9310346 -19.435040180520712
18.068966 -3.1034484 -19.435042208161985
18.068966 -3.275862 -19.435044705099052
18.068966 -3.4482758 -19.435047770037908
18.068966 -3.6206896 -19.435051524126585
18.068966 -3.7931035 -19.43505611575659
18.068966 -3.9655173 -19.435061726412748
18.068966 -4.1379309 -19.43506857785112
18.068966 -4.3103447 -19.435076940883203
18.068966 -4.4827585 -19.435087146027954
18.068966 -4.6551723 -19.43509959659589
18.068966 -4.8275862 -19.43511478461716
18.068966 -5.0 -19.4351333102284

18.413794 0.0 -19.43505270045906
18.413794 -0.1724138 -19.435048961881332
18.413794 -0.34482759 -19.435045959568274
18.413794 -0.51724136 -19.435043574845302
18.413794 -0.68965518 -19.43504171344757
18.413794 -0.86206895 -19.43504030179751
18.413794 -1.0344827 -19.435039284093403
18.413794 -1.2068965 -19.435038620105793
18.413794 -1.3793104 -19.43503828358782
18.413794 -1.5517242 -19.435038261237448
18.413794 -1.7241379 -19.435038552170614
18.413794 -1.8965517 -19.43503916788811
18.413794 -2.0689654 -19.43504013272818
18.413794 -2.2413793 -19.435041484832308
18.413794 -2.4137931 -19.435043277645875
18.413794 -2.5862069 -19.43504558203719
18.413794 -2.7586207 -19.435048489094925
18.413794 -2.9310346 -19.435052113730837
18.413794 -3.1034484 -19.435056599211876
18.413794 -3.275862 -19.435062122826814
18.413794 -3.4482758 -19.435068902910086
18.413794 -3.6206896 -19.435077207430734
18.413794 -3.7931035 -19.435087364608364
18.413794 -3.9655173 -19.435099775845476
18.413794 -4.1379309 -19.43511493159363
18.413794 -4.3103447 -19.435133430766626
18.413794 -4.4827585 -19.435156004276298
18.413794 -4.6551723 -19.43518354393463
18.413794 -4.8275862 -19.43521713762641
18.413794 -5.0 -19.43525811210261

18.758621 0.0 -19.435079809522446
18.758621 -0.1724138 -19.435071539346776
18.758621 -0.34482759 -19.435064897828564
18.758621 -0.51724136 -19.435059622472423
18.758621 -0.68965518 -19.435055504769927
18.758621 -0.86206895 -19.435052381968756
18.758621 -1.0344827 -19.435050130634792
18.758621 -1.2068965 -19.435048661778996
18.758621 -1.3793104 -19.435047917341947
18.758621 -1.5517242 -19.4350478678987
18.758621 -1.7241379 -19.435048511493594
18.758621 -1.8965517 -19.435049873567035
18.758621 -2.0689654 -19.43505200795641
18.758621 -2.2413793 -19.435054999032015
18.758621 -2.4137931 -19.435058965015713
18.758621 -2.5862069 -19.43506406266698
18.758621 -2.7586207 -19.435070493468803
18.758621 -2.9310346 -19.4350785115938
18.758621 -3.1034484 -19.43508843392429
18.758621 -3.275862 -19.43510065257935
18.758621 -3.4482758 -19.4351156504401
18.758621 -3.6206896 -19.43513402013085
18.758621 -3.7931035 -19.435156487475126
18.758621 -3.9655173 -19.435183940061936
18.758621 -4.1379309 -19.435217462281415
18.758621 -4.3103447 -19.435258378176282
18.758621 -4.4827585 -19.435308303367304
18.758621 -4.6551723 -19.43536920878172
18.758621 -4.8275862 -19.435443498151546
18.758621 -5.0 -19.43553410221947

19.103449 0.0 -19.435139776281652
19.103449 -0.1724138 -19.435121482587533
19.103449 -0.34482759 -19.43510679126672
19.103449 -0.51724136 -19.435095121808537
19.103449 -0.68965518 -19.43508601307163
19.103449 -0.86206895 -19.435079105095404
19.103449 -1.0344827 -19.435074124871225
19.103449 -1.2068965 -19.43507087557076
19.103449 -1.3793104 -19.43506922877454
19.103449 -1.5517242 -19.43506911939791
19.103449 -1.7241379 -19.43507054311496
19.103449 -1.8965517 -19.435073556196564
19.103449 -2.0689654 -19.43507827772325
19.103449 -2.2413793 -19.435084894307202
19.103449 -2.4137931 -19.43509366742854
19.103449 -2.5862069 -19.435104943793522
19.103449 -2.7586207 -19.435119169006292
19.103449 -2.9310346 -19.435136905172534
19.103449 -3.1034484 -19.43515885303735
19.103449 -3.275862 -19.435185879655148
19.103449 -3.4482758 -19.435219052671282
19.103449 -3.6206896 -19.43525968221796
19.103449 -3.7931035 -19.43530937266331
19.103449 -3.9655173 -19.43537008559701
19.103449 -4.1379309 -19.435444217025793
19.103449 -4.3103447 -19.435534691707776
19.103449 -4.4827585 -19.435645077336048
19.103449 -4.6551723 -19.43577972449883
19.103449 -4.8275862 -19.43594393660601
19.103449 -5.0 -19.43614417604097

19.448277 0.0 -19.43527241371698
19.448277 -0.1724138 -19.43523195258662
19.448277 -0.34482759 -19.435199457891034
19.448277 -0.51724136 -19.43517364632596
19.448277 -0.68965518 -19.43515349835656
19.448277 -0.86206895 -19.43513821807783
19.448277 -1.0344827 -19.435127201802192
19.448277 -1.2068965 -19.435120014272876
19.448277 -1.3793104 -19.435116371499035
19.448277 -1.5517242 -19.435116129546948
19.448277 -1.7241379 -19.435119278848813
19.448277 -1.8965517 -19.435125943844795
19.448277 -2.0689654 -19.435136387871466
19.448277 -2.2413793 -19.435151023592635
19.448277 -2.4137931 -19.435170429202795
19.448277 -2.5862069 -19.43519537130075
19.448277 -2.7586207 -19.4352268350721
19.448277 -2.9310346 -19.435266063138563
19.448277 -3.1034484 -19.435314604391603
19.448277 -3.275862 -19.43537437499544
19.448277 -3.4482758 -19.435447733914646
19.448277 -3.6206896 -19.43553757513501
19.448277 -3.7931035 -19.435647441456716
19.448277 -3.9655173 -19.435781662811664
19.448277 -4.1379309 -19.435945525520136
19.448277 -4.3103447 -19.43614547872604
19.448277 -4.4827585 -19.43638938365259
19.448277 -4.6551723 -19.436686818261002
19.448277 -4.8275862 -19.43704944580217
19.448277 -5.0 -19.437491459955616

19.793104 0.0 -19.43556572719732
19.793104 -0.1724138 -19.43547626019966
19.793104 -0.34482759 -19.435404402954564
19.793104 -0.51724136 -19.43534732097822
19.793104 -0.68965518 -19.435302761827515
19.793104 -0.86206895 -19.43526896677836
19.793104 -1.0344827 -19.435244601651643
19.793104 -1.2068965 -19.435228704400505
19.793104 -1.3793104 -19.43522064727096
19.793104 -1.5517242 -19.43522011208448
19.793104 -1.7241379 -19.435227077685134
19.793104 -1.8965517 -19.43524181914931
19.793104 -2.0689654 -19.435264918566197
19.793104 -2.2413793 -19.435297288038434
19.793104 -2.4137931 -19.43534020540038
19.793104 -2.5862069 -19.43539536461926
19.793104 -2.7586207 -19.435464942260392
19.793104 -2.9310346 -19.43555168297187
19.793104 -3.1034484 -19.4356590068308
19.793104 -3.275862 -19.43579114327591
19.793104 -3.4482758 -19.43595329667496
19.793104 -3.6206896 -19.436151848085963
19.793104 -3.7931035 -19.43639460364774
19.793104 -3.9655173 -19.436691095605337
19.793104 -4.1379309 -19.437052949379517
19.793104 -4.3103447 -19.437494329327603
19.793104 -4.4827585 -19.43803247398263
19.793104 -4.6551723 -19.438688346081502
19.793104 -4.8275862 -19.43948741247688
19.793104 -5.0 -19.440460576599552

20.137932 0.0 -19.436214072659663
20.137932 -0.1724138 -19.436016355702023
20.137932 -0.34482759 -19.435857528431313
20.137932 -0.51724136 -19.43573134212022
20.137932 -0.68965518 -19.435632828454235
20.137932 -0.86206895 -19.43555810646262
20.137932 -1.0344827 -19.43550423103538
20.137932 -1.2068965 -19.4354690779913
20.137932 -1.3793104 -19.435451261018237
20.137932 -1.5517242 -19.435450077377816
20.137932 -1.7241379 -19.435465480317852
20.137932 -1.8965517 -19.435498077331832
20.137932 -2.0689654 -19.435549153842786
20.137932 -2.2413793 -19.43562072372154
20.137932 -2.4137931 -19.435715607682493
20.137932 -2.5862069 -19.435837543805313
20.137932 -2.7586207 -19.435991333083873
20.137932 -2.9310346 -19.436183026304544
20.137932 -3.1034484 -19.436420158189318
20.137932 -3.275862 -19.436712038729784
20.137932 -3.4482758 -19.437070112100287
20.137932 -3.6206896 -19.437508392089136
20.137932 -3.7931035 -19.438043995420863
20.137932 -3.9655173 -19.43869778375661
20.137932 -4.1379309 -19.43949514033131
20.137932 -4.3103447 -19.440466903774368
20.137932 -4.4827585 -19.441650475081786
20.137932 -4.6551723 -19.4430911420798
20.137932 -4.8275862 -19.444843637972212
20.137932 -5.0 -19.4469739597985

20.482758 0.0 -19.43764575850077
20.482758 -0.1724138 -19.437209360843237
20.482758 -0.34482759 -19.436858668976154
20.482758 -0.51724136 -19.436579965395325
20.482758 -0.68965518 -19.436362330205995
20.482758 -0.86206895 -19.436197225246428
20.482758 -1.0344827 -19.43607816647589
20.482758 -1.2068965 -19.436000474661913
20.482758 -1.3793104 -19.43596109479402
20.482758 -1.5517242 -19.435958477846153
20.482758 -1.7241379 -19.43599252063395
20.482758 -1.8965517 -19.436064562002542
20.482758 -2.0689654 -19.43617743441682
20.482758 -2.2413793 -19.436335573945158
20.482758 -2.4137931 -19.436545190666646
20.482758 -2.5862069 -19.436814508421325
20.482758 -2.7586207 -19.437154079578796
20.482758 -2.9310346 -19.4375771876341
20.482758 -3.1034484 -19.438100349077903
20.482758 -3.275862 -19.438743933993152
20.482758 -3.4482758 -19.439532924666118
20.482758 -3.6206896 -19.440497826597674
20.482758 -3.7931035 -19.441675771209503
20.482758 -3.9655173 -19.443111822584253
20.482758 -4.1379309 -19.444860528774306
20.482758 -4.3103447 -19.446987743163607
20.482758 -4.4827585 -19.449572716395686
20.482758 -4.6551723 -19.45271050659668
20.482758 -4.8275862 -19.45651467388711
20.482758 -5.0 -19.46112021705121

20.827587 0.0 -19.44080040650699
20.827587 -0.1724138 -19.43983982843013
20.827587 -0.34482759 -19.43906726725486
20.827587 -0.51724136 -19.438452889554142
20.827587 -0.68965518 -19.43797288251654
20.827587 -0.86206895 -19.437608587742307
20.827587 -1.0344827 -19.43734581255076
20.827587 -1.2068965 -19.437174302267046
20.827587 -1.3793104 -19.43708735599096
20.827587 -1.5517242 -19.437081574104266
20.827587 -1.7241379 -19.43715672951792
20.827587 -1.8965517 -19.437315759424965
20.827587 -2.0689654 -19.437564875538605
20.827587 -2.2413793 -19.43791379882062
20.827587 -2.4137931 -19.438376121866934
20.827587 -2.5862069 -19.438969816405304
20.827587 -2.7586207 -19.43971789494829
20.827587 -2.9310346 -19.440649249614733
20.827587 -3.1034484 -19.44179968559963
20.827587 -3.275862 -19.443213180761916
20.827587 -3.4482758 -19.44494339716733
20.827587 -3.6206896 -19.447055452225232
20.827587 -3.7931035 -19.449628001092655
20.827587 -3.9655173 -19.452755607900873
20.827587 -4.1379309 -19.456551424324438
20.827587 -4.3103447 -19.46115013223783
20.827587 -4.4827585 -19.466711014835255
20.827587 -4.6551723 -19.47342107233388
20.827587 -4.8275862 -19.481497857122285
20.827587 -5.0 -19.491191611765043

21.172413 0.0 -19.447718244267776
21.172413 -0.1724138 -19.445616565430722
21.172413 -0.34482759 -19.44392321008782
21.172413 -0.51724136 -19.44257462848902
21.172413 -0.68965518 -19.441519793013693
21.172413 -0.86206895 -19.440718533429994
21.172413 -1.0344827 -19.440140183179413
21.172413 -1.2068965 -19.43976252484409
21.172413 -1.3793104 -19.43957101282771
21.172413 -1.5517242 -19.439558258144267
21.172413 -1.7241379 -19.439723764162324
21.172413 -1.8965517 -19.4400739092623
21.172413 -2.0689654 -19.440622172094947
21.172413 -2.2413793 -19.44138960988164
21.172413 -2.4137931 -19.442405590638685
21.172413 -2.5862069 -19.443708807476845
21.172413 -2.7586207 -19.4453485790242
21.172413 -2.9310346 -19.4473864630135
21.172413 -3.1034484 -19.44989818714278
21.172413 -3.275862 -19.452975916898787
21.172413 -3.4482758 -19.45673084664081
21.172413 -3.6206896 -19.461296032207088
21.172413 -3.7931035 -19.46682944047815
21.172413 -3.9655173 -19.473516979744964
21.172413 -4.1379309 -19.481575299839466
21.172413 -4.3103447 -19.491253941314255
21.172413 -4.4827585 -19.502836140348794
21.172413 -4.6551723 -19.5166376521094
21.172413 -4.8275862 -19.533002478765894
21.172413 -5.0 -19.552294455837057

21.517242 0.0 -19.462731468552235
21.517242 -0.1724138 -19.458192923698128
21.517242 -0.34482759 -19.45452185533111
21.517242 -0.51724136 -19.45158904814301
21.517242 -0.68965518 -19.449289353400367
21.517242 -0.86206895 -19.44753912347563
21.517242 -1.0344827 -19.446273983374695
21.517242 -1.2068965 -19.445447013619546
21.517242 -1.3793104 -19.445027365978554
21.517242 -1.5517242 -19.444999325167824
21.517242 -1.7241379 -19.445361820304488
21.517242 -1.8965517 -19.44612839084727
21.517242 -2.0689654 -19.447327598217207
21.517242 -2.2413793 -19.449003893741388
21.517242 -2.4137931 -19.45121891832074
21.517242 -2.5862069 -19.454053251330073
21.517242 -2.7586207 -19.4576085509867
21.517242 -2.9310346 -19.462010048871914
21.517242 -3.1034484 -19.46740927213909
21.517242 -3.275862 -19.4739868495899
21.517242 -3.4482758 -19.481955120737986
21.517242 -3.6206896 -19.49156004667611
21.517242 -3.7931035 -19.503081965278547
21.517242 -3.9655173 -19.516834230433965
21.517242 -4.1379309 -19.53315886402011
21.517242 -4.3103447 -19.552418158193973
21.517242 -4.4827585 -19.574981319320536
21.517242 -4.6551723 -19.60120686315846
21.517242 -4.8275862 -19.631423184622953
21.517242 -5.0 -19.665913684950226

21.862068 0.0 -19.49459146979126
21.862068 -0.1724138 -19.48506193332689
21.862068 -0.34482759 -19.477289486961936
21.862068 -0.51724136 -19.471038275860046
21.862068 -0.68965518 -19.466110285231913
21.862068 -0.86206895 -19.462344132963707
21.862068 -1.0344827 -19.459613306864668
21.862068 -1.2068965 -19.457824332156566
21.862068 -1.3793104 -19.456915159754686
21.862068 -1.5517242 -19.456853974598452
21.862068 -1.7241379 -19.45763854033377
21.862068 -1.8965517 -19.459296143871267
21.862068 -2.0689654 -19.46188412347037
21.862068 -2.2413793 -19.465490955817938
21.862068 -2.4137931 -19.470237747418082
21.862068 -2.5862069 -19.476280004764188
21.862068 -2.7586207 -19.48380932395652
21.862068 -2.9310346 -19.493054603858305
21.862068 -3.1034484 -19.504282115607126
21.862068 -3.275862 -19.51779366862775
21.862068 -3.4482758 -19.53392185441683
21.862068 -3.6206896 -19.553021147802216
21.862068 -3.7931035 -19.5754544337135
21.862068 -3.9655173 -19.60157501267145
21.862068 -4.1379309 -19.63170699599561
21.862068 -4.3103447 -19.666130410032235
21.862068 -4.4827585 -19.705081256680913
21.862068 -4.6551723 -19.748779265845336
21.862068 -4.8275862 -19.79748778804704
21.862068 -5.0 -19.851588823864017

22.206898 0.0 -19.55910188549298
22.206898 -0.1724138 -19.540231556044493
22.206898 -0.34482759 -19.52457499724362
22.206898 -0.51724136 -19.51180552813744
22.206898 -0.68965518 -19.501625565242065
22.206898 -0.86206895 -19.493777158079563
22.206898 -1.0344827 -19.48804857997803
22.206898 -1.2068965 -19.484278083224726
22.206898 -1.3793104 -19.482355781129296
22.206898 -1.5517242 -19.482224444795794
22.206898 -1.7241379 -19.483879739873334
22.206898 -1.8965517 -19.48737018822309
22.206898 -2.0689654 -19.49279682863016
22.206898 -2.2413793 -19.500312390716136
22.206898 -2.4137931 -19.510119391206178
22.206898 -2.5862069 -19.522466527321253
22.206898 -2.7586207 -19.53764225538808
22.206898 -2.9310346 -19.555964594046156
22.206898 -3.1034484 -19.577766318110253
22.206898 -3.275862 -19.603376008784466
22.206898 -3.4482758 -19.633097558290366
22.206898 -3.6206896 -19.667194159117614
22.206898 -3.7931035 -19.705887898648786
22.206898 -3.9655173 -19.749386513561483
22.206898 -4.1379309 -19.797942734726263
22.206898 -4.3103447 -19.85192917526565
22.206898 -4.4827585 -19.911876851422793
22.206898 -4.6551723 -19.97840040971058
22.206898 -4.8275862 -20.05194942921675
22.206898 -5.0 -20.132416624512526

22.551723 0.0 -19.678296022295388
22.551723 -0.1724138 -19.644839932181537
22.551723 -0.34482759 -19.616238018581534
22.551723 -0.51724136 -19.592294505791337
22.551723 -0.68965518 -19.57278638781122
22.551723 -0.86206895 -19.557481045293088
22.551723 -1.0344827 -19.546158913810658
22.551723 -1.2068965 -19.538634566958848
22.551723 -1.3793104 -19.53477307457469
22.551723 -1.5517242 -19.53450080137975
22.551723 -1.7241379 -19.537810753779812
22.551723 -1.8965517 -19.544762762508743
22.551723 -2.0689654 -19.555478441971562
22.551723 -2.2413793 -19.570130805752683
22.551723 -2.4137931 -19.588928219767087
22.551723 -2.5862069 -19.612093676225324
22.551723 -2.7586207 -19.6398419599085
22.551723 -2.9310346 -19.672361297960308
22.551723 -3.1034484 -19.709809948813813
22.551723 -3.275862 -19.752340265688773
22.551723 -3.4482758 -19.80015554275332
22.551723 -3.6206896 -19.853582845998474
22.551723 -3.7931035 -19.91311188928559
22.551723 -3.9655173 -19.979321097887752
22.551723 -4.1379309 -20.05263088880407
22.551723 -4.3103447 -20.132913437958543
22.551723 -4.4827585 -20.219137151467006
22.551723 -4.6551723 -20.309360468513393
22.551723 -4.8275862 -20.40136012256829
22.551723 -5.0 -20.493817393030305

22.896551 0.0 -19.87197721740311
22.896551 -0.1724138 -19.819724324038624
22.896551 -0.34482759 -19.774037457570866
22.896551 -0.51724136 -19.734758889652195
22.896551 -0.68965518 -19.701862744309977
22.896551 -0.86206895 -19.675385940620316
22.896551 -1.0344827 -19.65537303425761
22.896551 -1.2068965 -19.641851026246893
22.896551 -1.3793104 -19.63482759451839
22.896551 -1.5517242 -19.63429943710243
22.896551 -1.7241379 -19.64025956697799
22.896551 -1.8965517 -19.65269772478033
22.896551 -2.0689654 -19.67159352579014
22.896551 -2.2413793 -19.69690796446029
22.896551 -2.4137931 -19.728583786288937
22.896551 -2.5862069 -19.76656872969721
22.896551 -2.7586207 -19.810869094702284
22.896551 -2.9310346 -19.861621249626936
22.896551 -3.1034484 -19.919133325843372
22.896551 -3.275862 -19.983820337857388
22.896551 -3.4482758 -20.05596861930977
22.896551 -3.6206896 -20.135352443745113
22.896551 -3.7931035 -20.220878650379785
22.896551 -3.9655173 -20.31057065440634
22.896551 -4.1379309 -20.40218283230409
22.896551 -4.3103447 -20.49437420258716
22.896551 -4.4827585 -20.58774139894034
22.896551 -4.6551723 -20.684757525210085
22.896551 -4.8275862 -20.788378222510314
22.896551 -5.0 -20.90015579277594

23.241379 0.0 -20.163678357225375
23.241379 -0.1724138 -20.08669653733987
23.241379 -0.34482759 -20.018041597350557
23.241379 -0.51724136 -19.958432160794825
23.241379 -0.68965518 -19.90812921609143
23.241379 -0.86206895 -19.86726699280863
23.241379 -1.0344827 -19.836032535960502
23.241379 -1.2068965 -19.81468125262998
23.241379 -1.3793104 -19.803460664331
23.241379 -1.5517242 -19.80252088573137
23.241379 -1.7241379 -19.811859629649305
23.241379 -1.8965517 -19.83132037537001
23.241379 -2.0689654 -19.86064437512848
23.241379 -2.2413793 -19.899560823853037
23.241379 -2.4137931 -19.947870582139576
23.241379 -2.5862069 -20.00544790182882
23.241379 -2.7586207 -20.072082459702862
23.241379 -2.9310346 -20.14715916036311
23.241379 -3.1034484 -20.229325052201503
23.241379 -3.275862 -20.316450256796593
23.241379 -3.4482758 -20.406187561684842
23.241379 -3.6206896 -20.49708895436112
23.241379 -3.7931035 -20.589614530239494
23.241379 -3.9655173 -20.686088794445297
23.241379 -4.1379309 -20.78934385607391
23.241379 -4.3103447 -20.900854521121055
23.241379 -4.4827585 -21.019503141051068
23.241379 -4.6551723 -21.141714045920914
23.241379 -4.8275862 -21.263179334530697
23.241379 -5.0 -21.381560722347707

23.586206 0.0 -20.53090040408924
23.586206 -0.1724138 -20.444480728915927
23.586206 -0.34482759 -20.36181447341182
23.586206 -0.51724136 -20.284527617399117
23.586206 -0.68965518 -20.215243268551625
23.586206 -0.86206895 -20.156581045919246
23.586206 -1.0344827 -20.110598938707355
23.586206 -1.2068965 -20.078704054377624
23.586206 -1.3793104 -20.06176328828816
23.586206 -1.5517242 -20.060202106670413
23.586206 -1.7241379 -20.074042202131782
23.586206 -1.8965517 -20.102906735081344
23.586206 -2.0689654 -20.145994284343676
23.586206 -2.2413793 -20.201989150461152
23.586206 -2.4137931 -20.268937347969313
23.586206 -2.5862069 -20.344278897255702
23.586206 -2.7586207 -20.425315433373317
23.586206 -2.9310346 -20.5101655514826
23.586206 -3.1034484 -20.598695837100692
23.586206 -3.275862 -20.692567750856092
23.586206 -3.4482758 -20.794051948364825
23.586206 -3.6206896 -20.904262849305432
23.586206 -3.7931035 -21.02190844454173
23.586206 -3.9655173 -21.143350229125
23.586206 -4.1379309 -21.264258545127426
23.586206 -4.3103447 -21.38226904986902
23.586206 -4.4827585 -21.498702278652402
23.586206 -4.6551723 -21.617453691107485
23.586206 -4.8275862 -21.741702538667347
23.586206 -5.0 -21.8710926099114

23.931034 0.0 -20.949583831559682
23.931034 -0.1724138 -20.84264075823985
23.931034 -0.34482759 -20.746225937284766
23.931034 -0.51724136 -20.660882622417713
23.931034 -0.68965518 -20.5863067569295
23.931034 -0.86206895 -20.52267537827169
23.931034 -1.0344827 -20.4713277615827
23.931034 -1.2068965 -20.43446974991927
23.931034 -1.3793104 -20.414309000502783
23.931034 -1.5517242 -20.412231134086436
23.931034 -1.7241379 -20.42834197849885
23.931034 -1.8965517 -20.46143259932757
23.931034 -2.0689654 -20.50936643727602
23.931034 -2.2413793 -20.569855939596387
23.931034 -2.4137931 -20.641363223815414
23.931034 -2.5862069 -20.72354526451448
23.931034 -2.7586207 -20.816750931278012
23.931034 -2.9310346 -20.920753820127366
23.931034 -3.1034484 -21.033569075375222
23.931034 -3.275862 -21.151297548130877
23.931034 -3.4482758 -21.269513936754816
23.931034 -3.6206896 -21.385727401907616
23.931034 -3.7931035 -21.50103711876386
23.931034 -3.9655173 -21.619084360450547
23.931034 -4.1379309 -21.74285454085343
23.931034 -4.3103447 -21.871889469768877
23.931034 -4.4827585 -22.001922064902466
23.931034 -4.6551723 -22.127421594808705
23.931034 -4.8275862 -22.245731920241045
23.931034 -5.0 -22.359426809090614

24.275862 0.0 -21.43385711586873
24.275862 -0.1724138 -21.32469437794363
24.275862 -0.34482759 -21.21737251418076
24.275862 -0.51724136 -21.114248124795864
24.275862 -0.68965518 -21.01981976264205
24.275862 -0.86206895 -20.93873867995925
24.275862 -1.0344827 -20.874571495054933
24.275862 -1.2068965 -20.829657267162393
24.275862 -1.3793104 -20.80543667416327
24.275862 -1.5517242 -20.80266052140896
24.275862 -1.7241379 -20.821393594727617
24.275862 -1.8965517 -20.86101584014298
24.275862 -2.0689654 -20.920245964420364
24.275862 -2.2413793 -20.996983845365083
24.275862 -2.4137931 -21.087961678576647
24.275862 -2.5862069 -21.188707345176002
24.275862 -2.7586207 -21.29450947839212
24.275862 -2.9310346 -21.402347008720547
24.275862 -3.1034484 -21.51234541865471
24.275862 -3.275862 -21.627015204187636
24.275862 -3.4482758 -21.748467374715325
24.275862 -3.6206896 -21.875774097709343
24.275862 -3.7931035 -22.004498623311832
24.275862 -3.9655173 -22.129067003402596
24.275862 -4.1379309 -22.24677904552737
24.275862 -4.3103447 -22.360120796374048
24.275862 -4.4827585 -22.474863004498665
24.275862 -4.6551723 -22.595786006030426
24.275862 -4.8275862 -22.723740617483166
24.275862 -5.0 -22.85557270943449

24.620689 0.0 -21.932268554533202
24.620689 -0.1724138 -21.811062492276786
24.620689 -0.34482759 -21.697105026413993
24.620689 -0.51724136 -21.59369738060773
24.620689 -0.68965518 -21.501969914387338
24.620689 -0.86206895 -21.422626011547507
24.620689 -1.0344827 -21.357560852138224
24.620689 -1.2068965 -21.310023226782874
24.620689 -1.3793104 -21.283466591075324
24.620689 -1.5517242 -21.280161785845877
24.620689 -1.7241379 -21.300357495428976
24.620689 -1.8965517 -21.342192795855347
24.620689 -2.0689654 -21.402367782830453
24.620689 -2.2413793 -21.477451886693373
24.620689 -2.4137931 -21.565197481779702
24.620689 -2.5862069 -21.664765980980714
24.620689 -2.7586207 -21.77538844220301
24.620689 -2.9310346 -21.894467562532395
24.620689 -3.1034484 -22.01693077061882
24.620689 -3.275862 -22.137033131399143
24.620689 -3.4482758 -22.251868226237395
24.620689 -3.6206896 -22.363502952516985
24.620689 -3.7931035 -22.47722749234379
24.620689 -3.9655173 -22.597476623131143
24.620689 -4.1379309 -22.72493204387485
24.620689 -4.3103447 -22.85638295922805
24.620689 -4.4827585 -22.987018514523655
24.620689 -4.6551723 -23.113982714911295
24.620689 -4.8275862 -23.23880169277894
24.620689 -5.0 -23.366306792610857

24.965517 0.0 -22.41579009211643
24.965517 -0.1724138 -22.310094204012525
24.965517 -0.34482759 -22.207091202982458
24.965517 -0.51724136 -22.10537745739627
24.965517 -0.68965518 -22.007577857404367
24.965517 -0.86206895 -21.9192873537435
24.965517 -1.0344827 -21.84654870639705
24.965517 -1.2068965 -21.794145747140472
24.965517 -1.3793104 -21.76520667565583
24.965517 -1.5517242 -21.761341962703245
24.965517 -1.7241379 -21.78273948913267
24.965517 -1.8965517 -21.82817795458828
24.965517 -2.0689654 -21.8949691899664
24.965517 -2.2413793 -21.978796153146863
24.965517 -2.4137931 -22.073858996985273
24.965517 -2.5862069 -22.174174653215513
24.965517 -2.7586207 -22.276045808646355
24.965517 -2.9310346 -22.379802118858837
24.965517 -3.1034484 -22.488707588961635
24.965517 -3.275862 -22.60570882945858
24.965517 -3.4482758 -22.73074216209036
24.965517 -3.6206896 -22.860339095298226
24.965517 -3.7931035 -22.98962414623152
24.965517 -3.9655173 -23.11568759856897
24.965517 -4.1379309 -23.23994970920211
24.965517 -4.3103447 -23.36711211512753
24.965517 -4.4827585 -23.501353859226224
24.965517 -4.6551723 -23.642904713540858
24.965517 -4.8275862 -23.78726557369944
24.965517 -5.0 -23.927721116301758

25.310345 0.0 -22.922574388282342
25.310345 -0.1724138 -22.800037152040616
25.310345 -0.34482759 -22.683023651413095
25.310345 -0.51724136 -22.576318926709142
25.310345 -0.68965518 -22.482862697905556
25.310345 -0.86206895 -22.403897807755936
25.310345 -1.0344827 -22.340417323927113
25.310345 -1.2068965 -22.294362347683613
25.310345 -1.3793104 -22.268417429764042
25.310345 -1.5517242 -22.264684894190193
25.310345 -1.7241379 -22.283460439698054
25.310345 -1.8965517 -22.32305520719153
25.310345 -2.0689654 -22.380788729368007
25.310345 -2.2413793 -22.454423432749554
25.310345 -2.4137931 -22.542789688162525
25.310345 -2.5862069 -22.644931731238138
25.310345 -2.7586207 -22.758556139400714
25.310345 -2.9310346 -22.87935002833064
25.310345 -3.1034484 -23.002201874626408
25.310345 -3.275862 -23.123956879602932
25.310345 -3.4482758 -23.245539937068106
25.310345 -3.6206896 -23.37104132388332
25.310345 -3.7931035 -23.504160607403076
25.310345 -3.9655173 -23.644871188626265
25.310345 -4.1379309 -23.78858341424424
25.310345 -4.3103447 -23.92856613846639
25.310345 -4.4827585 -24.06078043793315
25.310345 -4.6551723 -24.187465763664207
25.310345 -4.8275862 -24.315584839762113
25.310345 -5.0 -24.451592536819287

25.655172 0.0 -23.43626987859304
25.655172 -0.1724138 -23.314583826241602
25.655172 -0.34482759 -23.20189666786492
25.655172 -0.51724136 -23.09619579943327
25.655172 -0.68965518 -22.99742544180342
25.655172 -0.86206895 -22.908655224049497
25.655172 -1.0344827 -22.83489758924557
25.655172 -1.2068965 -22.781124483671338
25.655172 -1.3793104 -22.750997328476753
25.655172 -1.5517242 -22.74648421667925
25.655172 -1.7241379 -22.767852413672422
25.655172 -1.8965517 -22.813678921777953
25.655172 -2.0689654 -22.880830819202128
25.655172 -2.2413793 -22.9646659833776
25.655172 -2.4137931 -23.05997527610523
25.655172 -2.5862069 -23.162839689789507
25.655172 -2.7586207 -23.272299633723975
25.655172 -2.9310346 -23.39003220920157
25.655172 -3.1034484 -23.51777579333734
25.655172 -3.275862 -23.6544214309815
25.655172 -3.4482758 -23.794989684814997
25.655172 -3.6206896 -23.93267859408121
25.655172 -3.7931035 -24.06339300288518
25.655172 -3.9655173 -24.189192013028485
25.655172 -4.1379309 -24.316794151930218
25.655172 -4.3103447 -24.452466021817603
25.655172 -4.4827585 -24.597877805893578
25.655172 -4.6551723 -24.749064295086406
25.655172 -4.8275862 -24.898397616660215
25.655172 -5.0 -25.039243643743948

26.0 0.0 -24.00039128912628
26.0 -0.1724138 -23.873884255394128
26.0 -0.34482759 -23.746413480202985
26.0 -0.51724136 -23.624469094643242
26.0 -0.68965518 -23.514694714491814
26.0 -0.86206895 -23.421640379702207
26.0 -1.0344827 -23.347947078012403
26.0 -1.2068965 -23.29555881975598
26.0 -1.3793104 -23.26636263380401
26.0 -1.5517242 -23.26178183638094
26.0 -1.7241379 -23.2820448956076
26.0 -1.8965517 -23.32604887689472
26.0 -2.0689654 -23.391980033418918
26.0 -2.2413793 -23.477949893829287
26.0 -2.4137931 -23.581723779057327
26.0 -2.5862069 -23.699554743636792
26.0 -2.7586207 -23.82542346443361
26.0 -2.9310346 -23.952356374801468
26.0 -3.1034484 -24.076001033189613
26.0 -3.275862 -24.197582322345625
26.0 -3.4482758 -24.32269656688027
26.0 -3.6206896 -24.456736888642016
26.0 -3.7931035 -24.600925973302836
26.0 -3.9655173 -24.751145434514026
26.0 -4.1379309 -24.899744030611053
26.0 -4.3103447 -25.04008731700674
26.0 -4.4827585 -25.17139481951637
26.0 -4.6551723 -25.298982409469414
26.0 -4.8275862 -25.4292019178576
26.0 -5.0 -25.564328124217866
