# KROME file, XRAY He rate
# Xray rate including primary and secondary H ionization in 1/s
# first line indicates the size of the table (30x30)
# then first column is the parameter log10(nH), where nH is the H column density in cm-2
# second column is log10(xHe), where xHe = nHe/nH both in cm-2
# third column is log10(rate), where rate is in units of 1/s

16.0 0.0 -17.406983014293576
16.0 -0.1724138 -17.406982993301046
16.0 -0.34482759 -17.406982976444354
16.0 -0.51724136 -17.406982963057136
16.0 -0.68965518 -17.40698295261017
16.0 -0.86206895 -17.406982944690483
16.0 -1.0344827 -17.406982938984996
16.0 -1.2068965 -17.406982935268157
16.0 -1.3793104 -17.406982933393046
16.0 -1.5517242 -17.40698293328553
16.0 -1.7241379 -17.406982934941365
16.0 -1.8965517 -17.406982938426
16.0 -2.0689654 -17.40698294387719
16.0 -2.2413793 -17.406982951510436
16.0 -2.4137931 -17.40698296162748
16.0 -2.5862069 -17.406982974628267
16.0 -2.7586207 -17.40698299102673
16.0 -2.9310346 -17.406983011471137
16.0 -3.1034484 -17.406983036769656
16.0 -3.275862 -17.406983067922344
16.0 -3.4482758 -17.406983106160773
16.0 -3.6206896 -17.406983152996524
16.0 -3.7931035 -17.406983210281112
16.0 -3.9655173 -17.406983280278997
16.0 -4.1379309 -17.4069833657572
16.0 -4.3103447 -17.40698347009498
16.0 -4.4827585 -17.406983597416833
16.0 -4.6551723 -17.406983752755945
16.0 -4.8275862 -17.40698394225316
16.0 -5.0 -17.406984173399287

16.344828 0.0 -17.40698316656565
16.344828 -0.1724138 -17.406983120125602
16.344828 -0.34482759 -17.406983082834927
16.344828 -0.51724136 -17.40698305321948
16.344828 -0.68965518 -17.406983030108517
16.344828 -0.86206895 -17.406983012588437
16.344828 -1.0344827 -17.406982999966655
16.344828 -1.2068965 -17.4069829917442
16.344828 -1.3793104 -17.40698298759604
16.344828 -1.5517242 -17.406982987358198
16.344828 -1.7241379 -17.40698299102126
16.344828 -1.8965517 -17.406982998730037
16.344828 -2.0689654 -17.406983010789258
16.344828 -2.2413793 -17.406983027675665
16.344828 -2.4137931 -17.40698305005677
16.344828 -2.5862069 -17.40698307881734
16.344828 -2.7586207 -17.406983115094317
16.344828 -2.9310346 -17.406983160321797
16.344828 -3.1034484 -17.40698321628763
16.344828 -3.275862 -17.406983285204152
16.344828 -3.4482758 -17.406983369795867
16.344828 -3.6206896 -17.406983473406722
16.344828 -3.7931035 -17.406983600132655
16.344828 -3.9655173 -17.406983754983138
16.344828 -4.1379309 -17.406983944079403
16.344828 -4.3103447 -17.406984174897076
16.344828 -4.4827585 -17.40698445656041
16.344828 -4.6551723 -17.406984800203826
16.344828 -4.8275862 -17.40698521941213
16.344828 -5.0 -17.40698573075647

16.689655 0.0 -17.40698350342316
16.689655 -0.1724138 -17.40698340068793
16.689655 -0.34482759 -17.406983318193046
16.689655 -0.51724136 -17.40698325267739
16.689655 -0.68965518 -17.406983201551018
16.689655 -0.86206895 -17.406983162792883
16.689655 -1.0344827 -17.40698313487081
16.689655 -1.2068965 -17.406983116680994
16.689655 -1.3793104 -17.406983107504384
16.689655 -1.5517242 -17.40698310697822
16.689655 -1.7241379 -17.40698311508169
16.689655 -1.8965517 -17.406983132135146
16.689655 -2.0689654 -17.406983158812707
16.689655 -2.2413793 -17.40698319616903
16.689655 -2.4137931 -17.4069832456808
16.689655 -2.5862069 -17.40698330930529
16.689655 -2.7586207 -17.40698338955766
16.689655 -2.9310346 -17.406983489610436
16.689655 -3.1034484 -17.406983613418713
16.689655 -3.275862 -17.406983765876628
16.689655 -3.4482758 -17.406983953011363
16.689655 -3.6206896 -17.406984182220395
16.689655 -3.7931035 -17.40698446256477
16.689655 -3.9655173 -17.406984805126445
16.689655 -4.1379309 -17.4069852234468
16.689655 -4.3103447 -17.406985734063344
16.689655 -4.4827585 -17.406986357160676
16.689655 -4.6551723 -17.40698711737018
16.689655 -4.8275862 -17.406988044743844
16.689655 -5.0 -17.406989175939877

17.034483 0.0 -17.406984248626223
17.034483 -0.1724138 -17.406984021353743
17.034483 -0.34482759 -17.406983838857233
17.034483 -0.51724136 -17.406983693922417
17.034483 -0.68965518 -17.40698358081981
17.034483 -0.86206895 -17.4069834950784
17.034483 -1.0344827 -17.40698343330871
17.034483 -1.2068965 -17.40698339306889
17.034483 -1.3793104 -17.40698337276823
17.034483 -1.5517242 -17.406983371604245
17.034483 -1.7241379 -17.406983389530883
17.034483 -1.8965517 -17.40698342725683
17.034483 -2.0689654 -17.40698348627339
17.034483 -2.2413793 -17.406983568913677
17.034483 -2.4137931 -17.406983678444437
17.034483 -2.5862069 -17.40698381919558
17.034483 -2.7586207 -17.406983996731157
17.034483 -2.9310346 -17.40698421806948
17.034483 -3.1034484 -17.40698449196001
17.034483 -3.275862 -17.40698482922959
17.034483 -3.4482758 -17.40698524321157
17.034483 -3.6206896 -17.406985750270632
17.034483 -3.7931035 -17.406986370451573
17.034483 -3.9655173 -17.406987128269773
17.034483 -4.1379309 -17.406988053681236
17.034483 -4.3103447 -17.406989183269832
17.034483 -4.4827585 -17.40699056168721
17.034483 -4.6551723 -17.406992243421787
17.034483 -4.8275862 -17.40699429495275
17.034483 -5.0 -17.40699679737252

17.379311 0.0 -17.40698589717451
17.379311 -0.1724138 -17.40698539439955
17.379311 -0.34482759 -17.406984990678353
17.379311 -0.51724136 -17.406984670051507
17.379311 -0.68965518 -17.406984419844253
17.379311 -0.86206895 -17.40698423016581
17.379311 -1.0344827 -17.40698409351794
17.379311 -1.2068965 -17.406984004498778
17.379311 -1.3793104 -17.406983959589333
17.379311 -1.5517242 -17.40698395701434
17.379311 -1.7241379 -17.406983996671933
17.379311 -1.8965517 -17.406984080129867
17.379311 -2.0689654 -17.406984210687213
17.379311 -2.2413793 -17.40698439350531
17.379311 -2.4137931 -17.406984635810865
17.379311 -2.5862069 -17.40698494718252
17.379311 -2.7586207 -17.40698533992907
17.379311 -2.9310346 -17.4069858295764
17.379311 -3.1034484 -17.40698643548003
17.379311 -3.275862 -17.406987181590964
17.379311 -3.4482758 -17.40698809740499
17.379311 -3.6206896 -17.40698921912366
17.379311 -3.7931035 -17.406990591089347
17.379311 -3.9655173 -17.406992267533838
17.379311 -4.1379309 -17.40699431472398
17.379311 -4.3103447 -17.406996813587753
17.379311 -4.4827585 -17.40699986289909
17.379311 -4.6551723 -17.407003583190477
17.379311 -4.8275862 -17.407008121516753
17.379311 -5.0 -17.407013657254787

17.724138 0.0 -17.40698954409025
17.724138 -0.1724138 -17.406988431851634
17.724138 -0.34482759 -17.40698753873882
17.724138 -0.51724136 -17.406986829446925
17.724138 -0.68965518 -17.406986275937147
17.724138 -0.86206895 -17.406985856329317
17.724138 -1.0344827 -17.40698555403594
17.724138 -1.2068965 -17.406985357107068
17.724138 -1.3793104 -17.40698525775803
17.724138 -1.5517242 -17.406985252061602
17.724138 -1.7241379 -17.406985339792435
17.724138 -1.8965517 -17.40698552441869
17.724138 -2.0689654 -17.406985813238553
17.724138 -2.2413793 -17.406986217669868
17.724138 -2.4137931 -17.40698675369943
17.724138 -2.5862069 -17.406987442516936
17.724138 -2.7586207 -17.406988311351572
17.724138 -2.9310346 -17.4069893945492
17.724138 -3.1034484 -17.406990734927284
17.724138 -3.275862 -17.406992385468946
17.724138 -3.4482758 -17.406994411422808
17.724138 -3.6206896 -17.406996892870865
17.724138 -3.7931035 -17.406999927902675
17.724138 -3.9655173 -17.407003636482695
17.724138 -4.1379309 -17.407008165195702
17.724138 -4.3103447 -17.40701369305436
17.724138 -4.4827585 -17.407020438541988
17.724138 -4.6551723 -17.40702866826389
17.724138 -4.8275862 -17.4070387074799
17.724138 -5.0 -17.407050952925324

18.068966 0.0 -17.406997611792626
18.068966 -0.1724138 -17.40699515131137
18.068966 -0.34482759 -17.406993175573234
18.068966 -0.51724136 -17.406991606479682
18.068966 -0.68965518 -17.406990382005176
18.068966 -0.86206895 -17.406989453747585
18.068966 -1.0344827 -17.406988785012803
18.068966 -1.2068965 -17.406988349365605
18.068966 -1.3793104 -17.406988129585
18.068966 -1.5517242 -17.406988116983285
18.068966 -1.7241379 -17.40698831106194
18.068966 -1.8965517 -17.406988719493135
18.068966 -2.0689654 -17.406989358421654
18.068966 -2.2413793 -17.40699025310561
18.068966 -2.4137931 -17.40699143891026
18.068966 -2.5862069 -17.40699296271028
18.068966 -2.7586207 -17.40699488474021
18.068966 -2.9310346 -17.406997280977084
18.068966 -3.1034484 -17.407000246137237
18.068966 -3.275862 -17.40700389742311
18.068966 -3.4482758 -17.407008379167273
18.068966 -3.6206896 -17.407013868511303
18.068966 -3.7931035 -17.40702058242503
18.068966 -3.9655173 -17.407028786257793
18.068966 -4.1379309 -17.40703880423027
18.068966 -4.3103447 -17.407051032272996
18.068966 -4.4827585 -17.407065953593012
18.068966 -4.6551723 -17.40708415779244
18.068966 -4.8275862 -17.407106364138915
18.068966 -5.0 -17.407133449883986

18.413794 0.0 -17.407015458886246
18.413794 -0.1724138 -17.407010015928176
18.413794 -0.34482759 -17.407005645273845
18.413794 -0.51724136 -17.407002174169783
18.413794 -0.68965518 -17.406999465413705
18.413794 -0.86206895 -17.406997411937343
18.413794 -1.0344827 -17.406995932570467
18.413794 -1.2068965 -17.40699496883584
18.413794 -1.3793104 -17.406994482638808
18.413794 -1.5517242 -17.40699445476119
18.413794 -1.7241379 -17.406994884100175
18.413794 -1.8965517 -17.406995787627398
18.413794 -2.0689654 -17.406997201056786
18.413794 -2.2413793 -17.406999180261593
18.413794 -2.4137931 -17.407001803472458
18.413794 -2.5862069 -17.407005174378735
18.413794 -2.7586207 -17.40700942622087
18.413794 -2.9310346 -17.40701472705943
18.413794 -3.1034484 -17.40702128640198
18.413794 -3.275862 -17.4070293634877
18.413794 -3.4482758 -17.40703927755492
18.413794 -3.6206896 -17.407051420394925
18.413794 -3.7931035 -17.40706627186662
18.413794 -3.9655173 -17.40708441879364
18.413794 -4.1379309 -17.40710657814481
18.413794 -4.3103447 -17.407133625391303
18.413794 -4.4827585 -17.407166628877622
18.413794 -4.6551723 -17.40720689201795
18.413794 -4.8275862 -17.407256004629758
18.413794 -5.0 -17.407315905363802

18.758621 0.0 -17.40705493830467
18.758621 -0.1724138 -17.407042898122047
18.758621 -0.34482759 -17.407033229840263
18.758621 -0.51724136 -17.407025551377657
18.758621 -0.68965518 -17.407019559270985
18.758621 -0.86206895 -17.40701501670064
18.758621 -1.0344827 -17.407011744125885
18.758621 -1.2068965 -17.407009612198628
18.758621 -1.3793104 -17.407008536654843
18.758621 -1.5517242 -17.407008474984238
18.758621 -1.7241379 -17.407009424747258
18.758621 -1.8965517 -17.40701142348458
18.758621 -2.0689654 -17.407014550193804
18.758621 -2.2413793 -17.407018928462843
18.758621 -2.4137931 -17.40702473132994
18.758621 -2.5862069 -17.407032188140565
18.758621 -2.7586207 -17.40704159359463
18.758621 -2.9310346 -17.407053319393725
18.758621 -3.1034484 -17.40706782888772
18.758621 -3.275862 -17.40708569538208
18.758621 -3.4482758 -17.40710762482205
18.758621 -3.6206896 -17.407134483519986
18.758621 -3.7931035 -17.40716733241113
18.758621 -3.9655173 -17.40720746876014
18.758621 -4.1379309 -17.40725647729538
18.758621 -4.3103447 -17.40731629272458
18.758621 -4.4827585 -17.407389275449095
18.758621 -4.6551723 -17.407478304433415
18.758621 -4.8275862 -17.407586890056507
18.758621 -5.0 -17.407719311167167

19.103449 0.0 -17.407142265367817
19.103449 -0.1724138 -17.407115633776048
19.103449 -0.34482759 -17.40709424805673
19.103449 -0.51724136 -17.407077263381765
19.103449 -0.68965518 -17.407064008705266
19.103449 -0.86206895 -17.407053960317658
19.103449 -1.0344827 -17.407046721158533
19.103449 -1.2068965 -17.40704200516005
19.103449 -1.3793104 -17.407039625958117
19.103449 -1.5517242 -17.40703948953236
19.103449 -1.7241379 -17.407041590486443
19.103449 -1.8965517 -17.40704601184792
19.103449 -2.0689654 -17.407052928331733
19.103449 -2.2413793 -17.40706261326472
19.103449 -2.4137931 -17.407075449324847
19.103449 -2.5862069 -17.407091943690947
19.103449 -2.7586207 -17.407112748027863
19.103449 -2.9310346 -17.407138684208697
19.103449 -3.1034484 -17.407170776650624
19.103449 -3.275862 -17.407210292716833
19.103449 -3.4482758 -17.407258792753243
19.103449 -3.6206896 -17.407318191211072
19.103449 -3.7931035 -17.4073908321064
19.103449 -3.9655173 -17.40747958080642
19.103449 -4.1379309 -17.40758793644018
19.103449 -4.3103447 -17.40772016914336
19.103449 -4.4827585 -17.40788148599242
19.103449 -4.6551723 -17.40807823413436
19.103449 -4.8275862 -17.408318147003598
19.103449 -5.0 -17.40861064243249

19.448277 0.0 -17.40733540202532
19.448277 -0.1724138 -17.407276506305585
19.448277 -0.34482759 -17.407229209293863
19.448277 -0.51724136 -17.407191644098166
19.448277 -0.68965518 -17.407162327592545
19.448277 -0.86206895 -17.407140102131756
19.448277 -1.0344827 -17.407124089932594
19.448277 -1.2068965 -17.407113658533827
19.448277 -1.3793104 -17.40710839588398
19.448277 -1.5517242 -17.407108094095516
19.448277 -1.7241379 -17.40711274123299
19.448277 -1.8965517 -17.407122520870626
19.448277 -2.0689654 -17.407137819295848
19.448277 -2.2413793 -17.40715924079268
19.448277 -2.4137931 -17.407187631339543
19.448277 -2.5862069 -17.407224112029954
19.448277 -2.7586207 -17.40727012314112
19.448277 -2.9310346 -17.40732748082255
19.448277 -3.1034484 -17.407398448309586
19.448277 -3.275862 -17.407485824824345
19.448277 -3.4482758 -17.407593055558774
19.448277 -3.6206896 -17.407724365838487
19.448277 -3.7931035 -17.40788492649309
19.448277 -3.9655173 -17.408081054590276
19.448277 -4.1379309 -17.40832045867827
19.448277 -4.3103447 -17.408612537313502
19.448277 -4.4827585 -17.408968738619585
19.448277 -4.6551723 -17.409402998532418
19.448277 -4.8275862 -17.40993226907347
19.448277 -5.0 -17.410577153662018

19.793104 0.0 -17.407762416951037
19.793104 -0.1724138 -17.407632220745462
19.793104 -0.34482759 -17.407527652559455
19.793104 -0.51724136 -17.407444592441543
19.793104 -0.68965518 -17.40737976610785
19.793104 -0.86206895 -17.407330617067053
19.793104 -1.0344827 -17.40729520641189
19.793104 -1.2068965 -17.407272136876177
19.793104 -1.3793104 -17.407260498021667
19.793104 -1.5517242 -17.407259830475176
19.793104 -1.7241379 -17.407270107844752
19.793104 -1.8965517 -17.40729173574287
19.793104 -2.0689654 -17.40732556764365
19.793104 -2.2413793 -17.40737293852174
19.793104 -2.4137931 -17.407435716985635
19.793104 -2.5862069 -17.407516378754014
19.793104 -2.7586207 -17.40761810344915
19.793104 -2.9310346 -17.40774489896011
19.793104 -3.1034484 -17.407901757426057
19.793104 -3.275862 -17.408094849590572
19.793104 -3.4482758 -17.4083317646749
19.793104 -3.6206896 -17.40862180209364
19.793104 -3.7931035 -17.408976329763583
19.793104 -3.9655173 -17.409409217051998
19.793104 -4.1379309 -17.40993736089429
19.793104 -4.3103447 -17.4105813220185
19.793104 -4.4827585 -17.411366084833425
19.793104 -4.6551723 -17.412321974794004
19.793104 -4.8275862 -17.413485750854406
19.793104 -5.0 -17.414901899949204

20.137932 0.0 -17.40870587994163
20.137932 -0.1724138 -17.408418314247342
20.137932 -0.34482759 -17.40818729338502
20.137932 -0.51724136 -17.408003751777734
20.137932 -0.68965518 -17.40786047862927
20.137932 -0.86206895 -17.407751840178292
20.137932 -1.0344827 -17.407673561451514
20.137932 -1.2068965 -17.407622560525656
20.137932 -1.3793104 -17.40759682871629
20.137932 -1.5517242 -17.40759535231959
20.137932 -1.7241379 -17.40761807300862
20.137932 -1.8965517 -17.407665885681542
20.137932 -2.0689654 -17.407740673159715
20.137932 -2.2413793 -17.4078453797715
20.137932 -2.4137931 -17.407984125268747
20.137932 -2.5862069 -17.408162365154414
20.137932 -2.7586207 -17.408387101443477
20.137932 -2.9310346 -17.408667152739817
20.137932 -3.1034484 -17.409013491811404
20.137932 -3.275862 -17.409439664443887
20.137932 -3.4482758 -17.409962303691096
20.137932 -3.6206896 -17.4106017510527
20.137932 -3.7931035 -17.411382813588784
20.137932 -3.9655173 -17.41233566958866
20.137932 -4.1379309 -17.413496956263174
20.137932 -4.3103447 -17.41491106620296
20.137932 -4.4827585 -17.416631667535597
20.137932 -4.6551723 -17.418723501212025
20.137932 -4.8275862 -17.42126446514881
20.137932 -5.0 -17.42434800506235

20.482758 0.0 -17.410787230097682
20.482758 -0.1724138 -17.41015329131937
20.482758 -0.34482759 -17.409643715915653
20.482758 -0.51724136 -17.4092386834207
20.482758 -0.68965518 -17.40892239974275
20.482758 -0.86206895 -17.408682507178508
20.482758 -1.0344827 -17.408509618023924
20.482758 -1.2068965 -17.408396958789748
20.482758 -1.3793104 -17.40834011211818
20.482758 -1.5517242 -17.40833684779233
20.482758 -1.7241379 -17.408387037063804
20.482758 -1.8965517 -17.408492647937113
20.482758 -2.0689654 -17.408657820088223
20.482758 -2.2413793 -17.40888902363339
20.482758 -2.4137931 -17.4091953043364
20.482758 -2.5862069 -17.4095886276513
20.482758 -2.7586207 -17.410084328887674
20.482758 -2.9310346 -17.41070168672016
20.482758 -3.1034484 -17.411464634587283
20.482758 -3.275862 -17.412402635263188
20.482758 -3.4482758 -17.413551742339912
20.482758 -3.6206896 -17.414955863497383
20.482758 -3.7931035 -17.41666827447244
20.482758 -3.9655173 -17.418753390555004
20.482758 -4.1379309 -17.421288840215883
20.482758 -4.3103447 -17.424367860097487
20.482758 -4.4827585 -17.428101991767715
20.482758 -4.6551723 -17.432624128533906
20.482758 -4.8275862 -17.43809184642248
20.482758 -5.0 -17.444690955041228

20.827587 0.0 -17.415363819161957
20.827587 -0.1724138 -17.41397205312219
20.827587 -0.34482759 -17.412851942239843
20.827587 -0.51724136 -17.41196074883745
20.827587 -0.68965518 -17.411264283399856
20.827587 -0.86206895 -17.41073571169033
20.827587 -1.0344827 -17.410354599228892
20.827587 -1.2068965 -17.4101061750902
20.827587 -1.3793104 -17.409980793795114
20.827587 -1.5517242 -17.409973581042234
20.827587 -1.7241379 -17.410084253395247
20.827587 -1.8965517 -17.41031710806968
20.827587 -2.0689654 -17.41068117993553
20.827587 -2.2413793 -17.41119057375575
20.827587 -2.4137931 -17.411864974611397
20.827587 -2.5862069 -17.412730359237543
20.827587 -2.7586207 -17.413819917295232
20.827587 -2.9310346 -17.41517521018975
20.827587 -3.1034484 -17.416847584668368
20.827587 -3.275862 -17.418899875956562
20.827587 -3.4482758 -17.421408423643783
20.827587 -3.6206896 -17.424465393757497
20.827587 -3.7931035 -17.428181461612407
20.827587 -3.9655173 -17.432688801999973
20.827587 -4.1379309 -17.438144397000396
20.827587 -4.3103447 -17.4447335950614
20.827587 -4.4827585 -17.45267374876345
20.827587 -4.6551723 -17.46221787581078
20.827587 -4.8275862 -17.47365799803971
20.827587 -5.0 -17.487327734580276

21.172413 0.0 -17.42535628672666
21.172413 -0.1724138 -17.422327485895256
21.172413 -0.34482759 -17.419883563262463
21.172413 -0.51724136 -17.417935026695073
21.172413 -0.68965518 -17.41640970074651
21.172413 -0.86206895 -17.41525056707104
21.172413 -1.0344827 -17.41441398346192
21.172413 -1.2068965 -17.41386828140744
21.172413 -1.3793104 -17.413592723718434
21.172413 -1.5517242 -17.413576809990072
21.172413 -1.7241379 -17.413819919967448
21.172413 -1.8965517 -17.414331292018677
21.172413 -2.0689654 -17.415130330544528
21.172413 -2.2413793 -17.416247254621954
21.172413 -2.4137931 -17.41772408303539
21.172413 -2.5862069 -17.419615987099785
21.172413 -2.7586207 -17.421993003807113
21.172413 -2.9310346 -17.424942131565295
21.172413 -3.1034484 -17.428569794547013
21.172413 -3.275862 -17.433004683575327
21.172413 -3.4482758 -17.43840093715051
21.172413 -3.6206896 -17.444941541280578
21.172413 -3.7931035 -17.452841935169577
21.172413 -3.9655173 -17.462353548484224
21.172413 -4.1379309 -17.473767089032158
21.172413 -4.3103447 -17.487415149613593
21.172413 -4.4827585 -17.5036733083389
21.172413 -4.6551723 -17.522958801989283
21.172413 -4.8275862 -17.54572468200398
21.172413 -5.0 -17.57244648684482

21.517242 0.0 -17.446860105412757
21.517242 -0.1724138 -17.440385277680498
21.517242 -0.34482759 -17.435133805376044
21.517242 -0.51724136 -17.43092902676466
21.517242 -0.68965518 -17.4276262066718
21.517242 -0.86206895 -17.42510952901987
21.517242 -1.0344827 -17.423289439043852
21.517242 -1.2068965 -17.422100443388928
21.517242 -1.3793104 -17.421499411759765
21.517242 -1.5517242 -17.421464414142935
21.517242 -1.7241379 -17.42199411140505
21.517242 -1.8965517 -17.42310771285273
21.517242 -2.0689654 -17.4248454880956
21.517242 -2.2413793 -17.427269842036083
21.517242 -2.4137931 -17.430466905147433
21.517242 -2.5862069 -17.434548649425945
21.517242 -2.7586207 -17.439655433993412
21.517242 -2.9310346 -17.445958925668787
21.517242 -3.1034484 -17.45366523675677
21.517242 -3.275862 -17.463018139654935
21.517242 -3.4482758 -17.474302077194338
21.517242 -3.6206896 -17.487844425114513
21.517242 -3.7931035 -17.50401651572469
21.517242 -3.9655173 -17.523232045911584
21.517242 -4.1379309 -17.54594112394023
21.517242 -4.3103447 -17.572616964033585
21.517242 -4.4827585 -17.603731023359725
21.517242 -4.6551723 -17.639713248289368
21.517242 -4.8275862 -17.68089653967272
21.517242 -5.0 -17.72745386695132

21.862068 0.0 -17.491860798025463
21.862068 -0.1724138 -17.47847812646577
21.862068 -0.34482759 -17.46752087239703
21.862068 -0.51724136 -17.458677701040667
21.862068 -0.68965518 -17.451685979345253
21.862068 -0.86206895 -17.446330530132023
21.862068 -1.0344827 -17.44244180448713
21.862068 -1.2068965 -17.43989399014455
21.862068 -1.3793104 -17.438603340239
21.862068 -1.5517242 -17.438526927557174
21.862068 -1.7241379 -17.439661949838342
21.862068 -1.8965517 -17.442045660706388
21.862068 -2.0689654 -17.445755902787038
21.862068 -2.2413793 -17.45091222437513
21.862068 -2.4137931 -17.457677399516772
21.862068 -2.5862069 -17.466259253169696
21.862068 -2.7586207 -17.47691241201881
21.862068 -2.9310346 -17.489939598032453
21.862068 -3.1034484 -17.505691686345855
21.862068 -3.275862 -17.524565444382027
21.862068 -3.4482758 -17.54699700715954
21.862068 -3.6206896 -17.5734478898547
21.862068 -3.7931035 -17.604380000818015
21.862068 -3.9655173 -17.64021540691939
21.862068 -4.1379309 -17.681280626236475
21.862068 -4.3103447 -17.727743756788904
21.862068 -4.4827585 -17.779568061553373
21.862068 -4.6551723 -17.836524390098617
21.862068 -4.8275862 -17.898306310200375
21.862068 -5.0 -17.96475533369643

22.206898 0.0 -17.58141361545768
22.206898 -0.1724138 -17.555375643805043
22.206898 -0.34482759 -17.53368912763257
22.206898 -0.51724136 -17.515937553161777
22.206898 -0.68965518 -17.50173855791884
22.206898 -0.86206895 -17.49076030611395
22.206898 -1.0344827 -17.482730531815374
22.206898 -1.2068965 -17.47744130346808
22.206898 -1.3793104 -17.474751369954166
22.206898 -1.5517242 -17.474587210542406
22.206898 -1.7241379 -17.476943391858917
22.206898 -1.8965517 -17.481882529420215
22.206898 -2.0689654 -17.4895348205056
22.206898 -2.2413793 -17.50009699915539
22.206898 -2.4137931 -17.513830032462277
22.206898 -2.5862069 -17.531054690902277
22.206898 -2.7586207 -17.552142966907056
22.206898 -2.9310346 -17.577502561064367
22.206898 -3.1034484 -17.607550381621103
22.206898 -3.275862 -17.642671387464606
22.206898 -3.4482758 -17.683162057693878
22.206898 -3.6206896 -17.729166291375684
22.206898 -3.7931035 -17.780628403060884
22.206898 -3.9655173 -17.83730387836733
22.206898 -4.1379309 -17.898873115230995
22.206898 -4.3103447 -17.96516562864675
22.206898 -4.4827585 -18.03641138666142
22.206898 -4.6551723 -18.11333528839157
22.206898 -4.8275862 -18.196899715630956
22.206898 -5.0 -18.28766861097626

22.551723 0.0 -17.743288503931566
22.551723 -0.1724138 -17.698414756494515
22.551723 -0.34482759 -17.6596681007231
22.551723 -0.51724136 -17.62701546414084
22.551723 -0.68965518 -17.600289506070506
22.551723 -0.86206895 -17.57925324793555
22.551723 -1.0344827 -17.56365774561601
22.551723 -1.2068965 -17.553284346625755
22.551723 -1.3793104 -17.54797182182757
22.551723 -1.5517242 -17.547631808140412
22.551723 -1.7241379 -17.552255789747633
22.551723 -1.8965517 -17.561915468157185
22.551723 -2.0689654 -17.57675648241826
22.551723 -2.2413793 -17.596983950662757
22.551723 -2.4137931 -17.622836402180514
22.551723 -2.5862069 -17.65454491248841
22.551723 -2.7586207 -17.692276246602948
22.551723 -2.9310346 -17.73606790016581
22.551723 -3.1034484 -17.785778004375384
22.551723 -3.275862 -17.841091507362396
22.551723 -3.4482758 -17.901627706190357
22.551723 -3.6206896 -17.967157994118192
22.551723 -3.7931035 -18.037854865542858
22.551723 -3.9655173 -18.114387446136046
22.551723 -4.1379309 -18.197669320637768
22.551723 -4.3103447 -18.288228095686094
22.551723 -4.4827585 -18.38545397606268
22.551723 -4.6551723 -18.487232979598588
22.551723 -4.8275862 -18.59049011739349
22.551723 -5.0 -18.69274885248826

22.896551 0.0 -17.988575739093836
22.896551 -0.1724138 -17.925141175382656
22.896551 -0.34482759 -17.868022310143004
22.896551 -0.51724136 -17.817652481783792
22.896551 -0.68965518 -17.774633895144632
22.896551 -0.86206895 -17.73952971470592
22.896551 -1.0344827 -17.712759296304256
22.896551 -1.2068965 -17.694585143360715
22.896551 -1.3793104 -17.685145908646934
22.896551 -1.5517242 -17.684495965431683
22.896551 -1.7241379 -17.692629868248645
22.896551 -1.8965517 -17.709483735297688
22.896551 -2.0689654 -17.734912939070263
22.896551 -2.2413793 -17.76865339214588
22.896551 -2.4137931 -17.8102862839007
22.896551 -2.5862069 -17.85924520891271
22.896551 -2.7586207 -17.91491163488917
22.896551 -2.9310346 -17.976816707220415
22.896551 -3.1034484 -18.044881963649303
22.896551 -3.275862 -18.11952588261283
22.896551 -3.4482758 -18.201438173992862
22.896551 -3.6206896 -18.290974800500184
22.896551 -3.7931035 -18.387417336052028
22.896551 -3.9655173 -18.488595333375066
22.896551 -4.1379309 -18.591407387859572
22.896551 -4.3103447 -18.6933576530091
22.896551 -4.4827585 -18.794282793660393
22.896551 -4.6551723 -18.896769264227945
22.896551 -4.8275862 -19.00458891631349
22.896551 -5.0 -19.120224518483926

23.241379 0.0 -18.32253186581046
23.241379 -0.1724138 -18.235764807925936
23.241379 -0.34482759 -18.15809890692305
23.241379 -0.51724136 -18.089959993756597
23.241379 -0.68965518 -18.031491870838607
23.241379 -0.86206895 -17.983048614986874
23.241379 -1.0344827 -17.94531779754276
23.241379 -1.2068965 -17.91915245628088
23.241379 -1.3793104 -17.90530574588019
23.241379 -1.5517242 -17.90421514576892
23.241379 -1.7241379 -17.91589049817146
23.241379 -1.8965517 -17.93990979968188
23.241379 -2.0689654 -17.975522327673854
23.241379 -2.2413793 -18.021858013391373
23.241379 -2.4137931 -18.078196158845802
23.241379 -2.5862069 -18.14415710674563
23.241379 -2.7586207 -18.21962074605695
23.241379 -2.9310346 -18.304271613152366
23.241379 -3.1034484 -18.396940242284984
23.241379 -3.275862 -18.495212962207543
23.241379 -3.4482758 -18.595870682861037
23.241379 -3.6206896 -18.696324678888054
23.241379 -3.7931035 -18.796281167039535
23.241379 -3.9655173 -18.898162049700357
23.241379 -4.1379309 -19.00558921859405
23.241379 -4.3103447 -19.12094677040728
23.241379 -4.4827585 -19.24366083923815
23.241379 -4.6551723 -19.37015325035212
23.241379 -4.8275862 -19.49566205183578
23.241379 -5.0 -19.617280680828383

23.586206 0.0 -18.73273543504891
23.586206 -0.1724138 -18.63796905263827
23.586206 -0.34482759 -18.545772695269697
23.586206 -0.51724136 -18.458828029893514
23.586206 -0.68965518 -18.380707494218615
23.586206 -0.86206895 -18.31459561168225
23.586206 -1.0344827 -18.262800785021707
23.586206 -1.2068965 -18.22686229476185
23.586206 -1.3793104 -18.2077707400937
23.586206 -1.5517242 -18.2060457639562
23.586206 -1.7241379 -18.2217122813043
23.586206 -1.8965517 -18.254302904701635
23.586206 -2.0689654 -18.302893717844103
23.586206 -2.2413793 -18.366048629110313
23.586206 -2.4137931 -18.441603096714697
23.586206 -2.5862069 -18.526499819314363
23.586206 -2.7586207 -18.617146945286915
23.586206 -2.9310346 -18.710588064077097
23.586206 -3.1034484 -18.805956908430776
23.586206 -3.275862 -18.904936574576883
23.586206 -3.4482758 -19.0104656931364
23.586206 -3.6206896 -19.124469857940927
23.586206 -3.7931035 -19.24614945217175
23.586206 -3.9655173 -19.371845995723064
23.586206 -4.1379309 -19.49677444571288
23.586206 -4.3103447 -19.618005234412816
23.586206 -4.4827585 -19.73659883498827
23.586206 -4.6551723 -19.856640096174615
23.586206 -4.8275862 -19.98171858482824
23.586206 -5.0 -20.111815993704248

23.931034 0.0 -19.17122437436146
23.931034 -0.1724138 -19.06064367510684
23.931034 -0.34482759 -18.96070349011078
23.931034 -0.51724136 -18.871507667829913
23.931034 -0.68965518 -18.79245354215858
23.931034 -0.86206895 -18.723871183493756
23.931034 -1.0344827 -18.667720378773325
23.931034 -1.2068965 -18.62701722243388
23.931034 -1.3793104 -18.60465065541408
23.931034 -1.5517242 -18.602384934134744
23.931034 -1.7241379 -18.62035559267809
23.931034 -1.8965517 -18.65703276281309
23.931034 -2.0689654 -18.709642079004794
23.931034 -2.2413793 -18.775087343259766
23.931034 -2.4137931 -18.851151771864057
23.931034 -2.5862069 -18.937248482662916
23.931034 -2.7586207 -19.03396336891494
23.931034 -2.9310346 -19.141516645210267
23.931034 -3.1034484 -19.258214635094983
23.931034 -3.275862 -19.3800675171098
23.931034 -3.4482758 -19.50219058371148
23.931034 -3.6206896 -19.62154225788921
23.931034 -3.7931035 -19.738966427283035
23.931034 -3.9655173 -19.858283938101106
23.931034 -4.1379309 -19.982877134851616
23.931034 -4.3103447 -20.112617168384084
23.931034 -4.4827585 -20.24337934693965
23.931034 -4.6551723 -20.369620678887774
23.931034 -4.8275862 -20.488618028281564
23.931034 -5.0 -20.602921092839637

24.275862 0.0 -19.670580462459796
24.275862 -0.1724138 -19.5588494650995
24.275862 -0.34482759 -19.44825437719042
24.275862 -0.51724136 -19.341607744721472
24.275862 -0.68965518 -19.243886677470147
24.275862 -0.86206895 -19.160027806231998
24.275862 -1.0344827 -19.093691755325196
24.275862 -1.2068965 -19.047246140940075
24.275862 -1.3793104 -19.02218568727151
24.275862 -1.5517242 -19.01932339266781
24.275862 -1.7241379 -19.038729662371082
24.275862 -1.8965517 -19.079726402677174
24.275862 -2.0689654 -19.140972817227055
24.275862 -2.2413793 -19.220342748393684
24.275862 -2.4137931 -19.314504394608374
24.275862 -2.5862069 -19.418752479093904
24.275862 -2.7586207 -19.52793024841328
24.275862 -2.9310346 -19.638527073286436
24.275862 -3.1034484 -19.750428355512636
24.275862 -3.275862 -19.866277630546495
24.275862 -3.4482758 -19.988521724499797
24.275862 -3.6206896 -20.116522848529176
24.275862 -3.7931035 -20.245970808893713
24.275862 -3.9655173 -20.371275822804037
24.275862 -4.1379309 -20.489670990442622
24.275862 -4.3103447 -20.60361861897089
24.275862 -4.4827585 -20.71893638739842
24.275862 -4.6551723 -20.840478234817834
24.275862 -4.8275862 -20.969137248343312
24.275862 -5.0 -21.101735042286396

24.620689 0.0 -20.17331600844278
24.620689 -0.1724138 -20.051447538496
24.620689 -0.34482759 -19.936833081322607
24.620689 -0.51724136 -19.83263824180571
24.620689 -0.68965518 -19.739846737246104
24.620689 -0.86206895 -19.659144032239748
24.620689 -1.0344827 -19.592610121021096
24.620689 -1.2068965 -19.54380835037354
24.620689 -1.3793104 -19.51648909744702
24.620689 -1.5517242 -19.513098774472518
24.620689 -1.7241379 -19.533904942998767
24.620689 -1.8965517 -19.57690652875122
24.620689 -2.0689654 -19.638528830389063
24.620689 -2.2413793 -19.715017703577573
24.620689 -2.4137931 -19.80389832870577
24.620689 -2.5862069 -19.90430330485199
24.620689 -2.7586207 -20.015592307145027
24.620689 -2.9310346 -20.135318081648233
24.620689 -3.1034484 -20.25847510829152
24.620689 -3.275862 -20.37928904403161
24.620689 -3.4482758 -20.49478847164848
24.620689 -3.6206896 -20.607018000916376
24.620689 -3.7931035 -20.72131264692192
24.620689 -3.9655173 -20.842177769537606
24.620689 -4.1379309 -20.970335449286036
24.620689 -4.3103447 -21.102549992831083
24.620689 -4.4827585 -21.233918570100016
24.620689 -4.6551723 -21.361473635646327
24.620689 -4.8275862 -21.48668688363843
24.620689 -5.0 -21.61442222563065

24.965517 0.0 -20.659558528255506
24.965517 -0.1724138 -20.553318983032472
24.965517 -0.34482759 -20.449743763953546
24.965517 -0.51724136 -20.34743165332166
24.965517 -0.68965518 -20.24905583248855
24.965517 -0.86206895 -20.16026463802217
24.965517 -1.0344827 -20.087129138780963
24.965517 -1.2068965 -20.03444299620438
24.965517 -1.3793104 -20.005345544001205
24.965517 -1.5517242 -20.001460880939657
24.965517 -1.7241379 -20.022978725931047
24.965517 -1.8965517 -20.068665399471907
24.965517 -2.0689654 -20.135820185425096
24.965517 -2.2413793 -20.22011794451731
24.965517 -2.4137931 -20.315737821973034
24.965517 -2.5862069 -20.416648805000698
24.965517 -2.7586207 -20.51909894271531
24.965517 -2.9310346 -20.62339973340377
24.965517 -3.1034484 -20.732849992912882
24.965517 -3.275862 -20.850453536917495
24.965517 -3.4482758 -20.97617865587698
24.965517 -3.6206896 -21.10652906812065
24.965517 -3.7931035 -21.236537812272285
24.965517 -3.9655173 -21.363185185003733
24.965517 -4.1379309 -21.48783763448938
24.965517 -4.3103447 -21.615228608399864
24.965517 -4.4827585 -21.749611280587892
24.965517 -4.6551723 -21.891275178645795
24.965517 -4.8275862 -22.03574327752099
24.965517 -5.0 -22.176290593007465

25.310345 0.0 -21.16910577105276
25.310345 -0.1724138 -21.045860812115237
25.310345 -0.34482759 -20.928178766820658
25.310345 -0.51724136 -20.820899242453066
25.310345 -0.68965518 -20.726967299559345
25.310345 -0.86206895 -20.647608286081084
25.310345 -1.0344827 -20.58380452958662
25.310345 -1.2068965 -20.537506672964113
25.310345 -1.3793104 -20.51142156873566
25.310345 -1.5517242 -20.507669824209106
25.310345 -1.7241379 -20.526549630233415
25.310345 -1.8965517 -20.566357317901172
25.310345 -2.0689654 -20.624389355227137
25.310345 -2.2413793 -20.698393344366455
25.310345 -2.4137931 -20.787205011612414
25.310345 -2.5862069 -20.8898871796761
25.310345 -2.7586207 -21.004152108416676
25.310345 -2.9310346 -21.125649864542986
25.310345 -3.1034484 -21.249180492634615
25.310345 -3.275862 -21.371486286925578
25.310345 -3.4482758 -21.493440973110104
25.310345 -3.6206896 -21.619162938938913
25.310345 -3.7931035 -21.75242044847477
25.310345 -3.9655173 -21.893243144642973
25.310345 -4.1379309 -22.03706205876889
25.310345 -4.3103447 -22.177136085784582
25.310345 -4.4827585 -22.309404886140562
25.310345 -4.6551723 -22.43609572554267
25.310345 -4.8275862 -22.564173949134627
25.310345 -5.0 -22.70010174452201

25.655172 0.0 -21.68446311338243
25.655172 -0.1724138 -21.562615806949584
25.655172 -0.34482759 -21.449674927367337
25.655172 -0.51724136 -21.34360098647351
25.655172 -0.68965518 -21.24436523680761
25.655172 -0.86206895 -21.155110430185488
25.655172 -1.0344827 -21.08092765839064
25.655172 -1.2068965 -21.026842539864166
25.655172 -1.3793104 -20.996542501992504
25.655172 -1.5517242 -20.992004794865796
25.655172 -1.7241379 -21.01349766285878
25.655172 -1.8965517 -21.059592219085452
25.655172 -2.0689654 -21.12713634959973
25.655172 -2.2413793 -21.211444117068126
25.655172 -2.4137931 -21.307233993152074
25.655172 -2.5862069 -21.410507234639383
25.655172 -2.7586207 -21.520258910662317
25.655172 -2.9310346 -21.638177447777693
25.655172 -3.1034484 -21.76604720623841
25.655172 -3.275862 -21.902800614311033
25.655172 -3.4482758 -22.043472887984397
25.655172 -3.6206896 -22.181250813492554
25.655172 -3.7931035 -22.312018056267657
25.655172 -3.9655173 -22.437821708942884
25.655172 -4.1379309 -22.56538269431569
25.655172 -4.3103447 -22.700974623768563
25.655172 -4.4827585 -22.84627134706577
25.655172 -4.6551723 -22.99731089587459
25.655172 -4.8275862 -23.146476688810548
25.655172 -5.0 -23.28715519626678

26.0 0.0 -22.248994157749966
26.0 -0.1724138 -22.12241908954879
26.0 -0.34482759 -21.994859564639437
26.0 -0.51724136 -21.872823708708573
26.0 -0.68965518 -21.762961498278823
26.0 -0.86206895 -21.669818648595683
26.0 -1.0344827 -21.596033102275722
26.0 -1.2068965 -21.543558902664603
26.0 -1.3793104 -21.51430521756072
26.0 -1.5517242 -21.509715389108745
26.0 -1.7241379 -21.530021257453317
26.0 -1.8965517 -21.574104120168922
26.0 -2.0689654 -21.64012686303534
26.0 -2.2413793 -21.726186100244227
26.0 -2.4137931 -21.830046835215082
26.0 -2.5862069 -21.947967810648198
26.0 -2.7586207 -22.07392795401592
26.0 -2.9310346 -22.200939027891074
26.0 -3.1034484 -22.324628721552212
26.0 -3.275862 -22.44621060358166
26.0 -3.4482758 -22.57128230037861
26.0 -3.6206896 -22.705242513442084
26.0 -3.7931035 -22.849316820638286
26.0 -3.9655173 -22.99938983963357
26.0 -4.1379309 -23.147821524490364
26.0 -4.3103447 -23.287997872177943
26.0 -4.4827585 -23.419154142348955
26.0 -4.6551723 -23.546602929949515
26.0 -4.8275862 -23.676678686657166
26.0 -5.0 -23.811641533309814
