# KROME file, XRAY H rate
# Xray rate including primary and secondary H ionization in 1/s
# first line indicates the size of the table (30x30)
# then first column is the parameter log10(nH), where nH is the H column density in cm-2
# second column is log10(xHe), where xHe = nHe/nH both in cm-2
# third column is log10(rate), where rate is in units of 1/s

16.0 0.0 -11.993006341318512
16.0 -0.1724138 -11.992969582816169
16.0 -0.34482759 -11.992940254723319
16.0 -0.51724136 -11.992917198339441
16.0 -0.68965518 -11.992899502659181
16.0 -0.86206895 -11.99288646845765
16.0 -1.0344827 -11.992877580662775
16.0 -1.2068965 -11.992872488042245
16.0 -1.3793104 -11.992870989340844
16.0 -1.5517242 -11.992873025326652
16.0 -1.7241379 -11.992878676444995
16.0 -1.8965517 -11.992888166014042
16.0 -2.0689654 -11.99290186900849
16.0 -2.2413793 -11.992920326916744
16.0 -2.4137931 -11.992944269012895
16.0 -2.5862069 -11.9929746412217
16.0 -2.7586207 -11.993012643378284
16.0 -2.9310346 -11.993059776568268
16.0 -3.1034484 -11.993117902157504
16.0 -3.275862 -11.993189315157533
16.0 -3.4482758 -11.993276834764712
16.0 -3.6206896 -11.993383914691275
16.0 -3.7931035 -11.99351477914061
16.0 -3.9655173 -11.993674587982824
16.0 -4.1379309 -11.993869638829713
16.0 -4.3103447 -11.994107613515792
16.0 -4.4827585 -11.994397875816334
16.0 -4.6551723 -11.994751835543294
16.0 -4.8275862 -11.995183389362095
16.0 -5.0 -11.99570945378465

16.344828 0.0 -11.99327873821233
16.344828 -0.1724138 -11.993197442922613
16.344828 -0.34482759 -11.993132577877088
16.344828 -0.51724136 -11.993081582188063
16.344828 -0.68965518 -11.993042442120121
16.344828 -0.86206895 -11.993013611895487
16.344828 -1.0344827 -11.992993952744971
16.344828 -1.2068965 -11.992982688079996
16.344828 -1.3793104 -11.992979372891451
16.344828 -1.5517242 -11.992983876187909
16.344828 -1.7241379 -11.992996375812439
16.344828 -1.8965517 -11.993017365492868
16.344828 -2.0689654 -11.993047674225208
16.344828 -2.2413793 -11.993088499056384
16.344828 -2.4137931 -11.99314145200782
16.344828 -2.5862069 -11.993208623724824
16.344828 -2.7586207 -11.99329266559247
16.344828 -2.9310346 -11.993396893997488
16.344828 -3.1034484 -11.993525420222156
16.344828 -3.275862 -11.993683311713179
16.344828 -3.4482758 -11.993876790839192
16.344828 -3.6206896 -11.994113476685957
16.344828 -3.7931035 -11.994402682470406
16.344828 -3.9655173 -11.994755775903437
16.344828 -4.1379309 -11.995186618729837
16.344828 -4.3103447 -11.995712100860603
16.344828 -4.4827585 -11.996352782453334
16.344828 -4.6551723 -11.99713367480418
16.344828 -4.8275862 -11.99808517906081
16.344828 -5.0 -11.999244211211114

16.689655 0.0 -11.993881043192664
16.689655 -0.1724138 -11.993701310974362
16.689655 -0.34482759 -11.9935578895427
16.689655 -0.51724136 -11.993445125460484
16.689655 -0.68965518 -11.993358571778389
16.689655 -0.86206895 -11.99329481409391
16.689655 -1.0344827 -11.993251336546804
16.689655 -1.2068965 -11.993226423183028
16.689655 -1.3793104 -11.993219090581762
16.689655 -1.5517242 -11.993229049170056
16.689655 -1.7241379 -11.99325669178974
16.689655 -1.8965517 -11.993303109200715
16.689655 -2.0689654 -11.993370132726458
16.689655 -2.2413793 -11.993460406362583
16.689655 -2.4137931 -11.993577489923418
16.689655 -2.5862069 -11.993725998839437
16.689655 -2.7586207 -11.993911784296241
16.689655 -2.9310346 -11.99414216161257
16.689655 -3.1034484 -11.994426194208495
16.689655 -3.275862 -11.994775045328762
16.689655 -3.4482758 -11.995202410244321
16.689655 -3.6206896 -11.995725040024928
16.689655 -3.7931035 -11.996363382940052
16.689655 -3.9655173 -11.997142357098195
16.689655 -4.1379309 -11.998092286334996
16.689655 -4.3103447 -11.999250027699647
16.689655 -4.4827585 -12.000660311635283
16.689655 -4.6551723 -12.00237735051407
16.689655 -4.8275862 -12.00446673911786
16.689655 -5.0 -12.007007682839358

17.034483 0.0 -11.995212038277504
17.034483 -0.1724138 -11.99481497082923
17.034483 -0.34482759 -11.994498052693762
17.034483 -0.51724136 -11.994248834879116
17.034483 -0.68965518 -11.994057518206327
17.034483 -0.86206895 -11.993916574639114
17.034483 -1.0344827 -11.993820454880417
17.034483 -1.2068965 -11.993765372772215
17.034483 -1.3793104 -11.993749157831775
17.034483 -1.5517242 -11.993771170478142
17.034483 -1.7241379 -11.993832276902062
17.034483 -1.8965517 -11.993934882906144
17.034483 -2.0689654 -11.994083027098652
17.034483 -2.2413793 -11.994282538391145
17.034483 -2.4137931 -11.994541260964716
17.034483 -2.5862069 -11.994869358606708
17.034483 -2.7586207 -11.995279705803098
17.034483 -2.9310346 -11.995788381878068
17.034483 -3.1034484 -11.996415282690693
17.034483 -3.275862 -11.997184874182624
17.034483 -3.4482758 -11.998127112041484
17.034483 -3.6206896 -11.99927854630911
17.034483 -3.7931035 -12.000683660034438
17.034483 -3.9655173 -12.002396459592852
17.034483 -4.1379309 -12.004482368931201
17.034483 -4.3103447 -12.007020463200824
17.034483 -4.4827585 -12.010106048761099
17.034483 -4.6551723 -12.013853654063993
17.034483 -4.8275862 -12.018400399098406
17.034483 -5.0 -12.023909700560928

17.379311 0.0 -11.998149462820178
17.379311 -0.1724138 -11.997273699284023
17.379311 -0.34482759 -11.99657437367896
17.379311 -0.51724136 -11.996024227501803
17.379311 -0.68965518 -11.995601770570394
17.379311 -0.86206895 -11.995290473151918
17.379311 -1.0344827 -11.995078138812731
17.379311 -1.2068965 -11.994956440165874
17.379311 -1.3793104 -11.9949206003586
17.379311 -1.5517242 -11.994969209473817
17.379311 -1.7241379 -11.995104169729922
17.379311 -1.8965517 -11.995330768115029
17.379311 -2.0689654 -11.995657876953231
17.379311 -2.2413793 -11.996098292460209
17.379311 -2.4137931 -11.996669216737958
17.379311 -2.5862069 -11.997392907041029
17.379311 -2.7586207 -11.998297504879943
17.379311 -2.9310346 -11.999418075307057
17.379311 -3.1034484 -12.000797880051024
17.379311 -3.275862 -12.002489925694135
17.379311 -3.4482758 -12.004558822061192
17.379311 -3.6206896 -12.007082965423283
17.379311 -3.7931035 -12.010157114989914
17.379311 -3.9655173 -12.01389534367887
17.379311 -4.1379309 -12.018434393812223
17.379311 -4.3103447 -12.023937393827092
17.379311 -4.4827585 -12.030597778057501
17.379311 -4.6551723 -12.038643305029913
17.379311 -4.8275862 -12.048339764786027
17.379311 -5.0 -12.059993828150496

17.724138 0.0 -12.004613360203374
17.724138 -0.1724138 -12.002688845231456
17.724138 -0.34482759 -12.001150409814235
17.724138 -0.51724136 -11.999939121309653
17.724138 -0.68965518 -11.99900835320448
17.724138 -0.86206895 -11.998322142262785
17.724138 -1.0344827 -11.997853896699432
17.724138 -1.2068965 -11.997585430835766
17.724138 -1.3793104 -11.997506297961129
17.724138 -1.5517242 -11.997613403337228
17.724138 -1.7241379 -11.997910886831189
17.724138 -1.8965517 -11.998410272765774
17.724138 -2.0689654 -11.999130886398639
17.724138 -2.2413793 -12.000100554974097
17.724138 -2.4137931 -12.001356597949723
17.724138 -2.5862069 -12.002947147158796
17.724138 -2.7586207 -12.004932806729919
17.724138 -2.9310346 -12.007388692920463
17.724138 -3.1034484 -12.010406866616627
17.724138 -3.275862 -12.014099191334285
17.724138 -3.4482758 -12.01860060978011
17.724138 -3.6206896 -12.024072749900077
17.724138 -3.7931035 -12.030707836270825
17.724138 -3.9655173 -12.038732620565728
17.724138 -4.1379309 -12.048412058721071
17.724138 -4.3103447 -12.060052183509287
17.724138 -4.4827585 -12.074001251297915
17.724138 -4.6551723 -12.090648250224739
17.724138 -4.8275862 -12.110417211157612
17.724138 -5.0 -12.133755767029205

18.068966 0.0 -12.018746094231316
18.068966 -0.1724138 -12.014551121083077
18.068966 -0.34482759 -12.011189701990839
18.068966 -0.51724136 -12.008538072283477
18.068966 -0.68965518 -12.006497508433918
18.068966 -0.86206895 -12.004991380779316
18.068966 -1.0344827 -12.003962753049679
18.068966 -1.2068965 -12.003372543161793
18.068966 -1.3793104 -12.003198227936021
18.068966 -1.5517242 -12.003433079481084
18.068966 -1.7241379 -12.004085924247399
18.068966 -1.8965517 -12.005181422298563
18.068966 -2.0689654 -12.006760857533045
18.068966 -2.2413793 -12.008883458278705
18.068966 -2.4137931 -12.011628223578299
18.068966 -2.5862069 -12.015096289891362
18.068966 -2.7586207 -12.019413777793044
18.068966 -2.9310346 -12.024735086505991
18.068966 -3.1034484 -12.031246491503747
18.068966 -3.275862 -12.039169872149476
18.068966 -3.4482758 -12.048766214926294
18.068966 -3.6206896 -12.060338245774208
18.068966 -3.7931035 -12.074231555590222
18.068966 -3.9655173 -12.09083291876055
18.068966 -4.1379309 -12.110564538773637
18.068966 -4.3103447 -12.133872648884168
18.068966 -4.4827585 -12.161209034483857
18.068966 -4.6551723 -12.193006071165552
18.068966 -4.8275862 -12.22964833312416
18.068966 -5.0 -12.271449684710173

18.413794 0.0 -12.049206020554402
18.413794 -0.1724138 -12.040226126083471
18.413794 -0.34482759 -12.032992162945837
18.413794 -0.51724136 -12.027261560446682
18.413794 -0.68965518 -12.022836977731048
18.413794 -0.86206895 -12.019562906454182
18.413794 -1.0344827 -12.017322472016772
18.413794 -1.2068965 -12.016034748674363
18.413794 -1.3793104 -12.015652743915428
18.413794 -1.5517242 -12.01616214675503
18.413794 -1.7241379 -12.017580883709899
18.413794 -1.8965517 -12.01995949013854
18.413794 -2.0689654 -12.023382241100002
18.413794 -2.2413793 -12.027968995341952
18.413794 -2.4137931 -12.033877547415667
18.413794 -2.5862069 -12.041306332716854
18.413794 -2.7586207 -12.050497025209992
18.413794 -2.9310346 -12.061736509116319
18.413794 -3.1034484 -12.075357334537141
18.413794 -3.275862 -12.09173560033185
18.413794 -3.4482758 -12.111284821923093
18.413794 -3.6206896 -12.134444022705914
18.413794 -3.7931035 -12.161659195872991
18.413794 -3.9655173 -12.193357939404757
18.413794 -4.1379309 -12.22992091293171
18.413794 -4.3103447 -12.27165895580735
18.413794 -4.4827585 -12.318811599397776
18.413794 -4.6551723 -12.371588703204067
18.413794 -4.8275862 -12.43026865022863
18.413794 -5.0 -12.495336745901112

18.758621 0.0 -12.112795090048841
18.758621 -0.1724138 -12.09433192043528
18.758621 -0.34482759 -12.07928187185458
18.758621 -0.51724136 -12.067246914515215
18.758621 -0.68965518 -12.057886018516703
18.758621 -0.86206895 -12.050919758453713
18.758621 -1.0344827 -12.046131918824933
18.758621 -1.2068965 -12.043369470327184
18.758621 -1.3793104 -12.042541838838023
18.758621 -1.5517242 -12.043620087157041
18.758621 -1.7241379 -12.046636336505923
18.758621 -1.8965517 -12.05168349516375
18.758621 -2.0689654 -12.058915045376091
18.758621 -2.2413793 -12.068544478647214
18.758621 -2.4137931 -12.080843458655082
18.758621 -2.5862069 -12.09613775698329
18.758621 -2.7586207 -12.11479934255928
18.758621 -2.9310346 -12.13723315222135
18.758621 -3.1034484 -12.163857181142752
18.758621 -3.275862 -12.195076192113314
18.758621 -3.4482758 -12.231252313780042
18.758621 -3.6206896 -12.272681019047067
18.758621 -3.7931035 -12.31958927391346
18.758621 -3.9655173 -12.372176130127356
18.758621 -4.1379309 -12.43071036191106
18.758621 -4.3103447 -12.495668718676999
18.758621 -4.4827585 -12.567843418273188
18.758621 -4.6551723 -12.648299077003083
18.758621 -4.8275862 -12.73806572803245
18.758621 -5.0 -12.837562458091496

19.103449 0.0 -12.23673689840322
19.103449 -0.1724138 -12.201889702301035
19.103449 -0.34482759 -12.172789210536129
19.103449 -0.51724136 -12.149051433788406
19.103449 -0.68965518 -12.130291928428365
19.103449 -0.86206895 -12.116156783588826
19.103449 -1.0344827 -12.106347578649018
19.103449 -1.2068965 -12.100639088765396
19.103449 -1.3793104 -12.098890223130098
19.103449 -1.5517242 -12.101049235530427
19.103449 -1.7241379 -12.107153989204239
19.103449 -1.8965517 -12.117327483992126
19.103449 -2.0689654 -12.131768100019817
19.103449 -2.2413793 -12.150733803930937
19.103449 -2.4137931 -12.174519258649179
19.103449 -2.5862069 -12.2034265659946
19.103449 -2.7586207 -12.237732692569093
19.103449 -2.9310346 -12.277662648308587
19.103449 -3.1034484 -12.32338426361941
19.103449 -3.275862 -12.37504585876546
19.103449 -3.4482758 -12.432871046571174
19.103449 -3.6206896 -12.497294423748281
19.103449 -3.7931035 -12.569069211835522
19.103449 -3.9655173 -12.649224911797637
19.103449 -4.1379309 -12.738762615874604
19.103449 -4.3103447 -12.83808075621763
19.103449 -4.4827585 -12.94631374257274
19.103449 -4.6551723 -13.060984703021381
19.103449 -4.8275862 -13.178492382299538
19.103449 -5.0 -13.295668938731426

19.448277 0.0 -12.450522640457011
19.448277 -0.1724138 -12.393149532550135
19.448277 -0.34482759 -12.343728163285935
19.448277 -0.51724136 -12.302172052108567
19.448277 -0.68965518 -12.268422216892223
19.448277 -0.86206895 -12.242397426279057
19.448277 -1.0344827 -12.223988861074597
19.448277 -1.2068965 -12.213079409609035
19.448277 -1.3793104 -12.209568058913714
19.448277 -1.5517242 -12.213386613174618
19.448277 -1.7241379 -12.224502593018277
19.448277 -1.8965517 -12.242907428310595
19.448277 -2.0689654 -12.26859372462868
19.448277 -2.2413793 -12.301531803593184
19.448277 -2.4137931 -12.341662267211332
19.448277 -2.5862069 -12.388927603221399
19.448277 -2.7586207 -12.443358886826648
19.448277 -2.9310346 -12.505205964068509
19.448277 -3.1034484 -12.57504470926407
19.448277 -3.275862 -12.653742525966388
19.448277 -3.4482758 -12.742165394054874
19.448277 -3.6206896 -12.840611893761329
19.448277 -3.7931035 -12.948154081600858
19.448277 -3.9655173 -13.062282343760694
19.448277 -4.1379309 -13.179379686939232
19.448277 -4.3103447 -13.296265340324751
19.448277 -4.4827585 -13.412049792688341
19.448277 -4.6551723 -13.528597818822714
19.448277 -4.8275862 -13.648712155968381
19.448277 -5.0 -13.773371246804922

19.793104 0.0 -12.78265499531516
19.793104 -0.1724138 -12.69462702283227
19.793104 -0.34482759 -12.618235832119888
19.793104 -0.51724136 -12.553339719617785
19.793104 -0.68965518 -12.499830364109748
19.793104 -0.86206895 -12.457782275038772
19.793104 -1.0344827 -12.427400142907093
19.793104 -1.2068965 -12.408894407734088
19.793104 -1.3793104 -12.402373072347869
19.793104 -1.5517242 -12.407781976002846
19.793104 -1.7241379 -12.424896329957202
19.793104 -1.8965517 -12.453363771969324
19.793104 -2.0689654 -12.49280275302882
19.793104 -2.2413793 -12.542947504709433
19.793104 -2.4137931 -12.603786330986326
19.793104 -2.5862069 -12.67558449420969
19.793104 -2.7586207 -12.758664703267232
19.793104 -2.9310346 -12.852904213041697
19.793104 -3.1034484 -12.957100049004486
19.793104 -3.275862 -13.068595346010566
19.793104 -3.4482758 -13.183701204191422
19.793104 -3.6206896 -13.299172673827133
19.793104 -3.7931035 -13.414016857998435
19.793104 -3.9655173 -13.529958341430168
19.793104 -4.1379309 -13.6496679922693
19.793104 -4.3103447 -13.77403765000603
19.793104 -4.4827585 -13.900792039246234
19.793104 -4.6551723 -14.025770290358617
19.793104 -4.8275862 -14.146232186018194
19.793104 -5.0 -14.263455724127502

20.137932 0.0 -13.247886910857144
20.137932 -0.1724138 -13.136013346297783
20.137932 -0.34482759 -13.03083087926853
20.137932 -0.51724136 -12.936296262304602
20.137932 -0.68965518 -12.855619172117972
20.137932 -0.86206895 -12.790902011010676
20.137932 -1.0344827 -12.743380894349693
20.137932 -1.2068965 -12.71375600686109
20.137932 -1.3793104 -12.702368386126281
20.137932 -1.5517242 -12.70925031392547
20.137932 -1.7241379 -12.734158526004679
20.137932 -1.8965517 -12.77662351782861
20.137932 -2.0689654 -12.835930077894066
20.137932 -2.2413793 -12.910909522535205
20.137932 -2.4137931 -12.99955092967251
20.137932 -2.5862069 -13.09871218505796
20.137932 -2.7586207 -13.204437828402616
20.137932 -2.9310346 -13.313209489884482
20.137932 -3.1034484 -13.423564865961728
20.137932 -3.275862 -13.536586239266587
20.137932 -3.4482758 -13.654334969792526
20.137932 -3.6206896 -13.777295706990992
20.137932 -3.7931035 -13.903001299170356
20.137932 -3.9655173 -14.02722299065191
20.137932 -4.1379309 -14.14718037011954
20.137932 -4.3103447 -14.264091741752535
20.137932 -4.4827585 -14.382401030258354
20.137932 -4.6551723 -14.506293948438154
20.137932 -4.8275862 -14.636614795091031
20.137932 -5.0 -14.77031827883235

20.482758 0.0 -13.74324913446249
20.482758 -0.1724138 -13.627116043704607
20.482758 -0.34482759 -13.51914228961425
20.482758 -0.51724136 -13.420004127263462
20.482758 -0.68965518 -13.330952888457029
20.482758 -0.86206895 -13.254785552206641
20.482758 -1.0344827 -13.195340049684113
20.482758 -1.2068965 -13.156277650917351
20.482758 -1.3793104 -13.140101628550708
20.482758 -1.5517242 -13.14769436914359
20.482758 -1.7241379 -13.178207008198722
20.482758 -1.8965517 -13.229171969241829
20.482758 -2.0689654 -13.29694303733989
20.482758 -2.2413793 -13.37764927153115
20.482758 -2.4137931 -13.468455030571327
20.482758 -2.5862069 -13.568234933859205
20.482758 -2.7586207 -13.676794565134683
20.482758 -2.9310346 -13.793031218081135
20.482758 -3.1034484 -13.913695778408083
20.482758 -3.275862 -14.034271711696896
20.482758 -3.4482758 -14.151793182957558
20.482758 -3.6206896 -14.26719132647732
20.482758 -3.7931035 -14.384567018648944
20.482758 -3.9655173 -14.50783643984647
20.482758 -4.1379309 -14.637698572002572
20.482758 -4.3103447 -14.771054248089655
20.482758 -4.4827585 -14.903118753448625
20.482758 -4.6551723 -15.031000786346542
20.482758 -4.8275862 -15.156020554806505
20.482758 -5.0 -15.282384776845534

20.827587 0.0 -14.25193517031832
20.827587 -0.1724138 -14.14018942012117
20.827587 -0.34482759 -14.030468069855848
20.827587 -0.51724136 -13.92502978364033
20.827587 -0.68965518 -13.828620826419266
20.827587 -0.86206895 -13.746361338013811
20.827587 -1.0344827 -13.682461668094613
20.827587 -1.2068965 -13.640034511859925
20.827587 -1.3793104 -13.621138936944432
20.827587 -1.5517242 -13.626607831546789
20.827587 -1.7241379 -13.655924581273986
20.827587 -1.8965517 -13.707404453136158
20.827587 -2.0689654 -13.778433384045076
20.827587 -2.2413793 -13.865386818822952
20.827587 -2.4137931 -13.963485941481018
20.827587 -2.5862069 -14.067525624952905
20.827587 -2.7586207 -14.173851044239376
20.827587 -2.9310346 -14.282173220215004
20.827587 -3.1034484 -14.395101452425655
20.827587 -3.275862 -14.515360622463202
20.827587 -3.4482758 -14.642995947677129
20.827587 -3.6206896 -14.774658942747713
20.827587 -3.7931035 -14.905494426118091
20.827587 -3.9655173 -15.032556114274826
20.827587 -4.1379309 -15.157064824086614
20.827587 -4.3103447 -15.283109860590937
20.827587 -4.4827585 -15.413812110082686
20.827587 -4.6551723 -15.548402156299801
20.827587 -4.8275862 -15.682513174008871
20.827587 -5.0 -15.811607753066692

21.172413 0.0 -14.768606194962391
21.172413 -0.1724138 -14.643787156989408
21.172413 -0.34482759 -14.527037604240537
21.172413 -0.51724136 -14.421829241426448
21.172413 -0.68965518 -14.329731871021508
21.172413 -0.86206895 -14.251802764731664
21.172413 -1.0344827 -14.190065221584243
21.172413 -1.2068965 -14.147640598804704
21.172413 -1.3793104 -14.127567313793953
21.172413 -1.5517242 -14.131395490727318
21.172413 -1.7241379 -14.158470515352302
21.172413 -1.8965517 -14.206223636033183
21.172413 -2.0689654 -14.271360706252063
21.172413 -2.2413793 -14.351324210377326
21.172413 -2.4137931 -14.444901366341613
21.172413 -2.5862069 -14.551294735315311
21.172413 -2.7586207 -14.66840557891853
21.172413 -2.9310346 -14.792006349636885
21.172413 -3.1034484 -14.916969496283123
21.172413 -3.275862 -15.040096633385293
21.172413 -3.4482758 -15.162141433404146
21.172413 -3.6206896 -15.28663718290893
21.172413 -3.7931035 -15.416282949077218
21.172413 -3.9655173 -15.550093136127508
21.172413 -4.1379309 -15.683626789523101
21.172413 -4.3103447 -15.812323677457998
21.172413 -4.4827585 -15.935512520349649
21.172413 -4.6551723 -16.0573021052066
21.172413 -4.8275862 -16.183282299358435
21.172413 -5.0 -16.31621183401786

21.517242 0.0 -15.293350015417877
21.517242 -0.1724138 -15.174679994579462
21.517242 -0.34482759 -15.061932250055483
21.517242 -0.51724136 -14.954460913821366
21.517242 -0.68965518 -14.854357709410055
21.517242 -0.86206895 -14.766311029968618
21.517242 -1.0344827 -14.695754485052028
21.517242 -1.2068965 -14.647215881272418
21.517242 -1.3793104 -14.623654022493923
21.517242 -1.5517242 -14.626383257804166
21.517242 -1.7241379 -14.65511584523198
21.517242 -1.8965517 -14.707973761983446
21.517242 -2.0689654 -14.781460887879863
21.517242 -2.2413793 -14.87063617087525
21.517242 -2.4137931 -14.97006539183954
21.517242 -2.5862069 -15.075709933801258
21.517242 -2.7586207 -15.186492467098505
21.517242 -2.9310346 -15.30370188104982
21.517242 -3.1034484 -15.428281706420053
21.517242 -3.275862 -15.558322391550607
21.517242 -3.4482758 -15.689059945760173
21.517242 -3.6206896 -15.815827274075602
21.517242 -3.7931035 -15.937805160933799
21.517242 -3.9655173 -16.058870731198855
21.517242 -4.1379309 -16.18439449488293
21.517242 -4.3103447 -16.31700044939415
21.517242 -4.4827585 -16.454546814631623
21.517242 -4.6551723 -16.591310527455974
21.517242 -4.8275862 -16.721861113734274
21.517242 -5.0 -16.84534676143222

21.862068 0.0 -15.830527561073005
21.862068 -0.1724138 -15.710291831017619
21.862068 -0.34482759 -15.590800410480522
21.862068 -0.51724136 -15.477315592790331
21.862068 -0.68965518 -15.375332783246563
21.862068 -0.86206895 -15.288898029136211
21.862068 -1.0344827 -15.220903633464669
21.862068 -1.2068965 -15.17396232491941
21.862068 -1.3793104 -15.150470248611454
21.862068 -1.5517242 -15.151830035572821
21.862068 -1.7241379 -15.177773137968119
21.862068 -1.8965517 -15.226515970662769
21.862068 -2.0689654 -15.295608015901204
21.862068 -2.2413793 -15.382568172694233
21.862068 -2.4137931 -15.484513392823615
21.862068 -2.5862069 -15.597182394516183
21.862068 -2.7586207 -15.714904611891846
21.862068 -2.9310346 -15.832635291509112
21.862068 -3.1034484 -15.948889198304938
21.862068 -3.275862 -16.066490240479858
21.862068 -3.4482758 -16.189806372719794
21.862068 -3.6206896 -16.320836670043825
21.862068 -3.7931035 -16.457175671734372
21.862068 -3.9655173 -16.593031158057578
21.862068 -4.1379309 -16.722955223992308
21.862068 -4.3103447 -16.84605262779879
21.862068 -4.4827585 -16.96679895451554
21.862068 -4.6551723 -17.09138103403114
21.862068 -4.8275862 -17.223151656042674
21.862068 -5.0 -17.360691685585564

22.206898 0.0 -16.34512709219444
22.206898 -0.1724138 -16.220265334779462
22.206898 -0.34482759 -16.10574404541186
22.206898 -0.51724136 -16.0018235887138
22.206898 -0.68965518 -15.90782621904452
22.206898 -0.86206895 -15.824726601377257
22.206898 -1.0344827 -15.756086266755451
22.206898 -1.2068965 -15.706839988080684
22.206898 -1.3793104 -15.681326853494896
22.206898 -1.5517242 -15.681898411055412
22.206898 -1.7241379 -15.708349493407436
22.206898 -1.8965517 -15.757961113673934
22.206898 -2.0689654 -15.826174678630851
22.206898 -2.2413793 -15.908102412938847
22.206898 -2.4137931 -16.00050552865444
22.206898 -2.5862069 -16.102802128408147
22.206898 -2.7586207 -16.215866590622163
22.206898 -2.9310346 -16.339381911579807
22.206898 -3.1034484 -16.46991245855505
22.206898 -3.275862 -16.60139012452613
22.206898 -3.4482758 -16.728291060870628
22.206898 -3.6206896 -16.849509219751557
22.206898 -3.7931035 -16.969150831647447
22.206898 -3.9655173 -17.093048643867835
22.206898 -4.1379309 -17.2243391364925
22.206898 -4.3103447 -17.361513985594502
22.206898 -4.4827585 -17.49963638901719
22.206898 -4.6551723 -17.633894390097858
22.206898 -4.8275862 -17.76339148744506
22.206898 -5.0 -17.891886219685894

22.551723 0.0 -16.878077823354293
22.551723 -0.1724138 -16.763568377710993
22.551723 -0.34482759 -16.6486407710088
22.551723 -0.51724136 -16.535347074855164
22.551723 -0.68965518 -16.429430894806174
22.551723 -0.86206895 -16.337388849281155
22.551723 -1.0344827 -16.2643505983841
22.551723 -1.2068965 -16.213728082417447
22.551723 -1.3793104 -16.187655589091136
22.551723 -1.5517242 -16.187208482260072
22.551723 -1.7241379 -16.212335389710297
22.551723 -1.8965517 -16.261891861173208
22.551723 -2.0689654 -16.33373076133361
22.551723 -2.2413793 -16.424441978087074
22.551723 -2.4137931 -16.528876679983828
22.551723 -2.5862069 -16.640512622241843
22.551723 -2.7586207 -16.753601028126585
22.551723 -2.9310346 -16.866113306606024
22.551723 -3.1034484 -16.98053756107744
22.551723 -3.275862 -17.101145499367377
22.551723 -3.4482758 -17.23010592868542
22.551723 -3.6206896 -17.365502436539042
22.551723 -3.7931035 -17.502286415221604
22.551723 -3.9655173 -17.635612326809344
22.551723 -4.1379309 -17.764518030757397
22.551723 -4.3103447 -17.892654379658286
22.551723 -4.4827585 -18.02497535702941
22.551723 -4.6551723 -18.16339156583527
22.551723 -4.8275862 -18.304863317096462
22.551723 -5.0 -18.443186911741453

22.896551 0.0 -17.403448163404935
22.896551 -0.1724138 -17.274765199238615
22.896551 -0.34482759 -17.154618767485854
22.896551 -0.51724136 -17.046511634070185
22.896551 -0.68965518 -16.951528954921276
22.896551 -0.86206895 -16.86999017459185
22.896551 -1.0344827 -16.803476140170417
22.896551 -1.2068965 -16.75536305159508
22.896551 -1.3793104 -16.729526781704976
22.896551 -1.5517242 -16.728477574232997
22.896551 -1.7241379 -16.752191146954658
22.896551 -1.8965517 -16.7981147997182
22.896551 -2.0689654 -16.86234740414676
22.896551 -2.2413793 -16.941515360859796
22.896551 -2.4137931 -17.03408013650036
22.896551 -2.5862069 -17.139821350138632
22.896551 -2.7586207 -17.257814981875022
22.896551 -2.9310346 -17.38473069801798
22.896551 -3.1034484 -17.515109747677915
22.896551 -3.275862 -17.643964175864895
22.896551 -3.4482758 -17.770022370072123
22.896551 -3.6206896 -17.8964232671804
22.896551 -3.7931035 -18.02763048778339
22.896551 -3.9655173 -18.16524985937553
22.896551 -4.1379309 -18.3061156375508
22.896551 -4.3103447 -18.443993580479088
22.896551 -4.4827585 -18.574166120364616
22.896551 -4.6551723 -18.697522047828503
22.896551 -4.8275862 -18.819986509527816
22.896551 -5.0 -18.947788219538428

23.241379 0.0 -17.938136905057377
23.241379 -0.1724138 -17.81746694844696
23.241379 -0.34482759 -17.702231298303452
23.241379 -0.51724136 -17.5911828428199
23.241379 -0.68965518 -17.486498819031592
23.241379 -0.86206895 -17.393319938734965
23.241379 -1.0344827 -17.31749208587372
23.241379 -1.2068965 -17.263767456053294
23.241379 -1.3793104 -17.235239853090214
23.241379 -1.5517242 -17.233420957178804
23.241379 -1.7241379 -17.25835611534744
23.241379 -1.8965517 -17.3086384636714
23.241379 -2.0689654 -17.381307552854846
23.241379 -2.2413793 -17.47174294282305
23.241379 -2.4137931 -17.574130277418842
23.241379 -2.5862069 -17.68315296589864
23.241379 -2.7586207 -17.796302415621696
23.241379 -2.9310346 -17.914618477424597
23.241379 -3.1034484 -18.04051127075507
23.241379 -3.275862 -18.174279840584852
23.241379 -3.4482758 -18.312207289541593
23.241379 -3.6206896 -18.447921582120824
23.241379 -3.7931035 -18.576651252344927
23.241379 -3.9655173 -18.699140484343225
23.241379 -4.1379309 -18.821100590517055
23.241379 -4.3103447 -18.9485825288523
23.241379 -4.4827585 -19.083719983441558
23.241379 -4.6551723 -19.22361594158992
23.241379 -4.8275862 -19.36235092590291
23.241379 -5.0 -19.495099437733874

23.586206 0.0 -18.494193485059792
23.586206 -0.1724138 -18.36795852200325
23.586206 -0.34482759 -18.24210690584461
23.586206 -0.51724136 -18.123360118611085
23.586206 -0.68965518 -18.01736555920961
23.586206 -0.86206895 -17.927539856267785
23.586206 -1.0344827 -17.856098065209103
23.586206 -1.2068965 -17.80537718514095
23.586206 -1.3793104 -17.777961140951017
23.586206 -1.5517242 -17.775679541304655
23.586206 -1.7241379 -17.798616716732976
23.586206 -1.8965517 -17.845064114739237
23.586206 -2.0689654 -17.912463566848313
23.586206 -2.2413793 -17.998480077076863
23.586206 -2.4137931 -18.10103150392219
23.586206 -2.5862069 -18.217035067261467
23.586206 -2.7586207 -18.341191198124065
23.586206 -2.9310346 -18.466724221485183
23.586206 -3.1034484 -18.588634799950693
23.586206 -3.275862 -18.706995121935794
23.586206 -3.4482758 -18.826528178497206
23.586206 -3.6206896 -18.952456984674285
23.586206 -3.7931035 -19.086464873147918
23.586206 -3.9655173 -19.22548950428218
23.586206 -4.1379309 -19.363574655795965
23.586206 -4.3103447 -19.495881425786383
23.586206 -4.4827585 -19.622354216415296
23.586206 -4.6551723 -19.747524997409176
23.586206 -4.8275862 -19.87633055926798
23.586206 -5.0 -20.00991260080022

23.931034 0.0 -19.003573632654742
23.931034 -0.1724138 -18.881749902586986
23.931034 -0.34482759 -18.770156788651885
23.931034 -0.51724136 -18.666965066543863
23.931034 -0.68965518 -18.570676530592177
23.931034 -0.86206895 -18.48288454905256
23.931034 -1.0344827 -18.408488449180126
23.931034 -1.2068965 -18.35360148469159
23.931034 -1.3793104 -18.323286653553076
23.931034 -1.5517242 -18.32035866664002
23.931034 -1.7241379 -18.34502938008623
23.931034 -1.8965517 -18.39489214226206
23.931034 -2.0689654 -18.465193396176744
23.931034 -2.2413793 -18.549847033072304
23.931034 -2.4137931 -18.643554668246843
23.931034 -2.5862069 -18.744091961720255
23.931034 -2.7586207 -18.852607893401274
23.931034 -2.9310346 -18.971202414264216
23.931034 -3.1034484 -19.09977662617585
23.931034 -3.275862 -19.234589156029237
23.931034 -3.4482758 -19.36953084340942
23.931034 -3.6206896 -19.499697206125227
23.931034 -3.7931035 -19.62484631051464
23.931034 -3.9655173 -19.749224678856304
23.931034 -4.1379309 -19.87752033342692
23.931034 -4.3103447 -20.0107354873228
23.931034 -4.4827585 -20.145184075386815
23.931034 -4.6551723 -20.275135682318766
23.931034 -4.8275862 -20.397462740243107
23.931034 -5.0 -20.514561323466744

24.275862 0.0 -19.55200817075514
24.275862 -0.1724138 -19.431227167941408
24.275862 -0.34482759 -19.309638428753694
24.275862 -0.51724136 -19.191644497486664
24.275862 -0.68965518 -19.08366477941281
24.275862 -0.86206895 -18.991306237934506
24.275862 -1.0344827 -18.918307530688868
24.275862 -1.2068965 -18.867055210292975
24.275862 -1.3793104 -18.839298806763594
24.275862 -1.5517242 -18.836163783093113
24.275862 -1.7241379 -18.85774960390084
24.275862 -1.8965517 -18.903087538819044
24.275862 -2.0689654 -18.97054515581942
24.275862 -2.2413793 -19.057950427903275
24.275862 -2.4137931 -19.161965804975885
24.275862 -2.5862069 -19.27739307699273
24.275862 -2.7586207 -19.39778646017912
24.275862 -2.9310346 -19.517982606064603
24.275862 -3.1034484 -19.636895215806543
24.275862 -3.275862 -19.757486114821873
24.275862 -3.4482758 -19.88331671402527
24.275862 -3.6206896 -20.014747138745115
24.275862 -3.7931035 -20.14785071185925
24.275862 -3.9655173 -20.276838890215032
24.275862 -4.1379309 -20.39854329916966
24.275862 -4.3103447 -20.51527460180235
24.275862 -4.4827585 -20.63308782143491
24.275862 -4.6551723 -20.75722989050366
24.275862 -4.8275862 -20.888849613880904
24.275862 -5.0 -21.024726229437615

24.620689 0.0 -20.073045099482243
24.620689 -0.1724138 -19.947855942561823
24.620689 -0.34482759 -19.83011040293399
24.620689 -0.51724136 -19.722515945708338
24.620689 -0.68965518 -19.625543597883283
24.620689 -0.86206895 -19.539826061236628
24.620689 -1.0344827 -19.468082868093447
24.620689 -1.2068965 -19.414913865003044
24.620689 -1.3793104 -19.385001576047365
24.620689 -1.5517242 -19.381321264662763
24.620689 -1.7241379 -19.404195960585096
24.620689 -1.8965517 -19.45120480600282
24.620689 -2.0689654 -19.517919179931265
24.620689 -2.2413793 -19.599530497306596
24.620689 -2.4137931 -19.692786995866946
24.620689 -2.5862069 -19.796710592594593
24.620689 -2.7586207 -19.911109504805275
24.620689 -2.9310346 -20.034055417099978
24.620689 -3.1034484 -20.16071869217847
24.620689 -3.275862 -20.285084318258267
24.620689 -3.4482758 -20.4037943909049
24.620689 -3.6206896 -20.518750577122898
24.620689 -3.7931035 -20.635514003018052
24.620689 -3.9655173 -20.758966749065856
24.620689 -4.1379309 -20.89007649413833
24.620689 -4.3103447 -21.02556159221224
24.620689 -4.4827585 -21.160172800513955
24.620689 -4.6551723 -21.290491139388074
24.620689 -4.8275862 -21.417763062054814
24.620689 -5.0 -21.547002395293386

24.965517 0.0 -20.572399253138435
24.965517 -0.1724138 -20.463734883921596
24.965517 -0.34482759 -20.357465645414845
24.965517 -0.51724136 -20.252222155743002
24.965517 -0.68965518 -20.150960056187063
24.965517 -0.86206895 -20.059639768209795
24.965517 -1.0344827 -19.98450801761085
24.965517 -1.2068965 -19.930418726392382
24.965517 -1.3793104 -19.900550159731793
24.965517 -1.5517242 -19.896568741950137
24.965517 -1.7241379 -19.918669638828376
24.965517 -1.8965517 -19.965580391330576
24.965517 -2.0689654 -20.034559465057566
24.965517 -2.2413793 -20.121237592942183
24.965517 -2.4137931 -20.219660065125712
24.965517 -2.5862069 -20.32351314915238
24.965517 -2.7586207 -20.42872778494327
24.965517 -2.9310346 -20.53549756370205
24.965517 -3.1034484 -20.647293722122118
24.965517 -3.275862 -20.767424855272868
24.965517 -3.4482758 -20.89605984928457
24.965517 -3.6206896 -21.02964033518734
24.965517 -3.7931035 -21.16285371639716
24.965517 -3.9655173 -21.292235342170958
24.965517 -4.1379309 -21.418929566996695
24.965517 -4.3103447 -21.54781701287941
24.965517 -4.4827585 -21.68349352201683
24.965517 -4.6551723 -21.826525961173388
24.965517 -4.8275862 -21.972505748202508
24.965517 -5.0 -22.11455831155479

25.310345 0.0 -21.09371730766616
25.310345 -0.1724138 -20.96739461236243
25.310345 -0.34482759 -20.84687367873316
25.310345 -0.51724136 -20.737182848466652
25.310345 -0.68965518 -20.641249476761146
25.310345 -0.86206895 -20.560197382798012
25.310345 -1.0344827 -20.4949604765961
25.310345 -1.2068965 -20.44755428443458
25.310345 -1.3793104 -20.420817566346194
25.310345 -1.5517242 -20.416976537063533
25.310345 -1.7241379 -20.436343879287225
25.310345 -1.8965517 -20.4771309710929
25.310345 -2.0689654 -20.53649957746682
25.310345 -2.2413793 -20.612104059226347
25.310345 -2.4137931 -20.70279718839311
25.310345 -2.5862069 -20.807741518884743
25.310345 -2.7586207 -20.92471054927025
25.310345 -2.9310346 -21.04923985220901
25.310345 -3.1034484 -21.175791689517066
25.310345 -3.275862 -21.300693013392475
25.310345 -3.4482758 -21.42460890662487
25.310345 -3.6206896 -21.55179137750854
25.310345 -3.7931035 -21.686329007515177
25.310345 -3.9655173 -21.828513666663113
25.310345 -4.1379309 -21.973838703077565
25.310345 -4.3103447 -22.115412540119802
25.310345 -4.4827585 -22.248935919397695
25.310345 -4.6551723 -22.376516298623972
25.310345 -4.8275862 -22.505203341291246
25.310345 -5.0 -22.641639491151803

25.655172 0.0 -21.617711405079078
25.655172 -0.1724138 -21.49460828303018
25.655172 -0.34482759 -21.380167590000806
25.655172 -0.51724136 -21.27221036634844
25.655172 -0.68965518 -21.170805112970445
25.655172 -0.86206895 -21.079385150876156
25.655172 -1.0344827 -21.003349013104685
25.655172 -1.2068965 -20.947923372371157
25.655172 -1.3793104 -20.9168863364781
25.655172 -1.5517242 -20.912243858712547
25.655172 -1.7241379 -20.934266912661375
25.655172 -1.8965517 -20.981508654283342
25.655172 -2.0689654 -21.050751974661775
25.655172 -2.2413793 -21.137149838929968
25.655172 -2.4137931 -21.235140703385994
25.655172 -2.5862069 -21.340409260841437
25.655172 -2.7586207 -21.451775010357817
25.655172 -2.9310346 -21.5709962989637
25.655172 -3.1034484 -21.700083614013128
25.655172 -3.275862 -21.838167351238436
25.655172 -3.4482758 -21.98031848423554
25.655172 -3.6206896 -22.119569687934742
25.655172 -3.7931035 -22.251570755513068
25.655172 -3.9655173 -22.37825209224977
25.655172 -4.1379309 -22.506416933206054
25.655172 -4.3103447 -22.64251554013544
25.655172 -4.4827585 -22.78836265782239
25.655172 -4.6551723 -22.94004675716786
25.655172 -4.8275862 -23.089906339746026
25.655172 -5.0 -23.231221510760168

26.0 0.0 -22.18796147806249
26.0 -0.1724138 -22.060093036302
26.0 -0.34482759 -21.931163166905606
26.0 -0.51724136 -21.807873033690576
26.0 -0.68965518 -21.696953443387645
26.0 -0.86206895 -21.602929481089483
26.0 -1.0344827 -21.52840095680592
26.0 -1.2068965 -21.475338446252483
26.0 -1.3793104 -21.445725811098097
26.0 -1.5517242 -21.441080517066283
26.0 -1.7241379 -21.461646977081323
26.0 -1.8965517 -21.50624711756907
26.0 -2.0689654 -21.572960891152572
26.0 -2.2413793 -21.65984555634183
26.0 -2.4137931 -21.764691907458772
26.0 -2.5862069 -21.88379694423561
26.0 -2.7586207 -22.011101843076794
26.0 -2.9310346 -22.13945853279551
26.0 -3.1034484 -22.26428402643126
26.0 -3.275862 -22.386687897498035
26.0 -3.4482758 -22.512340045115742
26.0 -3.6206896 -22.64679893699898
26.0 -3.7931035 -22.791420312737745
26.0 -3.9655173 -22.9421350718409
26.0 -4.1379309 -23.091257477824904
26.0 -4.3103447 -23.23206774019729
26.0 -4.4827585 -23.36371920373101
26.0 -4.6551723 -23.491533338194976
26.0 -4.8275862 -23.62191677033478
26.0 -5.0 -23.757193925238198
