# KROME file, XRAY He rate
# Xray rate including primary and secondary H ionization in 1/s
# first line indicates the size of the table (30x30)
# then first column is the parameter log10(nH), where nH is the H column density in cm-2
# second column is log10(xHe), where xHe = nHe/nH both in cm-2
# third column is log10(rate), where rate is in units of 1/s

16.0 0.0 -13.296231658986256
16.0 -0.1724138 -13.296229184302213
16.0 -0.34482759 -13.296227201669739
16.0 -0.51724136 -13.29622563271751
16.0 -0.68965518 -13.296224415425412
16.0 -0.86206895 -13.296223501675124
16.0 -1.0344827 -13.296222855345947
16.0 -1.2068965 -13.296222450888317
16.0 -1.3793104 -13.296222272314171
16.0 -1.5517242 -13.296222312564645
16.0 -1.7241379 -13.296222573230434
16.0 -1.8965517 -13.296223064615958
16.0 -2.0689654 -13.296223806145061
16.0 -2.2413793 -13.296224827131788
16.0 -2.4137931 -13.29622616793381
16.0 -2.5862069 -13.29622788155268
16.0 -2.7586207 -13.296230035726083
16.0 -2.9310346 -13.296232715607202
16.0 -3.1034484 -13.296236027123447
16.0 -3.275862 -13.296240101166644
16.0 -3.4482758 -13.296245098779352
16.0 -3.6206896 -13.296251217490966
16.0 -3.7931035 -13.296258699144555
16.0 -3.9655173 -13.296267839427953
16.0 -4.1379309 -13.296278999564475
16.0 -4.3103447 -13.296292620615601
16.0 -4.4827585 -13.296309240820506
16.0 -4.6551723 -13.296329516889687
16.0 -4.8275862 -13.29635424992061
16.0 -5.0 -13.296384416932675

16.344828 0.0 -13.296249747407444
16.344828 -0.1724138 -13.296244273021696
16.344828 -0.34482759 -13.29623988711015
16.344828 -0.51724136 -13.296236416315011
16.344828 -0.68965518 -13.296233723445393
16.344828 -0.86206895 -13.29623170206046
16.344828 -1.0344827 -13.296230272258171
16.344828 -1.2068965 -13.296229377520348
16.344828 -1.3793104 -13.296228982479622
16.344828 -1.5517242 -13.29622907152093
16.344828 -1.7241379 -13.296229648162997
16.344828 -1.8965517 -13.296230735200238
16.344828 -2.0689654 -13.29623237560006
16.344828 -2.2413793 -13.296234634207623
16.344828 -2.4137931 -13.296237600296832
16.344828 -2.5862069 -13.296241391109488
16.344828 -2.7586207 -13.296246156482319
16.344828 -2.9310346 -13.29625208477214
16.344828 -3.1034484 -13.296259410282776
16.344828 -3.275862 -13.296268422529787
16.344828 -3.4482758 -13.296279477706404
16.344828 -3.6206896 -13.296293012689544
16.344828 -3.7931035 -13.296309562338296
16.344828 -3.9655173 -13.296329780554734
16.344828 -4.1379309 -13.296354466110598
16.344828 -4.3103447 -13.296384594234784
16.344828 -4.4827585 -13.296421354893116
16.344828 -4.6551723 -13.296466199776967
16.344828 -4.8275862 -13.296520899459525
16.344828 -5.0 -13.296587612898255

16.689655 0.0 -13.296289760777919
16.689655 -0.1724138 -13.296277651031465
16.689655 -0.34482759 -13.296267948970941
16.689655 -0.51724136 -13.296260271173566
16.689655 -0.68965518 -13.296254314198416
16.689655 -0.86206895 -13.29624984261188
16.689655 -1.0344827 -13.296246679677257
16.689655 -1.2068965 -13.296244700379122
16.689655 -1.3793104 -13.296243826485753
16.689655 -1.5517242 -13.296244023456634
16.689655 -1.7241379 -13.296245299074755
16.689655 -1.8965517 -13.296247703760288
16.689655 -2.0689654 -13.296251332554693
16.689655 -2.2413793 -13.296256328890147
16.689655 -2.4137931 -13.296262890229835
16.689655 -2.5862069 -13.296271275892545
16.689655 -2.7586207 -13.296281817281468
16.689655 -2.9310346 -13.296294930981105
16.689655 -3.1034484 -13.296311135171093
16.689655 -3.275862 -13.296331070097764
16.689655 -3.4482758 -13.296355523403497
16.689655 -3.6206896 -13.296385461057842
16.689655 -3.7931035 -13.296422065546466
16.689655 -3.9655173 -13.296466782344599
16.689655 -4.1379309 -13.296521376876404
16.689655 -4.3103447 -13.29658800413337
16.689655 -4.4827585 -13.296669292971163
16.689655 -4.6551723 -13.296768449484325
16.689655 -4.8275862 -13.296889382594841
16.689655 -5.0 -13.297036856538794

17.034483 0.0 -13.296378269476126
17.034483 -0.1724138 -13.29635148380342
17.034483 -0.34482759 -13.2963300232288
17.034483 -0.51724136 -13.296313039936793
17.034483 -0.68965518 -13.296299862916841
17.034483 -0.86206895 -13.296289971515616
17.034483 -1.0344827 -13.296282974868648
17.034483 -1.2068965 -13.296278596487204
17.034483 -1.3793104 -13.296276663346866
17.034483 -1.5517242 -13.296277099052865
17.034483 -1.7241379 -13.296279920817032
17.034483 -1.8965517 -13.296285240150777
17.034483 -2.0689654 -13.296293267249755
17.034483 -2.2413793 -13.29630431932358
17.034483 -2.4137931 -13.296318833058429
17.034483 -2.5862069 -13.296337381903527
17.034483 -2.7586207 -13.29636069866429
17.034483 -2.9310346 -13.296389704422731
17.034483 -3.1034484 -13.29642554476965
17.034483 -3.275862 -13.296469634974798
17.034483 -3.4482758 -13.29652371584623
17.034483 -3.6206896 -13.296589921897056
17.034483 -3.7931035 -13.296670865441419
17.034483 -3.9655173 -13.296769738829934
17.034483 -4.1379309 -13.29689043960305
17.034483 -4.3103447 -13.297037723234023
17.034483 -4.4827585 -13.297217387728985
17.034483 -4.6551723 -13.297436499516754
17.034483 -4.8275862 -13.297703667124761
17.034483 -5.0 -13.298029372349697

17.379311 0.0 -13.296574022176884
17.379311 -0.1724138 -13.296514784672798
17.379311 -0.34482759 -13.296467321436678
17.379311 -0.51724136 -13.296429758869236
17.379311 -0.68965518 -13.296400613854743
17.379311 -0.86206895 -13.296378735461317
17.379311 -1.0344827 -13.296363259577518
17.379311 -1.2068965 -13.296353574905467
17.379311 -1.3793104 -13.296349298879154
17.379311 -1.5517242 -13.296350262576858
17.379311 -1.7241379 -13.296356504046312
17.379311 -1.8965517 -13.296368269833152
17.379311 -2.0689654 -13.296386024658116
17.379311 -2.2413793 -13.296410469799802
17.379311 -2.4137931 -13.296442570591571
17.379311 -2.5862069 -13.296483594549448
17.379311 -2.7586207 -13.29653516118099
17.379311 -2.9310346 -13.296599305705502
17.379311 -3.1034484 -13.29667855882257
17.379311 -3.275862 -13.296776046065006
17.379311 -3.4482758 -13.29689561051908
17.379311 -3.6206896 -13.297041962357094
17.379311 -3.7931035 -13.297220862992544
17.379311 -3.9655173 -13.297439348450515
17.379311 -4.1379309 -13.297706002081107
17.379311 -4.3103447 -13.298031286294794
17.379311 -4.4827585 -13.298427941796588
17.379311 -4.6551723 -13.298911473745521
17.379311 -4.8275862 -13.299500737100255
17.379311 -5.0 -13.300218639515611

17.724138 0.0 -13.297006833961735
17.724138 -0.1724138 -13.296875877231415
17.724138 -0.34482759 -13.2967709383012
17.724138 -0.51724136 -13.296687881917734
17.724138 -0.68965518 -13.296623433497663
17.724138 -0.86206895 -13.296575051173077
17.724138 -1.0344827 -13.296540826113505
17.724138 -1.2068965 -13.296519407736652
17.724138 -1.3793104 -13.296509950711826
17.724138 -1.5517242 -13.296512081740413
17.724138 -1.7241379 -13.296525884852246
17.724138 -1.8965517 -13.296551904764582
17.724138 -2.0689654 -13.296591168179411
17.724138 -2.2413793 -13.296645224233236
17.724138 -2.4137931 -13.29671620496891
17.724138 -2.5862069 -13.296806909127945
17.724138 -2.7586207 -13.296920911498274
17.724138 -2.9310346 -13.29706270261787
17.724138 -3.1034484 -13.297237863362502
17.724138 -3.275862 -13.297453281942285
17.724138 -3.4482758 -13.2977174212335
17.724138 -3.6206896 -13.298040643415932
17.724138 -3.7931035 -13.298435608219114
17.724138 -3.9655173 -13.298917753511756
17.724138 -4.1379309 -13.299505878518012
17.724138 -4.3103447 -13.300222847950653
17.724138 -4.4827585 -13.301096431254226
17.724138 -4.6551723 -13.302160313170127
17.724138 -4.8275862 -13.303455292931778
17.724138 -5.0 -13.305030698410237

18.068966 0.0 -13.297963165796821
18.068966 -0.1724138 -13.297673897026197
18.068966 -0.34482759 -13.297442041790887
18.068966 -0.51724136 -13.29725849859155
18.068966 -0.68965518 -13.29711605450344
18.068966 -0.86206895 -13.297009107061049
18.068966 -1.0344827 -13.296933447038624
18.068966 -1.2068965 -13.29688609515083
18.068966 -1.3793104 -13.296865186165068
18.068966 -1.5517242 -13.296869896180587
18.068966 -1.7241379 -13.296900410406257
18.068966 -1.8965517 -13.296957930482455
18.068966 -2.0689654 -13.297044721055267
18.068966 -2.2413793 -13.297164198202745
18.068966 -2.4137931 -13.29732106147047
18.068966 -2.5862069 -13.29752147653591
18.068966 -2.7586207 -13.297773313020675
18.068966 -2.9310346 -13.298086447424076
18.068966 -3.1034484 -13.298473140235819
18.068966 -3.275862 -13.29894850244256
18.068966 -3.4482758 -13.299531066848273
18.068966 -3.6206896 -13.30024347652998
18.068966 -3.7931035 -13.301113321884019
18.068966 -3.9655173 -13.30217413889314
18.068966 -4.1379309 -13.303466603619793
18.068966 -4.3103447 -13.30503994903672
18.068966 -4.4827585 -13.306953614946348
18.068966 -4.6551723 -13.309279180994986
18.068966 -4.8275862 -13.312102578411176
18.068966 -5.0 -13.315526578298

18.413794 0.0 -13.300073198414637
18.413794 -0.1724138 -13.299435399097723
18.413794 -0.34482759 -13.298923912159891
18.413794 -0.51724136 -13.298518829537091
18.413794 -0.68965518 -13.298204346350916
18.413794 -0.86206895 -13.297968169564907
18.413794 -1.0344827 -13.297801053379946
18.413794 -1.2068965 -13.297696448413687
18.413794 -1.3793104 -13.297650251900162
18.413794 -1.5517242 -13.297660650548936
18.413794 -1.7241379 -13.29772805074809
18.413794 -1.8965517 -13.29785509423259
18.413794 -2.0689654 -13.298046758491244
18.413794 -2.2413793 -13.298310547247429
18.413794 -2.4137931 -13.298656774100966
18.413794 -2.5862069 -13.299098953528238
18.413794 -2.7586207 -13.299654307205069
18.413794 -2.9310346 -13.30034440464137
18.413794 -3.1034484 -13.301195953625687
18.413794 -3.275862 -13.30224176741837
18.413794 -3.4482758 -13.303521932968437
18.413794 -3.6206896 -13.305085193176437
18.413794 -3.7931035 -13.306990591889782
18.413794 -3.9655173 -13.309309379818064
18.413794 -4.1379309 -13.312127215898702
18.413794 -4.3103447 -13.315546661270385
18.413794 -4.4827585 -13.319689905760898
18.413794 -4.6551723 -13.324701720780942
18.413794 -4.8275862 -13.330752474404862
18.413794 -5.0 -13.338041004012341

18.758621 0.0 -13.304713898780891
18.758621 -0.1724138 -13.303313271321583
18.758621 -0.34482759 -13.302188690894269
18.758621 -0.51724136 -13.301297208240845
18.758621 -0.68965518 -13.300604592773551
18.758621 -0.86206895 -13.300084138110671
18.758621 -1.0344827 -13.299715710427044
18.758621 -1.2068965 -13.299485022427804
18.758621 -1.3793104 -13.29938311234717
18.758621 -1.5517242 -13.29940601432413
18.758621 -1.7241379 -13.299554611170556
18.758621 -1.8965517 -13.299834666482768
18.758621 -2.0689654 -13.300257034104929
18.758621 -2.2413793 -13.300838054780122
18.758621 -2.4137931 -13.301600143050761
18.758621 -2.5862069 -13.302572589578489
18.758621 -2.7586207 -13.303792587066427
18.758621 -2.9310346 -13.305306507670686
18.758621 -3.1034484 -13.307171445636474
18.758621 -3.275862 -13.30945705486497
18.758621 -3.4482758 -13.312247692347674
18.758621 -3.6206896 -13.315644836223326
18.758621 -3.7931035 -13.319769801069098
18.758621 -3.9655173 -13.32476663136454
18.758621 -4.1379309 -13.330805093764262
18.758621 -4.3103447 -13.338083561100014
18.758621 -4.4827585 -13.346831412792007
18.758621 -4.6551723 -13.357310660324098
18.758621 -4.8275862 -13.369816184088073
18.758621 -5.0 -13.384674010054367

19.103449 0.0 -13.31484936938172
19.103449 -0.1724138 -13.311800467043978
19.103449 -0.34482759 -13.309346085849073
19.103449 -0.51724136 -13.307396378462764
19.103449 -0.68965518 -13.305879109480014
19.103449 -0.86206895 -13.30473753464385
19.103449 -1.0344827 -13.303928648973294
19.103449 -1.2068965 -13.303421815023457
19.103449 -1.3793104 -13.303197759299797
19.103449 -1.5517242 -13.303247928309
19.103449 -1.7241379 -13.303574196925588
19.103449 -1.8965517 -13.30418892737223
19.103449 -2.0689654 -13.305115372680447
19.103449 -2.2413793 -13.306388437491607
19.103449 -2.4137931 -13.308055786084958
19.103449 -2.5862069 -13.310179325729855
19.103449 -2.7586207 -13.312837042622755
19.103449 -2.9310346 -13.316125192599037
19.103449 -3.1034484 -13.320160793594892
19.103449 -3.275862 -13.32508436987765
19.103449 -3.4482758 -13.331062817193096
19.103449 -3.6206896 -13.338292121520281
19.103449 -3.7931035 -13.34699973333465
19.103449 -3.9655173 -13.3574460640589
19.103449 -4.1379309 -13.369924672980005
19.103449 -4.3103447 -13.384760563488632
19.103449 -4.4827585 -13.40230599500113
19.103449 -4.6551723 -13.422934077183955
19.103449 -4.8275862 -13.447030951334257
19.103449 -5.0 -13.47498921684802

19.448277 0.0 -13.336652361681042
19.448277 -0.1724138 -13.330140502581278
19.448277 -0.34482759 -13.324869017383795
19.448277 -0.51724136 -13.320662572004037
19.448277 -0.68965518 -13.317377412842918
19.448277 -0.86206895 -13.31489886692226
19.448277 -1.0344827 -13.313138994360022
19.448277 -1.2068965 -13.312034589441158
19.448277 -1.3793104 -13.311545629304593
19.448277 -1.5517242 -13.311654236319377
19.448277 -1.7241379 -13.312364188709559
19.448277 -1.8965517 -13.3137009964461
19.448277 -2.0689654 -13.315712521916685
19.448277 -2.2413793 -13.318470137761734
19.448277 -2.4137931 -13.322070332837097
19.448277 -2.5862069 -13.32663672339371
19.448277 -2.7586207 -13.332322273125698
19.448277 -2.9310346 -13.339311531309333
19.448277 -3.1034484 -13.34782253153982
19.448277 -3.275862 -13.358107967490083
19.448277 -3.4482758 -13.370455103451619
19.448277 -3.6206896 -13.385183716768648
19.448277 -3.7931035 -13.402641844357756
19.448277 -3.9655173 -13.423199099594518
19.448277 -4.1379309 -13.447238739978992
19.448277 -4.3103447 -13.475151107021578
19.448277 -4.4827585 -13.507332958894347
19.448277 -4.6551723 -13.544199518205794
19.448277 -4.8275862 -13.586213557189986
19.448277 -5.0 -13.633927713496606

19.793104 0.0 -13.382077085091765
19.793104 -0.1724138 -13.368711100188067
19.793104 -0.34482759 -13.357766153949907
19.793104 -0.51724136 -13.348950248161659
19.793104 -0.68965518 -13.342013310736407
19.793104 -0.86206895 -13.336748853821673
19.793104 -1.0344827 -13.332994247135268
19.793104 -1.2068965 -13.330630236001268
19.793104 -1.3793104 -13.329580165879598
19.793104 -1.5517242 -13.329809268110653
19.793104 -1.7241379 -13.331324225460735
19.793104 -1.8965517 -13.334173117536395
19.793104 -2.0689654 -13.338445681666752
19.793104 -2.2413793 -13.344273769610089
19.793104 -2.4137931 -13.35183163236711
19.793104 -2.5862069 -13.361335710232002
19.793104 -2.7586207 -13.373043280192272
19.793104 -2.9310346 -13.387249437385979
19.793104 -3.1034484 -13.404281864378756
19.793104 -3.275862 -13.424493469563856
19.793104 -3.4482758 -13.448253843923235
19.793104 -3.6206896 -13.475941931331004
19.793104 -3.7931035 -13.50794513616667
19.793104 -3.9655173 -13.544670733508003
19.793104 -4.1379309 -13.58657464702832
19.793104 -4.3103447 -13.634203717747784
19.793104 -4.4827585 -13.688229387105949
19.793104 -4.6551723 -13.749428922556326
19.793104 -4.8275862 -13.818555460513133
19.793104 -5.0 -13.896058601630347

20.137932 0.0 -13.471008714543677
20.137932 -0.1724138 -13.445549765230192
20.137932 -0.34482759 -13.42427648423428
20.137932 -0.51724136 -13.406840711870252
20.137932 -0.68965518 -13.392921383656514
20.137932 -0.86206895 -13.382234837046349
20.137932 -1.0344827 -13.374544674508883
20.137932 -1.2068965 -13.369669653799459
20.137932 -1.3793104 -13.367489130155052
20.137932 -1.5517242 -13.367946187333052
20.137932 -1.7241379 -13.371048722350421
20.137932 -1.8965517 -13.376868659318713
20.137932 -2.0689654 -13.385539183907529
20.137932 -2.2413793 -13.39724986885648
20.137932 -2.4137931 -13.412239330389008
20.137932 -2.5862069 -13.430785771372221
20.137932 -2.7586207 -13.453196258710141
20.137932 -2.9310346 -13.479797549633895
20.137932 -3.1034484 -13.510933126443422
20.137932 -3.275862 -13.546972981940272
20.137932 -3.4482758 -13.588340891902305
20.137932 -3.6206896 -13.635555122038763
20.137932 -3.7931035 -13.689261924593723
20.137932 -3.9655173 -13.7502163841116
20.137932 -4.1379309 -13.8191530225121
20.137932 -4.3103447 -13.896507312564216
20.137932 -4.4827585 -13.98202013113501
20.137932 -4.6551723 -14.07438192321
20.137932 -4.8275862 -14.171205766591807
20.137932 -5.0 -14.269641974068689

20.482758 0.0 -13.629634226178737
20.482758 -0.1724138 -13.585643179751893
20.482758 -0.34482759 -13.548129448580315
20.482758 -0.51724136 -13.516725587836813
20.482758 -0.68965518 -13.491144342430967
20.482758 -0.86206895 -13.471150399649206
20.482758 -1.0344827 -13.45654739777246
20.482758 -1.2068965 -13.447177967507294
20.482758 -1.3793104 -13.442930140158877
20.482758 -1.5517242 -13.443744114040284
20.482758 -1.7241379 -13.449615554358326
20.482758 -1.8965517 -13.460593955309777
20.482758 -2.0689654 -13.476776603591027
20.482758 -2.2413793 -13.49830121769304
20.482758 -2.4137931 -13.52534230143582
20.482758 -2.5862069 -13.55811864278673
20.482758 -2.7586207 -13.596917273023356
20.482758 -2.9310346 -13.642131695757307
20.482758 -3.1034484 -13.694293976736466
20.482758 -3.275862 -13.754057130352365
20.482758 -3.4482758 -13.822069043537862
20.482758 -3.6206896 -13.898696809746655
20.482758 -3.7931035 -13.983633371461739
20.482758 -3.9655173 -14.075539202415134
20.482758 -4.1379309 -14.172010398985917
20.482758 -4.3103447 -14.270186443937238
20.482758 -4.4827585 -14.367986724506608
20.482758 -4.6551723 -14.465259370923828
20.482758 -4.8275862 -14.5637392357444
20.482758 -5.0 -14.665532369880404

20.827587 0.0 -13.892631571225984
20.827587 -0.1724138 -13.820998679731787
20.827587 -0.34482759 -13.759071365497467
20.827587 -0.51724136 -13.706685770784576
20.827587 -0.68965518 -13.663551947043313
20.827587 -0.86206895 -13.629435088939667
20.827587 -1.0344827 -13.604204047900438
20.827587 -1.2068965 -13.587806545064877
20.827587 -1.3793104 -13.580224073076055
20.827587 -1.5517242 -13.581436298666546
20.827587 -1.7241379 -13.591405764468186
20.827587 -1.8965517 -13.610085294904051
20.827587 -2.0689654 -13.637447884982013
20.827587 -2.2413793 -13.673534726411686
20.827587 -2.4137931 -13.718502404574327
20.827587 -2.5862069 -13.772628461419238
20.827587 -2.7586207 -13.83621468149906
20.827587 -2.9310346 -13.909340770504258
20.827587 -3.1034484 -13.991488346845722
20.827587 -3.275862 -14.081182734615272
20.827587 -3.4482758 -14.175942279752396
20.827587 -3.6206896 -14.272853361664048
20.827587 -3.7931035 -14.369774835157035
20.827587 -3.9655173 -14.466470005291631
20.827587 -4.1379309 -14.56457704437701
20.827587 -4.3103447 -14.666120529107715
20.827587 -4.4827585 -14.771646833561594
20.827587 -4.6551723 -14.879504823926005
20.827587 -4.8275862 -14.98696951123899
20.827587 -5.0 -15.092522332418332

21.172413 0.0 -14.27104133416811
21.172413 -0.1724138 -14.178895493014966
21.172413 -0.34482759 -14.092104448377516
21.172413 -0.51724136 -14.01376870069114
21.172413 -0.68965518 -13.946405950814544
21.172413 -0.86206895 -13.89166764000642
21.172413 -1.0344827 -13.85049641264497
21.172413 -1.2068965 -13.823396061597581
21.172413 -1.3793104 -13.81062136163854
21.172413 -1.5517242 -13.81225958462023
21.172413 -1.7241379 -13.82825486431882
21.172413 -1.8965517 -13.858415801094466
21.172413 -2.0689654 -13.902390471840883
21.172413 -2.2413793 -13.959551901849734
21.172413 -2.4137931 -14.028761039704595
21.172413 -2.5862069 -14.108093229465291
21.172413 -2.7586207 -14.194780429061403
21.172413 -2.9310346 -14.285694224218929
21.172413 -3.1034484 -14.378424311217072
21.172413 -3.275862 -14.472346612106087
21.172413 -3.4482758 -14.568651986699132
21.172413 -3.6206896 -14.66898177300346
21.172413 -3.7931035 -14.77364014008677
21.172413 -3.9655173 -14.880860549124987
21.172413 -4.1379309 -14.987870598576475
21.172413 -4.3103447 -15.093120071015719
21.172413 -4.4827585 -15.197855520758232
21.172413 -4.6551723 -15.305488487139694
21.172413 -4.8275862 -15.419142310450983
21.172413 -5.0 -15.539284015000828

21.517242 0.0 -14.675894387443666
21.517242 -0.1724138 -14.580448600433385
21.517242 -0.34482759 -14.491496968106041
21.517242 -0.51724136 -14.409064099395051
21.517242 -0.68965518 -14.334073609091993
21.517242 -0.86206895 -14.268875513615793
21.517242 -1.0344827 -14.216691062660793
21.517242 -1.2068965 -14.180631659551226
21.517242 -1.3793104 -14.16295634656754
21.517242 -1.5517242 -14.164731015017443
21.517242 -1.7241379 -14.185736227620252
21.517242 -1.8965517 -14.224484762380747
21.517242 -2.0689654 -14.278374531198713
21.517242 -2.2413793 -14.34414590359811
21.517242 -2.4137931 -14.418742041789095
21.517242 -2.5862069 -14.500259829093626
21.517242 -2.7586207 -14.588240354403991
21.517242 -2.9310346 -14.682822917797969
21.517242 -3.1034484 -14.783315122316647
21.517242 -3.275862 -14.887458076104947
21.517242 -3.4482758 -14.992269035944256
21.517242 -3.6206896 -15.096047169475886
21.517242 -3.7931035 -15.199852276909867
21.517242 -3.9655173 -15.306896482050924
21.517242 -4.1379309 -15.4201500385181
21.517242 -4.3103447 -15.539995430825535
21.517242 -4.4827585 -15.663511730666299
21.517242 -4.6551723 -15.785947037251368
21.517242 -4.8275862 -15.903852715653974
21.517242 -5.0 -16.017813184830807

21.862068 0.0 -15.109957514650652
21.862068 -0.1724138 -15.011181352857408
21.862068 -0.34482759 -14.91503132649607
21.862068 -0.51724136 -14.824061415703664
21.862068 -0.68965518 -14.741927165759765
21.862068 -0.86206895 -14.672029996496972
21.862068 -1.0344827 -14.61708101961971
21.862068 -1.2068965 -14.579278686499967
21.862068 -1.3793104 -14.560351723880554
21.862068 -1.5517242 -14.561240894248535
21.862068 -1.7241379 -14.581789458382946
21.862068 -1.8965517 -14.620820707658957
21.862068 -2.0689654 -14.676523090838234
21.862068 -2.2413793 -14.746691015622226
21.862068 -2.4137931 -14.82855665267984
21.862068 -2.5862069 -14.918620524404965
21.862068 -2.7586207 -15.013246972211284
21.862068 -2.9310346 -15.110134682925874
21.862068 -3.1034484 -15.209525774627135
21.862068 -3.275862 -15.313740413518808
21.862068 -3.4482758 -15.425053597511635
21.862068 -3.6206896 -15.543455690647457
21.862068 -3.7931035 -15.665868075595988
21.862068 -3.9655173 -15.787492625039965
21.862068 -4.1379309 -15.90485148541814
21.862068 -4.3103447 -16.01847377936565
21.862068 -4.4827585 -16.13264423381197
21.862068 -4.6551723 -16.252199907875553
21.862068 -4.8275862 -16.37916163564548
21.862068 -5.0 -16.511506001622724

22.206898 0.0 -15.565928583430537
22.206898 -0.1724138 -15.453188463168127
22.206898 -0.34482759 -15.349749371268725
22.206898 -0.51724136 -15.25701175569466
22.206898 -0.68965518 -15.17516014969822
22.206898 -0.86206895 -15.10482782683656
22.206898 -1.0344827 -15.048036095899565
22.206898 -1.2068965 -15.007811068448019
22.206898 -1.3793104 -14.987020467262315
22.206898 -1.5517242 -14.987298509874801
22.206898 -1.7241379 -15.008497426809685
22.206898 -1.8965517 -15.048730783348553
22.206898 -2.0689654 -15.105006881017982
22.206898 -2.2413793 -15.174360601908157
22.206898 -2.4137931 -15.25497999071594
22.206898 -2.5862069 -15.34644729045272
22.206898 -2.7586207 -15.44866317792694
22.206898 -2.9310346 -15.560173206690722
22.206898 -3.1034484 -15.677282432439478
22.206898 -3.275862 -15.79500376423235
22.206898 -3.4482758 -15.909725083334648
22.206898 -3.6206896 -16.021710005694956
22.206898 -3.7931035 -16.134890707100723
22.206898 -3.9655173 -16.253806293703388
22.206898 -4.1379309 -16.38030577418903
22.206898 -4.3103447 -16.5122967175129
22.206898 -4.4827585 -16.64504762655183
22.206898 -4.6551723 -16.774415157192685
22.206898 -4.8275862 -16.90004276443605
22.206898 -5.0 -17.025655303379647

22.551723 0.0 -16.049028357936184
22.551723 -0.1724138 -15.942718178825968
22.551723 -0.34482759 -15.8382536417869
22.551723 -0.51724136 -15.736516548237471
22.551723 -0.68965518 -15.641609017021977
22.551723 -0.86206895 -15.558855930516813
22.551723 -1.0344827 -15.49291390524325
22.551723 -1.2068965 -15.447086924228941
22.551723 -1.3793104 -15.423439738104289
22.551723 -1.5517242 -15.422973354103743
22.551723 -1.7241379 -15.445651378378786
22.551723 -1.8965517 -15.490418917087368
22.551723 -2.0689654 -15.555188673606791
22.551723 -2.2413793 -15.636643170925034
22.551723 -2.4137931 -15.730103922077152
22.551723 -2.5862069 -15.830226455865875
22.551723 -2.7586207 -15.93290691851588
22.551723 -2.9310346 -16.037286280458723
22.551723 -3.1034484 -16.145775427008424
22.551723 -3.275862 -16.2616067674249
22.551723 -3.4482758 -16.38586182321077
22.551723 -3.6206896 -16.516131888302187
22.551723 -3.7931035 -16.647596865760647
22.551723 -3.9655173 -16.77607595913324
22.551723 -4.1379309 -16.90114047620693
22.551723 -4.3103447 -17.02640859633509
22.551723 -4.4827585 -17.156345784812448
22.551723 -4.6551723 -17.292357542207764
22.551723 -4.8275862 -17.43120872540278
22.551723 -5.0 -17.566882122862992

22.896551 0.0 -16.55282064535808
22.896551 -0.1724138 -16.429047901365173
22.896551 -0.34482759 -16.31331120763709
22.896551 -0.51724136 -16.209262938241253
22.896551 -0.68965518 -16.118417929673257
22.896551 -0.86206895 -16.04134698624089
22.896551 -1.0344827 -15.979333110562472
22.896551 -1.2068965 -15.934966374048878
22.896551 -1.3793104 -15.911269839355604
22.896551 -1.5517242 -15.910236207521173
22.896551 -1.7241379 -15.931843727411525
22.896551 -1.8965517 -15.97406176642878
22.896551 -2.0689654 -16.033845195941808
22.896551 -2.2413793 -16.108608347450232
22.896551 -2.4137931 -16.19711138786866
22.896551 -2.5862069 -16.298880664362766
22.896551 -2.7586207 -16.412551690550266
22.896551 -2.9310346 -16.534619261582684
22.896551 -3.1034484 -16.65993437851243
22.896551 -3.275862 -16.78415220786266
22.896551 -3.4482758 -16.90650500890386
22.896551 -3.6206896 -17.03010481209424
22.896551 -3.7931035 -17.158955574458147
22.896551 -3.9655173 -17.294182847078922
22.896551 -4.1379309 -17.43243727119799
22.896551 -4.3103447 -17.56767373433365
22.896551 -4.4827585 -17.6955583606218
22.896551 -4.6551723 -17.81721374548096
22.896551 -4.8275862 -17.938464108326393
22.896551 -5.0 -18.065248611026277

23.241379 0.0 -17.071131652043423
23.241379 -0.1724138 -16.952951171239906
23.241379 -0.34482759 -16.840782356129164
23.241379 -0.51724136 -16.733406882369433
23.241379 -0.68965518 -16.632625885873303
23.241379 -0.86206895 -16.54304821035249
23.241379 -1.0344827 -16.47012023097676
23.241379 -1.2068965 -16.41840034683233
23.241379 -1.3793104 -16.39091149178248
23.241379 -1.5517242 -16.389140500813195
23.241379 -1.7241379 -16.413133582785303
23.241379 -1.8965517 -16.461508153877837
23.241379 -2.0689654 -16.531367134975042
23.241379 -2.2413793 -16.61826685317699
23.241379 -2.4137931 -16.716772828585743
23.241379 -2.5862069 -16.822098512042057
23.241379 -2.7586207 -16.93214154440372
23.241379 -2.9310346 -17.047955224187866
23.241379 -3.1034484 -17.171616587018537
23.241379 -3.275862 -17.303052049587585
23.241379 -3.4482758 -17.438413159741234
23.241379 -3.6206896 -17.571528526789315
23.241379 -3.7931035 -17.69800441410116
23.241379 -3.9655173 -17.818813565746975
23.241379 -4.1379309 -17.939568723465953
23.241379 -4.3103447 -18.06603684887111
23.241379 -4.4827585 -18.200113084176092
23.241379 -4.6551723 -18.338821190119898
23.241379 -4.8275862 -18.476325125794723
23.241379 -5.0 -18.607967445151115

23.586206 0.0 -17.617042596195656
23.586206 -0.1724138 -17.493180336598986
23.586206 -0.34482759 -17.369712594091315
23.586206 -0.51724136 -17.25309935507742
23.586206 -0.68965518 -17.14893624231942
23.586206 -0.86206895 -17.060715532868553
23.586206 -1.0344827 -16.990689474743906
23.586206 -1.2068965 -16.94109776151645
23.586206 -1.3793104 -16.91433893264069
23.586206 -1.5517242 -16.91209766564448
23.586206 -1.7241379 -16.9344516009464
23.586206 -1.8965517 -16.979828589905367
23.586206 -2.0689654 -17.045859392326758
23.586206 -2.2413793 -17.130319949371575
23.586206 -2.4137931 -17.23110096016595
23.586206 -2.5862069 -17.345035052598746
23.586206 -2.7586207 -17.466844153616083
23.586206 -2.9310346 -17.58998353298036
23.586206 -3.1034484 -17.70980226728399
23.586206 -3.275862 -17.82657904341103
23.586206 -3.4482758 -17.944950453512682
23.586206 -3.6206896 -18.069881687518002
23.586206 -3.7931035 -18.202835718235505
23.586206 -3.9655173 -18.340678354986114
23.586206 -4.1379309 -18.477538170046973
23.586206 -4.3103447 -18.608743458845108
23.586206 -4.4827585 -18.734350047166945
23.586206 -4.6551723 -18.858857469583636
23.586206 -4.8275862 -18.987077148571938
23.586206 -5.0 -19.120041938090555

23.931034 0.0 -18.12062822123185
23.931034 -0.1724138 -17.99975185147025
23.931034 -0.34482759 -17.889129297082533
23.931034 -0.51724136 -17.787093871870358
23.931034 -0.68965518 -17.692203109131047
23.931034 -0.86206895 -17.605922938474
23.931034 -1.0344827 -17.53291349160553
23.931034 -1.2068965 -17.479071117873413
23.931034 -1.3793104 -17.449329117986125
23.931034 -1.5517242 -17.44644834671688
23.931034 -1.7241379 -17.470637182962637
23.931034 -1.8965517 -17.519533237484737
23.931034 -2.0689654 -17.588497887065927
23.931034 -2.2413793 -17.671648976567862
23.931034 -2.4137931 -17.763932503669682
23.931034 -2.5862069 -17.863280018303776
23.931034 -2.7586207 -17.97081512271583
23.931034 -2.9310346 -18.088483659585773
23.931034 -3.1034484 -18.216038979309346
23.931034 -3.275862 -18.349698216929525
23.931034 -3.4482758 -18.48344243571417
23.931034 -3.6206896 -18.612530191219065
23.931034 -3.7931035 -18.736827351227152
23.931034 -3.9655173 -18.860549108053352
23.931034 -4.1379309 -18.98826160922805
23.931034 -4.3103447 -19.1208608794838
23.931034 -4.4827585 -19.254635313057882
23.931034 -4.6551723 -19.383911895394647
23.931034 -4.8275862 -19.505647554070634
23.931034 -5.0 -19.622271190874876

24.275862 0.0 -18.664488588558434
24.275862 -0.1724138 -18.544643320659684
24.275862 -0.34482759 -18.424112304165636
24.275862 -0.51724136 -18.307156669099182
24.275862 -0.68965518 -18.200081182714335
24.275862 -0.86206895 -18.108451996400973
24.275862 -1.0344827 -18.036015543298923
24.275862 -1.2068965 -17.98516547010499
24.275862 -1.3793104 -17.957633877089428
24.275862 -1.5517242 -17.95452152604469
24.275862 -1.7241379 -17.97592563206702
24.275862 -1.8965517 -18.020900788902583
24.275862 -2.0689654 -18.087835892782305
24.275862 -2.2413793 -18.17455539423593
24.275862 -2.4137931 -18.27770909814286
24.275862 -2.5862069 -18.39212430526474
24.275862 -2.7586207 -18.5114540905015
24.275862 -2.9310346 -18.630678866401365
24.275862 -3.1034484 -18.748805846042988
24.275862 -3.275862 -18.868771674560534
24.275862 -3.4482758 -18.99403208195183
24.275862 -3.6206896 -19.1248532666765
24.275862 -3.7931035 -19.257288193184966
24.275862 -3.9655173 -19.38560644236959
24.275862 -4.1379309 -19.506723309257755
24.275862 -4.3103447 -19.62298187045343
24.275862 -4.4827585 -19.740393905957372
24.275862 -4.6551723 -19.8641319547738
24.275862 -4.8275862 -19.995292913676053
24.275862 -5.0 -20.130653356669228

24.620689 0.0 -19.182876895404156
24.620689 -0.1724138 -19.05828863453269
24.620689 -0.34482759 -18.94107565287133
24.620689 -0.51724136 -18.833985480438066
24.620689 -0.68965518 -18.73754196639858
24.620689 -0.86206895 -18.65238790758139
24.620689 -1.0344827 -18.58118887713839
24.620689 -1.2068965 -18.528456904687232
24.620689 -1.3793104 -18.498798184918424
24.620689 -1.5517242 -18.49514627703752
24.620689 -1.7241379 -18.51781998905478
24.620689 -1.8965517 -18.564431482251948
24.620689 -2.0689654 -18.63062155908831
24.620689 -2.2413793 -18.71167051164374
24.620689 -2.4137931 -18.804392835064316
24.620689 -2.5862069 -18.90781572769315
24.620689 -2.7586207 -19.02169998649436
24.620689 -2.9310346 -19.144068097952605
24.620689 -3.1034484 -19.27008965140619
24.620689 -3.275862 -19.39381006840312
24.620689 -3.4482758 -19.511951171807024
24.620689 -3.6206896 -19.626445222520513
24.620689 -3.7931035 -19.74281224548242
24.620689 -3.9655173 -19.865863046127384
24.620689 -4.1379309 -19.996515324178304
24.620689 -4.3103447 -20.131485466076708
24.620689 -4.4827585 -20.265571193865576
24.620689 -4.6551723 -20.39541952712491
24.620689 -4.8275862 -20.522310001216027
24.620689 -5.0 -20.651230690196027

24.965517 0.0 -19.679914165033928
24.965517 -0.1724138 -19.57165056019288
24.965517 -0.34482759 -19.46584858366366
24.965517 -0.51724136 -19.361130157419392
24.965517 -0.68965518 -19.260393701294955
24.965517 -0.86206895 -19.169536206829736
24.965517 -1.0344827 -19.094767167271193
24.965517 -1.2068965 -19.04092816669551
24.965517 -1.3793104 -19.01119427092693
24.965517 -1.5517242 -19.007229691307362
24.965517 -1.7241379 -19.029229391052567
24.965517 -1.8965517 -19.075923088696925
24.965517 -2.0689654 -19.14457182514379
24.965517 -2.2413793 -19.230814380884844
24.965517 -2.4137931 -19.328724868664136
24.965517 -2.5862069 -19.43204741384231
24.965517 -2.7586207 -19.53677691643074
24.965517 -2.9310346 -19.64313230561523
24.965517 -3.1034484 -19.7545539630785
24.965517 -3.275862 -19.874292978261785
24.965517 -3.4482758 -20.002476827041015
24.965517 -3.6206896 -20.13554831545293
24.965517 -3.7931035 -20.26824190144123
24.965517 -3.9655173 -20.397157962230985
24.965517 -4.1379309 -20.523473392208214
24.965517 -4.3103447 -20.652043423835686
24.965517 -4.4827585 -20.787406011738618
24.965517 -4.6551723 -20.930081044853612
24.965517 -4.8275862 -21.075653317020187
24.965517 -5.0 -21.21728925016079

25.310345 0.0 -20.19938356317619
25.310345 -0.1724138 -20.073552108049274
25.310345 -0.34482759 -19.953474846730252
25.310345 -0.51724136 -19.844157204373005
25.310345 -0.68965518 -19.748535292640632
25.310345 -0.86206895 -19.667752808343845
25.310345 -1.0344827 -19.602751414785313
25.310345 -1.2068965 -19.55553231072126
25.310345 -1.3793104 -19.528907389079546
25.310345 -1.5517242 -19.52508168036135
25.310345 -1.7241379 -19.544364948881412
25.310345 -1.8965517 -19.584985538511198
25.310345 -2.0689654 -19.644132429808195
25.310345 -2.2413793 -19.7194796983128
25.310345 -2.4137931 -19.8098786207028
25.310345 -2.5862069 -19.914473138910914
25.310345 -2.7586207 -20.031021688576416
25.310345 -2.9310346 -20.15507129592474
25.310345 -3.1034484 -20.281130856176613
25.310345 -3.275862 -20.40558788244963
25.310345 -3.4482758 -20.529137653663003
25.310345 -3.6206896 -20.656008606757517
25.310345 -3.7931035 -20.79023479870266
25.310345 -3.9655173 -20.932063495232878
25.310345 -4.1379309 -21.07698240380462
25.310345 -4.3103447 -21.218141016921134
25.310345 -4.4827585 -21.35130177877605
25.310345 -4.6551723 -21.478602434761758
25.310345 -4.8275862 -21.60706783803026
25.310345 -5.0 -21.743287977186565

25.655172 0.0 -20.721781124091166
25.655172 -0.1724138 -20.59896562322304
25.655172 -0.34482759 -20.48482596664448
25.655172 -0.51724136 -20.377209185903183
25.655172 -0.68965518 -20.276171939796768
25.655172 -0.86206895 -20.185105969995796
25.655172 -1.0344827 -20.109366283715556
25.655172 -1.2068965 -20.054152298345297
25.655172 -1.3793104 -20.02323083121817
25.655172 -1.5517242 -20.018604776467033
25.655172 -1.7241379 -20.040544878816153
25.655172 -1.8965517 -20.087606123937846
25.655172 -2.0689654 -20.156579191943358
25.655172 -2.2413793 -20.24263844366916
25.655172 -2.4137931 -20.34026159178852
25.655172 -2.5862069 -20.445178721975697
25.655172 -2.7586207 -20.55623342266216
25.655172 -2.9310346 -20.675169343966626
25.655172 -3.1034484 -20.803956735285894
25.655172 -3.275862 -20.941691536314995
25.655172 -3.4482758 -21.083443354611898
25.655172 -3.6206896 -21.22228620125305
25.655172 -3.7931035 -21.35393012192436
25.655172 -3.9655173 -21.48033492207755
25.655172 -4.1379309 -21.60827950221713
25.655172 -4.3103447 -21.744162606407023
25.655172 -4.4827585 -21.889756433091453
25.655172 -4.6551723 -22.041135389559045
25.655172 -4.8275862 -22.190659824150757
25.655172 -5.0 -22.331657797917554

26.0 0.0 -21.290492296105082
26.0 -0.1724138 -21.16298946245964
26.0 -0.34482759 -21.03443514774344
26.0 -0.51724136 -20.91148131311792
26.0 -0.68965518 -20.800837513260433
26.0 -0.86206895 -20.707032552975807
26.0 -1.0344827 -20.63267639003134
26.0 -1.2068965 -20.57974138126523
26.0 -1.3793104 -20.55020302384163
26.0 -1.5517242 -20.545569105344452
26.0 -1.7241379 -20.566082378793705
26.0 -1.8965517 -20.610572715219437
26.0 -2.0689654 -20.67713021283271
26.0 -2.2413793 -20.763814238865994
26.0 -2.4137931 -20.868407051442247
26.0 -2.5862069 -20.98719727082712
26.0 -2.7586207 -21.114136756116302
26.0 -2.9310346 -21.242118245280697
26.0 -3.1034484 -21.36661248588847
26.0 -3.275862 -21.48875482056772
26.0 -3.4482758 -21.614193225048307
26.0 -3.6206896 -21.74843904812411
26.0 -3.7931035 -21.892808380306334
26.0 -3.9655173 -22.043219225341698
26.0 -4.1379309 -22.192007877860064
26.0 -4.3103447 -22.332502213952527
26.0 -4.4827585 -22.463892616598738
26.0 -4.6551723 -22.591495665782105
26.0 -4.8275862 -22.721683147039947
26.0 -5.0 -22.856748916907996
