# KROME file, XRAY He rate
# Xray rate including primary and secondary H ionization in 1/s
# first line indicates the size of the table (30x30)
# then first column is the parameter log10(nH), where nH is the H column density in cm-2
# second column is log10(xHe), where xHe = nHe/nH both in cm-2
# third column is log10(rate), where rate is in units of 1/s

16.0 0.0 -16.9912130969447
16.0 -0.1724138 -16.99121306579578
16.0 -0.34482759 -16.99121304078689
16.0 -0.51724136 -16.991213020929393
16.0 -0.68965518 -16.991213005438297
16.0 -0.86206895 -16.991212993701225
16.0 -1.0344827 -16.991212985254194
16.0 -1.2068965 -16.99121297976328
16.0 -1.3793104 -16.99121297701142
16.0 -1.5517242 -16.99121297688983
16.0 -1.7241379 -16.991212979393705
16.0 -1.8965517 -16.991212984622027
16.0 -2.0689654 -16.99121299278147
16.0 -2.2413793 -16.99121300419461
16.0 -2.4137931 -16.991213019312596
16.0 -2.5862069 -16.991213038733076
16.0 -2.7586207 -16.99121306322376
16.0 -2.9310346 -16.991213093752815
16.0 -3.1034484 -16.99121313152706
16.0 -3.275862 -16.991213178039715
16.0 -3.4482758 -16.991213235129585
16.0 -3.6206896 -16.991213305053453
16.0 -3.7931035 -16.991213390575552
16.0 -3.9655173 -16.991213495076565
16.0 -4.1379309 -16.991213622687415
16.0 -4.3103447 -16.991213778453
16.0 -4.4827585 -16.991213968530765
16.0 -4.6551723 -16.99121420043467
16.0 -4.8275862 -16.991214483332275
16.0 -5.0 -16.991214828406434

16.344828 0.0 -16.991213322986624
16.344828 -0.1724138 -16.991213254078442
16.344828 -0.34482759 -16.991213198753332
16.344828 -0.51724136 -16.99121315482423
16.344828 -0.68965518 -16.991213120554555
16.344828 -0.86206895 -16.991213094589597
16.344828 -1.0344827 -16.991213075902923
16.344828 -1.2068965 -16.99121306375582
16.344828 -1.3793104 -16.991213057668105
16.344828 -1.5517242 -16.991213057399126
16.344828 -1.7241379 -16.991213062938243
16.344828 -1.8965517 -16.991213074504433
16.344828 -2.0689654 -16.9912130925549
16.344828 -2.2413793 -16.991213117803245
16.344828 -2.4137931 -16.991213151247525
16.344828 -2.5862069 -16.99121319420985
16.344828 -2.7586207 -16.99121324838857
16.344828 -2.9310346 -16.991213315925478
16.344828 -3.1034484 -16.991213399490306
16.344828 -3.275862 -16.991213502386376
16.344828 -3.4482758 -16.991213628681525
16.344828 -3.6206896 -16.99121378336823
16.344828 -3.7931035 -16.991213972561535
16.344828 -3.9655173 -16.991214203740228
16.344828 -4.1379309 -16.99121448604275
16.344828 -4.3103447 -16.991214830629428
16.344828 -4.4827585 -16.991215251121734
16.344828 -4.6551723 -16.991215764142
16.344828 -4.8275862 -16.991216389970592
16.344828 -5.0 -16.991217153345996

16.689655 0.0 -16.991213823038187
16.689655 -0.1724138 -16.991213670598754
16.689655 -0.34482759 -16.991213548207924
16.689655 -0.51724136 -16.99121345102746
16.689655 -0.68965518 -16.991213375215672
16.689655 -0.86206895 -16.991213317775678
16.689655 -1.0344827 -16.991213276436792
16.689655 -1.2068965 -16.991213249564826
16.689655 -1.3793104 -16.991213236097504
16.689655 -1.5517242 -16.99121323550247
16.689655 -1.7241379 -16.99121324775617
16.689655 -1.8965517 -16.991213273343032
16.689655 -2.0689654 -16.9912133132745
16.689655 -2.2413793 -16.99121336912919
16.689655 -2.4137931 -16.991213443115026
16.689655 -2.5862069 -16.991213538156774
16.689655 -2.7586207 -16.991213658011546
16.689655 -2.9310346 -16.991213807417424
16.689655 -3.1034484 -16.991213992280404
16.689655 -3.275862 -16.99121421990809
16.689655 -3.4482758 -16.991214499299346
16.689655 -3.6206896 -16.99121484149851
16.689655 -3.7931035 -16.991215260033243
16.689655 -3.9655173 -16.991215771448008
16.689655 -4.1379309 -16.991216395958713
16.689655 -4.3103447 -16.991217158253928
16.689655 -4.4827585 -16.991218088466635
16.689655 -4.6551723 -16.99121922336803
16.689655 -4.8275862 -16.99122060782117
16.689655 -5.0 -16.991222296550763

17.034483 0.0 -16.991214929261417
17.034483 -0.1724138 -16.991214592032918
17.034483 -0.34482759 -16.99121432127823
17.034483 -0.51724136 -16.991214106294183
17.034483 -0.68965518 -16.9912139385822
17.034483 -0.86206895 -16.99121381151255
17.034483 -1.0344827 -16.991213720062007
17.034483 -1.2068965 -16.991213660615408
17.034483 -1.3793104 -16.99121363082278
17.034483 -1.5517242 -16.991213629506433
17.034483 -1.7241379 -16.991213656614274
17.034483 -1.8965517 -16.991213713217935
17.034483 -2.0689654 -16.991213801554956
17.034483 -2.2413793 -16.991213925117574
17.034483 -2.4137931 -16.99121408879015
17.034483 -2.5862069 -16.991214299042895
17.034483 -2.7586207 -16.991214564187274
17.034483 -2.9310346 -16.99121489470489
17.034483 -3.1034484 -16.991215303660958
17.034483 -3.275862 -16.9912158072213
17.034483 -3.4482758 -16.991216425293086
17.034483 -3.6206896 -16.99121718230836
17.034483 -3.7931035 -16.99121810819263
17.034483 -3.9655173 -16.99121923954491
17.034483 -4.1379309 -16.99122062108578
17.034483 -4.3103447 -16.99122230742966
17.034483 -4.4827585 -16.99122436523413
17.034483 -4.6551723 -16.991226875840464
17.034483 -4.8275862 -16.991229938488594
17.034483 -5.0 -16.991233674231225

17.379311 0.0 -16.991217376458337
17.379311 -0.1724138 -16.991216630439272
17.379311 -0.34482759 -16.99121603147346
17.379311 -0.51724136 -16.99121555588361
17.379311 -0.68965518 -16.99121518486927
17.379311 -0.86206895 -16.991214903764245
17.379311 -1.0344827 -16.991214701456176
17.379311 -1.2068965 -16.99121456994761
17.379311 -1.3793104 -16.991214504039952
17.379311 -1.5517242 -16.9912145011279
17.379311 -1.7241379 -16.99121456109623
17.379311 -1.8965517 -16.991214686315598
17.379311 -2.0689654 -16.99121488173588
17.379311 -2.2413793 -16.991215155082585
17.379311 -2.4137931 -16.991215517160885
17.379311 -2.5862069 -16.991215982284068
17.379311 -2.7586207 -16.991216568838663
17.379311 -2.9310346 -16.991217300011805
17.379311 -3.1034484 -16.991218204705987
17.379311 -3.275862 -16.991219318682578
17.379311 -3.4482758 -16.99122068597915
17.379311 -3.6206896 -16.991222360642645
17.379311 -3.7931035 -16.991224408871673
17.379311 -3.9655173 -16.991226911626583
17.379311 -4.1379309 -16.991229967832144
17.379311 -4.3103447 -16.991233698297048
17.379311 -4.4827585 -16.991238250467113
17.379311 -4.6551723 -16.99124380426417
17.379311 -4.8275862 -16.991250579194713
17.379311 -5.0 -16.9912588430033

17.724138 0.0 -16.991222790118456
17.724138 -0.1724138 -16.99122113978483
17.724138 -0.34482759 -16.991219814757894
17.724138 -0.51724136 -16.99121876266053
17.724138 -0.68965518 -16.991217941903546
17.724138 -0.86206895 -16.991217320043138
17.724138 -1.0344827 -16.99121687249699
17.724138 -1.2068965 -16.991216581573436
17.724138 -1.3793104 -16.991216435772316
17.724138 -1.5517242 -16.99121642933024
17.724138 -1.7241379 -16.991216561992307
17.724138 -1.8965517 -16.991216839002824
17.724138 -2.0689654 -16.991217271311722
17.724138 -2.2413793 -16.991217876009102
17.724138 -2.4137931 -16.99121867699768
17.724138 -2.5862069 -16.99121970594058
17.724138 -2.7586207 -16.991221003511313
17.724138 -2.9310346 -16.991222621002677
17.724138 -3.1034484 -16.991224622350014
17.724138 -3.275862 -16.991227086660444
17.724138 -3.4482758 -16.991230111347548
17.724138 -3.6206896 -16.991233815964375
17.724138 -3.7931035 -16.99123834694104
17.724138 -3.9655173 -16.991243883356287
17.724138 -4.1379309 -16.99125064401889
17.724138 -4.3103447 -16.991258896133
17.724138 -4.4827585 -16.991268965805187
17.724138 -4.6551723 -16.99128125094932
17.724138 -4.8275862 -16.99129623699465
17.724138 -5.0 -16.991314516002475

18.068966 0.0 -16.991234766089207
18.068966 -0.1724138 -16.99123111528709
18.068966 -0.34482759 -16.991228184102727
18.068966 -0.51724136 -16.991225856676817
18.068966 -0.68965518 -16.99122404101188
18.068966 -0.86206895 -16.991222665339734
18.068966 -1.0344827 -16.99122167528195
18.068966 -1.2068965 -16.991221031702604
18.068966 -1.3793104 -16.991220709161976
18.068966 -1.5517242 -16.99122069491072
18.068966 -1.7241379 -16.991220988384928
18.068966 -1.8965517 -16.991221601185636
18.068966 -2.0689654 -16.991222557535366
18.068966 -2.2413793 -16.991223895239234
18.068966 -2.4137931 -16.991225667172262
18.068966 -2.5862069 -16.99122794337563
18.068966 -2.7586207 -16.99123081382115
18.068966 -2.9310346 -16.99123439196943
18.068966 -3.1034484 -16.991238819244096
18.068966 -3.275862 -16.991244270624577
18.068966 -3.4482758 -16.99125096157709
18.068966 -3.6206896 -16.99125915652864
18.068966 -3.7931035 -16.991269179339596
18.068966 -3.9655173 -16.991281426059686
18.068966 -4.1379309 -16.991296380575736
18.068966 -4.3103447 -16.991314633754907
18.068966 -4.4827585 -16.99133690664918
18.068966 -4.6551723 -16.991364078985224
18.068966 -4.8275862 -16.991397223827118
18.068966 -5.0 -16.9914376497373

18.413794 0.0 -16.99126125832618
18.413794 -0.1724138 -16.991253182425755
18.413794 -0.34482759 -16.991246698321923
18.413794 -0.51724136 -16.99124154975906
18.413794 -0.68965518 -16.991237533252452
18.413794 -0.86206895 -16.99123449005767
18.413794 -1.0344827 -16.991232299892513
18.413794 -1.2068965 -16.991230876189174
18.413794 -1.3793104 -16.991230162674984
18.413794 -1.5517242 -16.991230131148175
18.413794 -1.7241379 -16.991230780361278
18.413794 -1.8965517 -16.99123213597578
18.413794 -2.0689654 -16.991234251571658
18.413794 -2.2413793 -16.99123721077275
18.413794 -2.4137931 -16.991241130535457
18.413794 -2.5862069 -16.991246165783785
18.413794 -2.7586207 -16.991252515521403
18.413794 -2.9310346 -16.9912604306977
18.413794 -3.1034484 -16.99127022409772
18.413794 -3.275862 -16.991282282702684
18.413794 -3.4482758 -16.99129708300503
18.413794 -3.6206896 -16.9913152097283
18.413794 -3.7931035 -16.991337378955407
18.413794 -3.9655173 -16.991364466289145
18.413794 -4.1379309 -16.991397541381446
18.413794 -4.3103447 -16.991437910153035
18.413794 -4.4827585 -16.991487165934668
18.413794 -4.6551723 -16.991547252207365
18.413794 -4.8275862 -16.99162053885962
18.413794 -5.0 -16.99170991482661

18.758621 0.0 -16.99131985869599
18.758621 -0.1724138 -16.991301995386976
18.758621 -0.34482759 -16.991287652713034
18.758621 -0.51724136 -16.991276264028958
18.758621 -0.68965518 -16.991267379348393
18.758621 -0.86206895 -16.991260647604783
18.758621 -1.0344827 -16.991255802780437
18.758621 -1.2068965 -16.991252653414925
18.758621 -1.3793104 -16.991251075048233
18.758621 -1.5517242 -16.99125100530462
18.758621 -1.7241379 -16.991252441424482
18.758621 -1.8965517 -16.991255440164064
18.758621 -2.0689654 -16.991260120026748
18.758621 -2.2413793 -16.99126666596051
18.758621 -2.4137931 -16.991275336625993
18.758621 -2.5862069 -16.99128647463867
18.758621 -2.7586207 -16.991300520072574
18.758621 -2.9310346 -16.99131802783547
18.758621 -3.1034484 -16.99133968950824
18.758621 -3.275862 -16.991366360630646
18.758621 -3.4482758 -16.991399094494426
18.758621 -3.6206896 -16.991439183426515
18.758621 -3.7931035 -16.991488209761496
18.758621 -3.9655173 -16.99154810785312
18.758621 -4.1379309 -16.99162124003618
18.758621 -4.3103447 -16.99171048939509
18.758621 -4.4827585 -16.991819371963896
18.758621 -4.6551723 -16.99195217413227
18.758621 -4.8275862 -16.992114119282576
18.758621 -5.0 -16.992311569673586

19.103449 0.0 -16.9914494664187
19.103449 -0.1724138 -16.99140996015365
19.103449 -0.34482759 -16.991378238592908
19.103449 -0.51724136 -16.991353049400562
19.103449 -0.68965518 -16.99133339791653
19.103449 -0.86206895 -16.991318508042653
19.103449 -1.0344827 -16.991307791642953
19.103449 -1.2068965 -16.991300825390173
19.103449 -1.3793104 -16.99129733408431
19.103449 -1.5517242 -16.99129717979823
19.103449 -1.7241379 -16.991300356427413
19.103449 -1.8965517 -16.991306989468136
19.103449 -2.0689654 -16.991317340943894
19.103449 -2.2413793 -16.99133181977613
19.103449 -2.4137931 -16.991350997827098
19.103449 -2.5862069 -16.991375632501704
19.103449 -2.7586207 -16.991406696535364
19.103449 -2.9310346 -16.99144541630345
19.103449 -3.1034484 -16.991493319943398
19.103449 -3.275862 -16.99155229743165
19.103449 -3.4482758 -16.991624674917393
19.103449 -3.6206896 -16.991713305420305
19.103449 -3.7931035 -16.991821680657104
19.103449 -3.9655173 -16.991954066836364
19.103449 -4.1379309 -16.99211567064266
19.103449 -4.3103447 -16.99231284140586
19.103449 -4.4827585 -16.992553314787543
19.103449 -4.6551723 -16.992846510052296
19.103449 -4.8275862 -16.99320388879602
19.103449 -5.0 -16.993639386922357

19.448277 0.0 -16.991736043570103
19.448277 -0.1724138 -16.991648702197338
19.448277 -0.34482759 -16.991578564167686
19.448277 -0.51724136 -16.991522864934282
19.448277 -0.68965518 -16.991479408038675
19.448277 -0.86206895 -16.99144647920984
19.448277 -1.0344827 -16.991422779088957
19.448277 -1.2068965 -16.991407372283753
19.448277 -1.3793104 -16.991399650640695
19.448277 -1.5517242 -16.99139930933611
19.448277 -1.7241379 -16.991406334867058
19.448277 -1.8965517 -16.99142100456086
19.448277 -2.0689654 -16.991443897425988
19.448277 -2.2413793 -16.991475916991597
19.448277 -2.4137931 -16.99151832662364
19.448277 -2.5862069 -16.991572799251408
19.448277 -2.7586207 -16.991641482848696
19.448277 -2.9310346 -16.991727084557898
19.448277 -3.1034484 -16.991832976214855
19.448277 -3.275862 -16.99196332586593
19.448277 -3.4482758 -16.992123260151644
19.448277 -3.6206896 -16.992319061897312
19.448277 -3.7931035 -16.992558412972087
19.448277 -3.9655173 -16.992850687998295
19.448277 -4.1379309 -16.99320731163598
19.448277 -4.3103447 -16.99364219118561
19.448277 -4.4827585 -16.994172234094286
19.448277 -4.6551723 -16.99481797380042
19.448277 -4.8275862 -16.99560431663341
19.448277 -5.0 -16.99656142906009

19.793104 0.0 -16.992369311797063
19.793104 -0.1724138 -16.992176363023376
19.793104 -0.34482759 -16.992021383349798
19.793104 -0.51724136 -16.99189828570703
19.793104 -0.68965518 -16.991802230295836
19.793104 -0.86206895 -16.991729437597787
19.793104 -1.0344827 -16.991677041578424
19.793104 -1.2068965 -16.99164297832089
19.793104 -1.3793104 -16.99162590562894
19.793104 -1.5517242 -16.991625150639084
19.793104 -1.7241379 -16.99164068348775
19.793104 -1.8965517 -16.991673116227506
19.793104 -2.0689654 -16.99172372660037
19.793104 -2.2413793 -16.991794508063357
19.793104 -2.4137931 -16.991888247067298
19.793104 -2.5862069 -16.992008631732528
19.793104 -2.7586207 -16.992160394686795
19.793104 -2.9310346 -16.99234949613768
19.793104 -3.1034484 -16.992583352809035
19.793104 -3.275862 -16.992871122196732
19.793104 -3.4482758 -16.99322405189289
19.793104 -3.6206896 -16.993655902071332
19.793104 -3.7931035 -16.99418346115636
19.793104 -3.9655173 -16.99482716379772
19.793104 -4.1379309 -16.99561183457801
19.793104 -4.3103447 -16.996567576616325
19.793104 -4.4827585 -16.997730816569725
19.793104 -4.6551723 -16.99914554388308
19.793104 -4.8275862 -17.000864752874747
19.793104 -5.0 -17.00295210311075

20.137932 0.0 -16.993766831885146
20.137932 -0.1724138 -16.993341295380084
20.137932 -0.34482759 -16.99299932587581
20.137932 -0.51724136 -16.99272759634186
20.137932 -0.68965518 -16.99251549336224
20.137932 -0.86206895 -16.992354718054916
20.137932 -1.0344827 -16.992238971091297
20.137932 -1.2068965 -16.9921637127756
20.137932 -1.3793104 -16.99212598931191
20.137932 -1.5517242 -16.992124319349198
20.137932 -1.7241379 -16.992158636861415
20.137932 -1.8965517 -16.992230288755994
20.137932 -2.0689654 -16.992342086345676
20.137932 -2.2413793 -16.992498413593935
20.137932 -2.4137931 -16.99270539397445
20.137932 -2.5862069 -16.992971124471314
20.137932 -2.7586207 -16.993305981852743
20.137932 -2.9310346 -16.993723013160007
20.137932 -3.1034484 -16.994238420668566
20.137932 -3.275862 -16.994872159002192
20.137932 -3.4482758 -16.995648661259395
20.137932 -3.6206896 -16.996597705299347
20.137932 -3.7931035 -16.99775545465257
20.137932 -3.9655173 -16.999165680419235
20.137932 -4.1379309 -17.000881196311664
20.137932 -4.3103447 -17.002965521908276
20.137932 -4.4827585 -17.005494762485593
20.137932 -4.6551723 -17.00855973857891
20.137932 -4.8275862 -17.012268319026326
20.137932 -5.0 -17.01674790956442

20.482758 0.0 -16.996841920834257
20.482758 -0.1724138 -16.9959068630583
20.482758 -0.34482759 -16.995154610855554
20.482758 -0.51724136 -16.994556345461326
20.482758 -0.68965518 -16.99408903517296
20.482758 -0.86206895 -16.993734620660064
20.482758 -1.0344827 -16.99347936417483
20.482758 -1.2068965 -16.993313349357823
20.482758 -1.3793104 -16.99323011654282
20.482758 -1.5517242 -16.993226423426385
20.482758 -1.7241379 -16.993302124138854
20.482758 -1.8965517 -16.99346016398501
20.482758 -2.0689654 -16.99370668795085
20.482758 -2.2413793 -16.99405126859519
20.482758 -2.4137931 -16.994507255667482
20.482758 -2.5862069 -16.99509226337611
20.482758 -2.7586207 -16.99582880219187
20.482758 -2.9310346 -16.99674507493255
20.482758 -3.1034484 -16.99787595018262
20.482758 -3.275862 -16.999264138288503
20.482758 -3.4482758 -17.000961587638333
20.482758 -3.6206896 -17.003031098836523
20.482758 -3.7931035 -17.005548195345934
20.482758 -3.9655173 -17.008603214919088
20.482758 -4.1379309 -17.01230362712182
20.482758 -4.3103447 -17.01677652770467
20.482758 -4.4827585 -17.022171187467546
20.482758 -4.6551723 -17.028661620433837
20.482758 -4.8275862 -17.036448972972675
20.482758 -5.0 -17.045763576460246

20.827587 0.0 -17.00356589876228
20.827587 -0.1724138 -17.001527373218995
20.827587 -0.34482759 -16.999883546704282
20.827587 -0.51724136 -16.998573745129068
20.827587 -0.68965518 -16.99754911272545
20.827587 -0.86206895 -16.996771111445387
20.827587 -1.0344827 -16.99621028844347
20.827587 -1.2068965 -16.99584530901393
20.827587 -1.3793104 -16.995662240370798
20.827587 -1.5517242 -16.99565407634972
20.827587 -1.7241379 -16.995820495245965
20.827587 -1.8965517 -16.996167848346367
20.827587 -2.0689654 -16.996709374998094
20.827587 -2.2413793 -16.99746565306791
20.827587 -2.4137931 -16.998465282509287
20.827587 -2.5862069 -16.99974582478914
20.827587 -2.7586207 -17.001354994944762
20.827587 -2.9310346 -17.003352123300207
20.827587 -3.1034484 -17.005809878961536
20.827587 -3.275862 -17.008816260914084
20.827587 -3.4482758 -17.012476830453558
20.827587 -3.6206896 -17.016917098373625
20.827587 -3.7931035 -17.022285052855658
20.827587 -3.9655173 -17.028753644454255
20.827587 -4.1379309 -17.03652314107267
20.827587 -4.3103447 -17.04582319070887
20.827587 -4.4827585 -17.056914380825408
20.827587 -4.6551723 -17.070089457093513
20.827587 -4.8275862 -17.085674314447232
20.827587 -5.0 -17.104029303806257

21.172413 0.0 -17.018074284155496
21.172413 -0.1724138 -17.013702741521758
21.172413 -0.34482759 -17.01016062674105
21.172413 -0.51724136 -17.007327169716607
21.172413 -0.68965518 -17.005103622366295
21.172413 -0.86206895 -17.003411121692793
21.172413 -1.0344827 -17.00218880718251
21.172413 -1.2068965 -17.001392266961076
21.172413 -1.3793104 -17.000992342314394
21.172413 -1.5517242 -17.00097431260628
21.172413 -1.7241379 -17.001337471413517
21.172413 -1.8965517 -17.002095102090227
21.172413 -2.0689654 -17.003274843856705
21.172413 -2.2413793 -17.00491945456653
21.172413 -2.4137931 -17.00708793788082
21.172413 -2.5862069 -17.009857041392692
21.172413 -2.7586207 -17.01332305824809
21.172413 -2.9310346 -17.01760389044253
21.172413 -3.1034484 -17.022841261214307
21.172413 -3.275862 -17.029202983537083
21.172413 -3.4482758 -17.036885129654394
21.172413 -3.6206896 -17.046113862463688
21.172413 -3.7931035 -17.0571469449509
21.172413 -3.9655173 -17.07027477883193
21.172413 -4.1379309 -17.085821318916953
21.172413 -4.3103447 -17.104145389494512
21.172413 -4.4827585 -17.1256430155092
21.172413 -4.6551723 -17.150751657241784
21.172413 -4.8275862 -17.17995524631374
21.172413 -5.0 -17.213785731912772

21.517242 0.0 -17.048561715424665
21.517242 -0.1724138 -17.039484333220393
21.517242 -0.34482759 -17.032061982573268
21.517242 -0.51724136 -17.02607920951912
21.517242 -0.68965518 -17.021354913367166
21.517242 -0.86206895 -17.01774106721063
21.517242 -1.0344827 -17.015121269214866
21.517242 -1.2068965 -17.013409332228463
21.517242 -1.3793104 -17.012548059611877
21.517242 -1.5517242 -17.01250833796839
21.517242 -1.7241379 -17.0132886333385
21.517242 -1.8965517 -17.01491494242079
21.517242 -2.0689654 -17.017441180568365
21.517242 -2.2413793 -17.020949987789553
21.517242 -2.4137931 -17.025553822562458
21.517242 -2.5862069 -17.03139627668729
21.517242 -2.7586207 -17.038653386393708
21.517242 -2.9310346 -17.047534806773378
21.517242 -3.1034484 -17.058284666035963
21.517242 -3.275862 -17.071182145444666
21.517242 -3.4482758 -17.086541989558743
21.517242 -3.6206896 -17.10471532471376
21.517242 -3.7931035 -17.126091855022665
21.517242 -3.9655173 -17.15110370587354
21.517242 -4.1379309 -17.18023028809508
21.517242 -4.3103447 -17.21399985128784
21.517242 -4.4827585 -17.252977610916673
21.517242 -4.6551723 -17.297725718613783
21.517242 -4.8275862 -17.348719046856132
21.517242 -5.0 -17.406214349237242

21.862068 0.0 -17.109693588729915
21.862068 -0.1724138 -17.09184283343125
21.862068 -0.34482759 -17.07703809804275
21.862068 -0.51724136 -17.06495355468325
21.862068 -0.68965518 -17.055307539763405
21.862068 -0.86206895 -17.047863006177746
21.862068 -1.0344827 -17.042428422385644
21.862068 -1.2068965 -17.03885866572861
21.862068 -1.3793104 -17.037055651785963
21.862068 -1.5517242 -17.036968672150056
21.862068 -1.7241379 -17.038594490364257
21.862068 -1.8965517 -17.0419772612035
21.862068 -2.0689654 -17.047208238847663
21.862068 -2.2413793 -17.054425284917194
21.862068 -2.4137931 -17.06381204583979
21.862068 -2.5862069 -17.075596971899248
21.862068 -2.7586207 -17.090052297754013
21.862068 -2.9310346 -17.107493619836696
21.862068 -3.1034484 -17.12828077641034
21.862068 -3.275862 -17.15282073209969
21.862068 -3.4482758 -17.181571606298444
21.862068 -3.6206896 -17.215043307697496
21.862068 -3.7931035 -17.253785558099363
21.862068 -3.9655173 -17.29834741302804
21.862068 -4.1379309 -17.349193063919305
21.862068 -4.3103447 -17.406571231296866
21.862068 -4.4827585 -17.470367673513078
21.862068 -4.6551723 -17.54001964619076
21.862068 -4.8275862 -17.61460536073057
21.862068 -5.0 -17.693192178978325

22.206898 0.0 -17.224642423437718
22.206898 -0.1724138 -17.191820891753146
22.206898 -0.34482759 -17.16418392206487
22.206898 -0.51724136 -17.141292265912693
22.206898 -0.68965518 -17.122767878650645
22.206898 -0.86206895 -17.108295772588413
22.206898 -1.0344827 -17.09762247388978
22.206898 -1.2068965 -17.090555214030555
22.206898 -1.3793104 -17.0869624158987
22.206898 -1.5517242 -17.086774743847858
22.206898 -1.7241379 -17.089985836251913
22.206898 -1.8965517 -17.096652250284794
22.206898 -2.0689654 -17.106892567832308
22.206898 -2.2413793 -17.1208863224621
22.206898 -2.4137931 -17.1388735222624
22.206898 -2.5862069 -17.161155847696687
22.206898 -2.7586207 -17.18809877574354
22.206898 -2.9310346 -17.22013092922418
22.206898 -3.1034484 -17.25773105022969
22.206898 -3.275862 -17.301387582693142
22.206898 -3.4482758 -17.351514892006893
22.206898 -3.6206896 -17.40832243458313
22.206898 -3.7931035 -17.471667233590434
22.206898 -3.9655173 -17.54096608125838
22.206898 -4.1379309 -17.615282205996053
22.206898 -4.3103447 -17.693670531965644
22.206898 -4.4827585 -17.775712154815814
22.206898 -4.6551723 -17.861929922649
22.206898 -4.8275862 -17.953662856367675
22.206898 -5.0 -18.052232965722467

22.551723 0.0 -17.425159555044857
22.551723 -0.1724138 -17.36986454013313
22.551723 -0.34482759 -17.3220055292115
22.551723 -0.51724136 -17.28155558716805
22.551723 -0.68965518 -17.2483081870648
22.551723 -0.86206895 -17.22200117386343
22.551723 -1.0344827 -17.202393012433447
22.551723 -1.2068965 -17.18929630504227
22.551723 -1.3793104 -17.182585464164
22.551723 -1.5517242 -17.182194152968233
22.551723 -1.7241379 -17.188112110474012
22.551723 -1.8965517 -17.2003855871021
22.551723 -2.0689654 -17.219121370264368
22.551723 -2.2413793 -17.24449066241601
22.551723 -2.4137931 -17.276723080532502
22.551723 -2.5862069 -17.31607569982393
22.551723 -2.7586207 -17.36275935749381
22.551723 -2.9310346 -17.416816493164838
22.551723 -3.1034484 -17.477976275262343
22.551723 -3.275862 -17.5455626609802
22.551723 -3.4482758 -17.618569822829183
22.551723 -3.6206896 -17.695992296282352
22.551723 -3.7931035 -17.777348724410334
22.551723 -3.9655173 -17.86309403576954
22.551723 -4.1379309 -17.954501126285486
22.551723 -4.3103447 -18.05283887312868
22.551723 -4.4827585 -18.158188476151157
22.551723 -4.6551723 -18.268639530679145
22.551723 -4.8275862 -18.380632398851493
22.551723 -5.0 -18.49074209710397

22.896551 0.0 -17.720222991177668
22.896551 -0.1724138 -17.645864765530135
22.896551 -0.34482759 -17.57751378413241
22.896551 -0.51724136 -17.516387723242882
22.896551 -0.68965518 -17.46375600095226
22.896551 -0.86206895 -17.420629110610612
22.896551 -1.0344827 -17.387678742856583
22.896551 -1.2068965 -17.365297040361202
22.896551 -1.3793104 -17.353688311009687
22.896551 -1.5517242 -17.3529359228146
22.896551 -1.7241379 -17.36303378980596
22.896551 -1.8965517 -17.383888827276454
22.896551 -2.0689654 -17.41529383013367
22.896551 -2.2413793 -17.456863749296083
22.896551 -2.4137931 -17.50794307993406
22.896551 -2.5862069 -17.567538867780826
22.896551 -2.7586207 -17.634383075246244
22.896551 -2.9310346 -17.707222844676224
22.896551 -3.1034484 -17.78530377306368
22.896551 -3.275862 -17.868774855394705
22.896551 -3.4482758 -17.958605186958888
22.896551 -3.6206896 -18.055813414093006
22.896551 -3.7931035 -18.160316147997314
22.896551 -3.9655173 -18.27011789376313
22.896551 -4.1379309 -18.38162435575196
22.896551 -4.3103447 -18.491393041243157
22.896551 -4.4827585 -18.598473127384043
22.896551 -4.6551723 -18.705372007892258
22.896551 -4.8275862 -18.816459798158764
22.896551 -5.0 -18.93499890656734

23.241379 0.0 -18.089733360705118
23.241379 -0.1724138 -17.995645894321086
23.241379 -0.34482759 -17.910882722700826
23.241379 -0.51724136 -17.835495210653015
23.241379 -0.68965518 -17.769591820588683
23.241379 -0.86206895 -17.713926841945153
23.241379 -1.0344827 -17.66986855675693
23.241379 -1.2068965 -17.638979270912067
23.241379 -1.3793104 -17.62255660152728
23.241379 -1.5517242 -17.621328130481565
23.241379 -1.7241379 -17.635315855533328
23.241379 -1.8965517 -17.663831444048157
23.241379 -2.0689654 -17.705599391204515
23.241379 -2.2413793 -17.75904726717242
23.241379 -2.4137931 -17.822757718896025
23.241379 -2.5862069 -17.895912016515684
23.241379 -2.7586207 -17.97838239329432
23.241379 -2.9310346 -18.07021179172812
23.241379 -3.1034484 -18.17063723821391
23.241379 -3.275862 -18.27729894654543
23.241379 -3.4482758 -18.386450144975914
23.241379 -3.6206896 -18.49456461896123
23.241379 -3.7931035 -18.600573430062745
23.241379 -3.9655173 -18.706813593596408
23.241379 -4.1379309 -18.817486511944615
23.241379 -4.3103447 -18.93573872784711
23.241379 -4.4827585 -19.061495435938557
23.241379 -4.6551723 -19.191239100946277
23.241379 -4.8275862 -19.319889109154953
23.241379 -5.0 -19.444095532740295

23.586206 0.0 -18.533077349069035
23.586206 -0.1724138 -18.431567384547883
23.586206 -0.34482759 -18.33185549124212
23.586206 -0.51724136 -18.237517645284445
23.586206 -0.68965518 -18.152797835804247
23.586206 -0.86206895 -18.081181027066595
23.586206 -1.0344827 -18.025062854824
23.586206 -1.2068965 -17.98606455073847
23.586206 -1.3793104 -17.96532019728435
23.586206 -1.5517242 -17.963474398635878
23.586206 -1.7241379 -17.98055695222153
23.586206 -1.8965517 -18.01597998542518
23.586206 -2.0689654 -18.068671509152516
23.586206 -2.2413793 -18.137111401075337
23.586206 -2.4137931 -18.219069513507407
23.586206 -2.5862069 -18.31124323844503
23.586206 -2.7586207 -18.40943140685095
23.586206 -2.9310346 -18.509791534843835
23.586206 -3.1034484 -18.610732636132024
23.586206 -3.275862 -18.713822240456402
23.586206 -3.4482758 -18.822491149821598
23.586206 -3.6206896 -18.939347521771673
23.586206 -3.7931035 -19.06404673245083
23.586206 -3.9655173 -19.192975265799642
23.586206 -4.1379309 -19.321027641724573
23.586206 -4.3103447 -19.44483330874732
23.586206 -4.4827585 -19.565228172749997
23.586206 -4.6551723 -19.686429018904843
23.586206 -4.8275862 -19.81234463026473
23.586206 -5.0 -19.94322196515925

23.931034 0.0 -18.987172142410927
23.931034 -0.1724138 -18.87386698223437
23.931034 -0.34482759 -18.771233595898924
23.931034 -0.51724136 -18.67899245868928
23.931034 -0.68965518 -18.596311479923234
23.931034 -0.86206895 -18.523694685990453
23.931034 -1.0344827 -18.463653112895994
23.931034 -1.2068965 -18.419866782739625
23.931034 -1.3793104 -18.395746826798266
23.931034 -1.5517242 -18.393333111417704
23.931034 -1.7241379 -18.41278221653431
23.931034 -1.8965517 -18.452331997920787
23.931034 -2.0689654 -18.508724219942813
23.931034 -2.2413793 -18.57820819149397
23.931034 -2.4137931 -18.657973826363634
23.931034 -2.5862069 -18.747183410447587
23.931034 -2.7586207 -18.846594328531886
23.931034 -2.9310346 -18.956809343230695
23.931034 -3.1034484 -19.076416593274708
23.931034 -3.275862 -19.20140746856701
23.931034 -3.4482758 -19.326570496417382
23.931034 -3.6206896 -19.44843448784704
23.931034 -3.7931035 -19.567624028324822
23.931034 -3.9655173 -19.688085432558484
23.931034 -4.1379309 -19.81351017911036
23.931034 -4.3103447 -19.94402799347457
23.931034 -4.4827585 -20.075613459777692
23.931034 -4.6551723 -20.202683215471943
23.931034 -4.8275862 -20.32242708846229
23.931034 -5.0 -20.43736354545009

24.275862 0.0 -19.498223589941585
24.275862 -0.1724138 -19.384405596947047
24.275862 -0.34482759 -19.271230139074987
24.275862 -0.51724136 -19.161868776545184
24.275862 -0.68965518 -19.06165351149276
24.275862 -0.86206895 -18.975712958560088
24.275862 -1.0344827 -18.907755086848873
24.275862 -1.2068965 -18.86015854393933
24.275862 -1.3793104 -18.834462706798654
24.275862 -1.5517242 -18.831535552096508
24.275862 -1.7241379 -18.851452502919706
24.275862 -1.8965517 -18.893483998274487
24.275862 -2.0689654 -18.956238458936454
24.275862 -2.2413793 -19.037577332807984
24.275862 -2.4137931 -19.13414213482852
24.275862 -2.5862069 -19.24107654440898
24.275862 -2.7586207 -19.352898919622444
24.275862 -2.9310346 -19.4657182133744
24.275862 -3.1034484 -19.579219125224302
24.275862 -3.275862 -19.696139390954862
24.275862 -3.4482758 -19.819188789480474
24.275862 -3.6206896 -19.947957362338016
24.275862 -3.7931035 -20.078221701584464
24.275862 -3.9655173 -20.20434910452468
24.275862 -4.1379309 -20.32348626602679
24.275862 -4.3103447 -20.438064666737297
24.275862 -4.4827585 -20.55395551650707
24.275862 -4.6551723 -20.67609875249289
24.275862 -4.8275862 -20.805441423390075
24.275862 -5.0 -20.93879138855139

24.620689 0.0 -20.00508699276738
24.620689 -0.1724138 -19.882476113624794
24.620689 -0.34482759 -19.767159918027453
24.620689 -0.51724136 -19.662200325805866
24.620689 -0.68965518 -19.568462844457297
24.620689 -0.86206895 -19.48661645444163
24.620689 -1.0344827 -19.418883748771815
24.620689 -1.2068965 -19.369068415086723
24.620689 -1.3793104 -19.341143655551537
24.620689 -1.5517242 -19.33768544302586
24.620689 -1.7241379 -19.358975105103447
24.620689 -1.8965517 -19.402908339804494
24.620689 -2.0689654 -19.465705011894993
24.620689 -2.2413793 -19.543364636382652
24.620689 -2.4137931 -19.633237141907014
24.620689 -2.5862069 -19.734434632497358
24.620689 -2.7586207 -19.846421176471825
24.620689 -2.9310346 -19.966867259921635
24.620689 -3.1034484 -20.090807177518805
24.620689 -3.275862 -20.212414246257136
24.620689 -3.4482758 -20.328633848076322
24.620689 -3.6206896 -20.441481534145623
24.620689 -3.7931035 -20.556343301161277
24.620689 -3.9655173 -20.677806922692394
24.620689 -4.1379309 -20.8066462286442
24.620689 -4.3103447 -20.93961100166405
24.620689 -4.4827585 -21.071716561111668
24.620689 -4.6551723 -21.199891956008766
24.620689 -4.8275862 -21.325558779918005
24.620689 -5.0 -21.45361575178121

24.965517 0.0 -20.494276088492924
24.965517 -0.1724138 -20.38748339519087
24.965517 -0.34482759 -20.283300876892945
24.965517 -0.51724136 -20.180332669883526
24.965517 -0.68965518 -20.08131243655153
24.965517 -0.86206895 -19.99195651280616
24.965517 -1.0344827 -19.918374798187696
24.965517 -1.2068965 -19.865374657456748
24.965517 -1.3793104 -19.83610449077788
24.965517 -1.5517242 -19.83219813302821
24.965517 -1.7241379 -19.853846558003283
24.965517 -1.8965517 -19.899807193465488
24.965517 -2.0689654 -19.967369841533216
24.965517 -2.2413793 -20.0521991878191
24.965517 -2.4137931 -20.148444616692444
24.965517 -2.5862069 -20.250013269326605
24.965517 -2.7586207 -20.353084861700296
24.965517 -2.9310346 -20.457946750506952
24.965517 -3.1034484 -20.567936623561007
24.965517 -3.275862 -20.686124873410385
24.965517 -3.4482758 -20.812521702945947
24.965517 -3.6206896 -20.94361283923784
24.965517 -3.7931035 -21.074349738743226
24.965517 -3.9655173 -21.201610773221432
24.965517 -4.1379309 -21.326712953224465
24.965517 -4.3103447 -21.454423862652146
24.965517 -4.4827585 -21.589073795375253
24.965517 -4.6551723 -21.731014128962748
24.965517 -4.8275862 -21.875783945131648
24.965517 -5.0 -22.01662829884185

25.310345 0.0 -21.006531220215226
25.310345 -0.1724138 -20.882583476135707
25.310345 -0.34482759 -20.764248330121877
25.310345 -0.51724136 -20.65641147666471
25.310345 -0.68965518 -20.562016749911756
25.310345 -0.86206895 -20.482268068760536
25.310345 -1.0344827 -20.418136918389173
25.310345 -1.2068965 -20.37158754370475
25.310345 -1.3793104 -20.345355157872607
25.310345 -1.5517242 -20.341583223916153
25.310345 -1.7241379 -20.360573069524996
25.310345 -1.8965517 -20.400602609984
25.310345 -2.0689654 -20.45893926642093
25.310345 -2.2413793 -20.533310841720805
25.310345 -2.4137931 -20.622557217865275
25.310345 -2.5862069 -20.725762682365943
25.310345 -2.7586207 -20.84065094274744
25.310345 -2.9310346 -20.96284287647321
25.310345 -3.1034484 -21.087059092901278
25.310345 -3.275862 -21.20994669754542
25.310345 -3.4482758 -21.332332788969
25.310345 -3.6206896 -21.458366589097547
25.310345 -3.7931035 -21.591888324149078
25.310345 -3.9655173 -21.732986055054916
25.310345 -4.1379309 -21.877105540437608
25.310345 -4.3103447 -22.017475502258623
25.310345 -4.4827585 -22.149987376923676
25.310345 -4.6551723 -22.27684434010812
25.310345 -4.8275862 -22.405028153363563
25.310345 -5.0 -22.541035850315716

25.655172 0.0 -21.52379549936335
25.655172 -0.1724138 -21.401684743476203
25.655172 -0.34482759 -21.28841913489858
25.655172 -0.51724136 -21.181928069263325
25.655172 -0.68965518 -21.082204983837084
25.655172 -0.86206895 -20.992459302879748
25.655172 -1.0344827 -20.917853635817863
25.655172 -1.2068965 -20.863461311190807
25.655172 -1.3793104 -20.83299194711781
25.655172 -1.5517242 -20.82843015291154
25.655172 -1.7241379 -20.85004490905207
25.655172 -1.8965517 -20.896402660760614
25.655172 -2.0689654 -20.964335181081662
25.655172 -2.2413793 -21.049117985273657
25.655172 -2.4137931 -21.14540404648867
25.655172 -2.5862069 -21.249121707457252
25.655172 -2.7586207 -21.359225997579287
25.655172 -2.9310346 -21.477420909896708
25.655172 -3.1034484 -21.60554109261239
25.655172 -3.275862 -21.742562818686476
25.655172 -3.4482758 -21.883530055422526
25.655172 -3.6206896 -22.021598533954585
25.655172 -3.7931035 -22.152604680312695
25.655172 -3.9655173 -22.278572095864448
25.655172 -4.1379309 -22.40623769551733
25.655172 -4.3103447 -22.541909208289564
25.655172 -4.4827585 -22.68728723576664
25.655172 -4.6551723 -22.838419662641286
25.655172 -4.8275862 -22.98768355296478
25.655172 -5.0 -23.128449404067517

26.0 0.0 -22.089468013129732
26.0 -0.1724138 -21.962639990842792
26.0 -0.34482759 -21.83480888667646
26.0 -0.51724136 -21.712522128567635
26.0 -0.68965518 -21.602446241684213
26.0 -0.86206895 -21.509122639101896
26.0 -1.0344827 -21.43518174427054
26.0 -1.2068965 -21.38258241541585
26.0 -1.3793104 -21.353251549533322
26.0 -1.5517242 -21.34864976889931
26.0 -1.7241379 -21.369011842245083
26.0 -1.8965517 -21.413205269421283
26.0 -2.0689654 -21.479373452310572
26.0 -2.2413793 -21.56560310939874
26.0 -2.4137931 -21.66966393349447
26.0 -2.5862069 -21.78782255358798
26.0 -2.7586207 -21.91405018624961
26.0 -2.9310346 -22.041325959142377
26.0 -3.1034484 -22.16523487655988
26.0 -3.275862 -22.28696943964945
26.0 -3.4482758 -22.41214115611063
26.0 -3.6206896 -22.546179437532075
26.0 -3.7931035 -22.69033448109522
26.0 -3.9655173 -22.84049994481836
26.0 -4.1379309 -22.989029268637832
26.0 -4.3103447 -23.12929255565875
26.0 -4.4827585 -23.26051282549002
26.0 -4.6551723 -23.38800378893957
26.0 -4.8275862 -23.518110109144843
26.0 -5.0 -23.65310112294094
