# KROME file, XRAY He rate
# Xray rate including primary and secondary H ionization in 1/s
# first line indicates the size of the table (30x30)
# then first column is the parameter log10(nH), where nH is the H column density in cm-2
# second column is log10(xHe), where xHe = nHe/nH both in cm-2
# third column is log10(rate), where rate is in units of 1/s

16.0 0.0 -10.607109426967229
16.0 -0.1724138 -10.607074196949936
16.0 -0.34482759 -10.607046086203564
16.0 -0.51724136 -10.607023984134585
16.0 -0.68965518 -10.607007017452426
16.0 -0.86206895 -10.606994515742853
16.0 -1.0344827 -10.60698598497951
16.0 -1.2068965 -10.606981088041342
16.0 -1.3793104 -10.606979631407196
16.0 -1.5517242 -10.606981557507874
16.0 -1.7241379 -10.606986942446005
16.0 -1.8965517 -10.606995999019224
16.0 -2.0689654 -10.607009085089729
16.0 -2.2413793 -10.607026717762988
16.0 -2.4137931 -10.607049593701099
16.0 -2.5862069 -10.607078616695892
16.0 -2.7586207 -10.607114933267397
16.0 -2.9310346 -10.607159977897958
16.0 -3.1034484 -10.60721552943922
16.0 -3.275862 -10.60728378121994
16.0 -3.4482758 -10.607367427565755
16.0 -3.6206896 -10.607469769231571
16.0 -3.7931035 -10.607594843337317
16.0 -3.9655173 -10.607747581202227
16.0 -4.1379309 -10.607934001430714
16.0 -4.3103447 -10.60816144541655
16.0 -4.4827585 -10.608438861782474
16.0 -4.6551723 -10.608777154209138
16.0 -4.8275862 -10.60918960251381
16.0 -5.0 -10.609692371713713

16.344828 0.0 -10.607370430360806
16.344828 -0.1724138 -10.607292515870895
16.344828 -0.34482759 -10.607230343498207
16.344828 -0.51724136 -10.607181458720076
16.344828 -0.68965518 -10.607143931195695
16.344828 -0.86206895 -10.607116278857264
16.344828 -1.0344827 -10.607097409476959
16.344828 -1.2068965 -10.607086577673552
16.344828 -1.3793104 -10.607083355542484
16.344828 -1.5517242 -10.607087615769915
16.344828 -1.7241379 -10.607099526595263
16.344828 -1.8965517 -10.607119558480557
16.344828 -2.0689654 -10.607148502579001
16.344828 -2.2413793 -10.607187502018965
16.344828 -2.4137931 -10.607238096710425
16.344828 -2.5862069 -10.607302284141745
16.344828 -2.7586207 -10.607382597828616
16.344828 -2.9310346 -10.607482206929081
16.344828 -3.1034484 -10.60760504035334
16.344828 -3.275862 -10.607755940852915
16.344828 -3.4482758 -10.607940854926635
16.344828 -3.6206896 -10.608167063838772
16.344828 -3.7931035 -10.608443467761864
16.344828 -3.9655173 -10.608780930032662
16.344828 -4.1379309 -10.609192697006279
16.344828 -4.3103447 -10.60969490820492
16.344828 -4.4827585 -10.610307209472674
16.344828 -4.6551723 -10.611053498556402
16.344828 -4.8275862 -10.611962821169708
16.344828 -5.0 -10.61307044457667

16.689655 0.0 -10.607947537650885
16.689655 -0.1724138 -10.607775281819535
16.689655 -0.34482759 -10.60763781537238
16.689655 -0.51724136 -10.60752971988858
16.689655 -0.68965518 -10.607446732715342
16.689655 -0.86206895 -10.60738558026508
16.689655 -1.0344827 -10.607343849556742
16.689655 -1.2068965 -10.60731989362539
16.689655 -1.3793104 -10.607312766865164
16.689655 -1.5517242 -10.60732218783522
16.689655 -1.7241379 -10.607348528148412
16.689655 -1.8965517 -10.607392827134582
16.689655 -2.0689654 -10.607456832468415
16.689655 -2.2413793 -10.607543068973312
16.689655 -2.4137931 -10.607654937101607
16.689655 -2.5862069 -10.607796846447757
16.689655 -2.7586207 -10.607974387815068
16.689655 -2.9310346 -10.608194551373536
16.689655 -3.1034484 -10.608465997921657
16.689655 -3.275862 -10.60879939486035
16.689655 -3.4482758 -10.609207829013044
16.689655 -3.6206896 -10.60970730685656
16.689655 -3.7931035 -10.610317367012568
16.689655 -3.9655173 -10.611061817929945
16.689655 -4.1379309 -10.611969631239699
16.689655 -4.3103447 -10.613076017717795
16.689655 -4.4827585 -10.614423705794392
16.689655 -4.6551723 -10.616064475493182
16.689655 -4.8275862 -10.618060969923885
16.689655 -5.0 -10.620488817960393

17.034483 0.0 -10.609222824803872
17.034483 -0.1724138 -10.608842283654282
17.034483 -0.34482759 -10.60853853048509
17.034483 -0.51724136 -10.608299634800249
17.034483 -0.68965518 -10.608116204187194
17.034483 -0.86206895 -10.607981021506648
17.034483 -1.0344827 -10.607888764657947
17.034483 -1.2068965 -10.607835799864917
17.034483 -1.3793104 -10.60782004018206
17.034483 -1.5517242 -10.607840864001123
17.034483 -1.7241379 -10.607899090630069
17.034483 -1.8965517 -10.607997012287901
17.034483 -2.0689654 -10.608138482865744
17.034483 -2.2413793 -10.608329068167421
17.034483 -2.4137931 -10.608576260637934
17.034483 -2.5862069 -10.608889769928949
17.034483 -2.7586207 -10.609281896331733
17.034483 -2.9310346 -10.609768002605758
17.034483 -3.1034484 -10.610367098014493
17.034483 -3.275862 -10.61110255770631
17.034483 -3.4482758 -10.612003000517696
17.034483 -3.6206896 -10.613103343034346
17.034483 -3.7931035 -10.61444607660929
17.034483 -3.9655173 -10.616082783868679
17.034483 -4.1379309 -10.618075944224419
17.034483 -4.3103447 -10.620501061724228
17.034483 -4.4827585 -10.623449121211744
17.034483 -4.6551723 -10.627029433617915
17.034483 -4.8275862 -10.631372838671535
17.034483 -5.0 -10.63663522356958

17.379311 0.0 -10.612037183973355
17.379311 -0.1724138 -10.611197915368964
17.379311 -0.34482759 -10.61052767026207
17.379311 -0.51724136 -10.61000033012755
17.379311 -0.68965518 -10.60959529997244
17.379311 -0.86206895 -10.609296734776734
17.379311 -1.0344827 -10.609092938759138
17.379311 -1.2068965 -10.608975920461724
17.379311 -1.3793104 -10.608941087252532
17.379311 -1.5517242 -10.608987068888343
17.379311 -1.7241379 -10.609115664269007
17.379311 -1.8965517 -10.609331910053806
17.379311 -2.0689654 -10.609644271575242
17.379311 -2.2413793 -10.610064965608942
17.379311 -2.4137931 -10.610610420148593
17.379311 -2.5862069 -10.611301893868333
17.379311 -2.7586207 -10.612166267166176
17.379311 -2.9310346 -10.61323703361988
17.379311 -3.1034484 -10.614555514244076
17.379311 -3.275862 -10.616172333599998
17.379311 -3.4482758 -10.618149190940184
17.379311 -3.6206896 -10.620560939784692
17.379311 -3.7931035 -10.623498040654175
17.379311 -3.9655173 -10.627069367972167
17.379311 -4.1379309 -10.63140539959182
17.379311 -4.3103447 -10.636661746445133
17.379311 -4.4827585 -10.643022871824316
17.379311 -4.6551723 -10.65070590304594
17.379311 -4.8275862 -10.659964151695723
17.379311 -5.0 -10.671089836443675

17.724138 0.0 -10.618229697600599
17.724138 -0.1724138 -10.616385592032307
17.724138 -0.34482759 -10.614911272650776
17.724138 -0.51724136 -10.613750292707756
17.724138 -0.68965518 -10.612857982373239
17.724138 -0.86206895 -10.612199877712513
17.724138 -1.0344827 -10.611750484668189
17.724138 -1.2068965 -10.611492354835436
17.724138 -1.3793104 -10.61141544613057
17.724138 -1.5517242 -10.611516751151557
17.724138 -1.7241379 -10.611800183177078
17.724138 -1.8965517 -10.612276717455808
17.724138 -2.0689654 -10.612964787116416
17.724138 -2.2413793 -10.613890950676602
17.724138 -2.4137931 -10.615090835329987
17.724138 -2.5862069 -10.61661039462724
17.724138 -2.7586207 -10.618507489512947
17.724138 -2.9310346 -10.620853830515598
17.724138 -3.1034484 -10.623737292565771
17.724138 -3.275862 -10.627264632981795
17.724138 -3.4482758 -10.631564605150883
17.724138 -3.6206896 -10.636791382260405
17.724138 -3.7931035 -10.643128268394142
17.724138 -3.9655173 -10.650791426157449
17.724138 -4.1379309 -10.66003336800253
17.724138 -4.3103447 -10.671145701175671
17.724138 -4.4827585 -10.68446027966651
17.724138 -4.6551723 -10.700347952945592
17.724138 -4.8275862 -10.719213529185883
17.724138 -5.0 -10.741485636802347

18.068966 0.0 -10.631766473600532
18.068966 -0.1724138 -10.627747710255269
18.068966 -0.34482759 -10.624527025036155
18.068966 -0.51724136 -10.621985961111402
18.068966 -0.68965518 -10.620029999110509
18.068966 -0.86206895 -10.618585745829622
18.068966 -1.0344827 -10.617598642693595
18.068966 -1.2068965 -10.617031208481631
18.068966 -1.3793104 -10.61686180025048
18.068966 -1.5517242 -10.617083881084707
18.068966 -1.7241379 -10.617705786197085
18.068966 -1.8965517 -10.618750984989934
18.068966 -2.0689654 -10.620258829948586
18.068966 -2.2413793 -10.62228581044629
18.068966 -2.4137931 -10.624907287254468
18.068966 -2.5862069 -10.628219740106006
18.068966 -2.7586207 -10.632343469781345
18.068966 -2.9310346 -10.637425723422652
18.068966 -3.1034484 -10.643644105164343
18.068966 -3.275862 -10.65121010939033
18.068966 -3.4482758 -10.660372445367562
18.068966 -3.6206896 -10.671419552293672
18.068966 -3.7931035 -10.684680730494406
18.068966 -3.9655173 -10.700524708685297
18.068966 -4.1379309 -10.719354544411152
18.068966 -4.3103447 -10.74159752457402
18.068966 -4.4827585 -10.767688933754673
18.068966 -4.6551723 -10.798050524507763
18.068966 -4.8275862 -10.833066763396861
18.068966 -5.0 -10.873067083162049

18.413794 0.0 -10.660931414337552
18.413794 -0.1724138 -10.652332318218486
18.413794 -0.34482759 -10.645403806475027
18.413794 -0.51724136 -10.63991396386329
18.413794 -0.68965518 -10.63567405541967
18.413794 -0.86206895 -10.632535290995726
18.413794 -1.0344827 -10.630385780738738
18.413794 -1.2068965 -10.629147978347921
18.413794 -1.3793104 -10.628776758989998
18.413794 -1.5517242 -10.629258221965912
18.413794 -1.7241379 -10.630609259890868
18.413794 -1.8965517 -10.63287790168072
18.413794 -2.0689654 -10.636144375773824
18.413794 -2.2413793 -10.640522849163963
18.413794 -2.4137931 -10.646163647201178
18.413794 -2.5862069 -10.653255808671263
18.413794 -2.7586207 -10.66202954406018
18.413794 -2.9310346 -10.672758118076763
18.413794 -3.1034484 -10.685758339583057
18.413794 -3.275862 -10.701388711240211
18.413794 -3.4482758 -10.720043967499777
18.413794 -3.6206896 -10.74214448717339
18.413794 -3.7931035 -10.768120001817483
18.413794 -3.9655173 -10.798387679025941
18.413794 -4.1379309 -10.833328221453394
18.413794 -4.3103447 -10.873268143075153
18.413794 -4.4827585 -10.918482001152393
18.413794 -4.6551723 -10.969232649885221
18.413794 -4.8275862 -11.025858562519714
18.413794 -5.0 -11.088889857087397

18.758621 0.0 -10.721787445835009
18.758621 -0.1724138 -10.704115142220168
18.758621 -0.34482759 -10.689707595321174
18.758621 -0.51724136 -10.678183851971463
18.758621 -0.68965518 -10.669217795145682
18.758621 -0.86206895 -10.662542267574398
18.758621 -1.0344827 -10.657950483725893
18.758621 -1.2068965 -10.65529595997673
18.758621 -1.3793104 -10.654491799280816
18.758621 -1.5517242 -10.655509899913172
18.758621 -1.7241379 -10.658380390625709
18.758621 -1.8965517 -10.663191355143141
18.758621 -2.0689654 -10.67008861445945
18.758621 -2.2413793 -10.67927519192732
18.758621 -2.4137931 -10.691009615574208
18.758621 -2.5862069 -10.705602207515838
18.758621 -2.7586207 -10.723407920761327
18.758621 -2.9310346 -10.744814485197287
18.758621 -3.1034484 -10.77022479914591
18.758621 -3.275862 -10.80003411948041
18.758621 -3.4482758 -10.834605331419523
18.758621 -3.6206896 -10.874250129915309
18.758621 -3.7931035 -10.919230907184742
18.758621 -3.9655173 -10.969800027241346
18.758621 -4.1379309 -11.026286649073109
18.758621 -4.3103447 -11.089212659021278
18.758621 -4.4827585 -11.159371453988049
18.758621 -4.6551723 -11.237763802681089
18.758621 -4.8275862 -11.325294762865589
18.758621 -5.0 -11.422236194442426

19.103449 0.0 -10.84044381206607
19.103449 -0.1724138 -10.807050756729664
19.103449 -0.34482759 -10.779178803327145
19.103449 -0.51724136 -10.75644736042924
19.103449 -0.68965518 -10.738481746574193
19.103449 -0.86206895 -10.724940067677778
19.103449 -1.0344827 -10.715535289508443
19.103449 -1.2068965 -10.710051108536586
19.103449 -1.3793104 -10.708351838580255
19.103449 -1.5517242 -10.710387127218992
19.103449 -1.7241379 -10.716192152405373
19.103449 -1.8965517 -10.72588348160087
19.103449 -2.0689654 -10.739650134215779
19.103449 -2.2413793 -10.757739271468774
19.103449 -2.4137931 -10.78043572743918
19.103449 -2.5862069 -10.80803634145332
19.103449 -2.7586207 -10.840822168375677
19.103449 -2.9310346 -10.87903696677678
19.103449 -3.1034484 -10.922885885994157
19.103449 -3.275862 -10.972572041122842
19.103449 -3.4482758 -11.028380806342444
19.103449 -3.6206896 -11.090793504062164
19.103449 -3.7931035 -11.160566461649118
19.103449 -3.9655173 -11.238667499416573
19.103449 -4.1379309 -11.325974808670077
19.103449 -4.3103447 -11.422741228423066
19.103449 -4.4827585 -11.528003253083462
19.103449 -4.6551723 -11.639316682424454
19.103449 -4.8275862 -11.753291490570064
19.103449 -5.0 -11.867086229159757

19.448277 0.0 -11.046190690040351
19.448277 -0.1724138 -10.990759683728022
19.448277 -0.34482759 -10.943131075159224
19.448277 -0.51724136 -10.90315819575441
19.448277 -0.68965518 -10.870733738156051
19.448277 -0.86206895 -10.845744587725555
19.448277 -1.0344827 -10.828064353713655
19.448277 -1.2068965 -10.817568088328219
19.448277 -1.3793104 -10.814152432986576
19.448277 -1.5517242 -10.817749746714451
19.448277 -1.7241379 -10.828330538550846
19.448277 -1.8965517 -10.845893383662755
19.448277 -2.0689654 -10.87044587548035
19.448277 -2.2413793 -10.90198598004962
19.448277 -2.4137931 -10.94049858739636
19.448277 -2.5862069 -10.985986681617032
19.448277 -2.7586207 -11.038548712623383
19.448277 -2.9310346 -11.098488040192732
19.448277 -3.1034484 -11.166392284792822
19.448277 -3.275862 -11.243077110431102
19.448277 -3.4482758 -11.329295270205064
19.448277 -3.6206896 -11.42520752219897
19.448277 -3.7931035 -11.529792970116768
19.448277 -3.9655173 -11.640576849307156
19.448277 -4.1379309 -11.75415335159382
19.448277 -4.3103447 -11.867666888631126
19.448277 -4.4827585 -11.98047358509448
19.448277 -4.6551723 -12.094426823657964
19.448277 -4.8275862 -12.2120895808114
19.448277 -5.0 -12.33418404831506

19.793104 0.0 -11.369206297062828
19.793104 -0.1724138 -11.283406518169443
19.793104 -0.34482759 -11.208975455877772
19.793104 -0.51724136 -11.145824825479465
19.793104 -0.68965518 -11.093843383466021
19.793104 -0.86206895 -11.053059963418782
19.793104 -1.0344827 -11.023617538706203
19.793104 -1.2068965 -11.005672440377966
19.793104 -1.3793104 -10.999300473479343
19.793104 -1.5517242 -11.004443389888953
19.793104 -1.7241379 -11.02090158209127
19.793104 -1.8965517 -11.04837407981632
19.793104 -2.0689654 -11.086547418841125
19.793104 -2.2413793 -11.135221697796212
19.793104 -2.4137931 -11.194422036751204
19.793104 -2.5862069 -11.264396899848677
19.793104 -2.7586207 -11.34539343859839
19.793104 -2.9310346 -11.437183301134068
19.793104 -3.1034484 -11.538492084987162
19.793104 -3.275862 -11.646707387045446
19.793104 -3.4482758 -11.75835105733728
19.793104 -3.6206896 -11.870497609624142
19.793104 -3.7931035 -11.982395578497792
19.793104 -3.9655173 -12.095759720864907
19.793104 -4.1379309 -12.213026572277965
19.793104 -4.3103447 -12.334836728441138
19.793104 -4.4827585 -12.458854686009312
19.793104 -4.6551723 -12.58111065638833
19.793104 -4.8275862 -12.699158208947132
19.793104 -5.0 -12.814413103169704

20.137932 0.0 -11.82133212883352
20.137932 -0.1724138 -11.712734254870314
20.137932 -0.34482759 -11.61062250962712
20.137932 -0.51724136 -11.518741017528269
20.137932 -0.68965518 -11.440215880261896
20.137932 -0.86206895 -11.377149062116642
20.137932 -1.0344827 -11.330798013724955
20.137932 -1.2068965 -11.30187522184479
20.137932 -1.3793104 -11.29072543067336
20.137932 -1.5517242 -11.297387096063568
20.137932 -1.7241379 -11.321628264839347
20.137932 -1.8965517 -11.362984961612984
20.137932 -2.0689654 -11.420727900033917
20.137932 -2.2413793 -11.493658156328735
20.137932 -2.4137931 -11.579755035607125
20.137932 -2.5862069 -11.675950901880123
20.137932 -2.7586207 -11.778496315478465
20.137932 -2.9310346 -11.884167470901279
20.137932 -3.1034484 -11.991726199657966
20.137932 -3.275862 -12.10225332884237
20.137932 -3.4482758 -12.217601479502553
20.137932 -3.6206896 -12.3380276312244
20.137932 -3.7931035 -12.461016649397859
20.137932 -3.9655173 -12.58253334806538
20.137932 -4.1379309 -12.700089357871258
20.137932 -4.3103447 -12.815039757432242
20.137932 -4.4827585 -12.93169852476918
20.137932 -4.6551723 -13.05398448636848
20.137932 -4.8275862 -13.182539496458395
20.137932 -5.0 -13.314297225156423

20.482758 0.0 -12.304998939704458
20.482758 -0.1724138 -12.191260308001969
20.482758 -0.34482759 -12.085582621900873
20.482758 -0.51724136 -11.988746479443769
20.482758 -0.68965518 -11.901976669232592
20.482758 -0.86206895 -11.827899430284162
20.482758 -1.0344827 -11.770133511864607
20.482758 -1.2068965 -11.732166574458638
20.482758 -1.3793104 -11.716405349714211
20.482758 -1.5517242 -11.723703482818573
20.482758 -1.7241379 -11.753241652257095
20.482758 -1.8965517 -11.802647496378146
20.482758 -2.0689654 -11.868446280402368
20.482758 -2.2413793 -11.94698903540861
20.482758 -2.4137931 -12.035623467353764
20.482758 -2.5862069 -12.133266385167548
20.482758 -2.7586207 -12.239616482573792
20.482758 -2.9310346 -12.353437439121969
20.482758 -3.1034484 -12.471482065239158
20.482758 -3.275862 -12.589436886744828
20.482758 -3.4482758 -12.704619637450643
20.482758 -3.6206896 -12.818093838878603
20.482758 -3.7931035 -12.93383666757163
20.482758 -3.9655173 -13.055507116189085
20.482758 -4.1379309 -13.18360825004709
20.482758 -4.3103447 -13.315022415200824
20.482758 -4.4827585 -13.445123384935117
20.482758 -4.6551723 -13.571230713737323
20.482758 -4.8275862 -13.694747303753925
20.482758 -5.0 -13.819770715338757

20.827587 0.0 -12.803327179148036
20.827587 -0.1724138 -12.693555047334108
20.827587 -0.34482759 -12.586054446145798
20.827587 -0.51724136 -12.482879263076924
20.827587 -0.68965518 -12.38853482267167
20.827587 -0.86206895 -12.307987648876653
20.827587 -1.0344827 -12.245381723290315
20.827587 -1.2068965 -12.203793824631003
20.827587 -1.3793104 -12.185251341415793
20.827587 -1.5517242 -12.190573795825571
20.827587 -1.7241379 -12.219262237148168
20.827587 -1.8965517 -12.269665644039303
20.827587 -2.0689654 -12.339197483861264
20.827587 -2.2413793 -12.424269230615137
20.827587 -2.4137931 -12.520206604565415
20.827587 -2.5862069 -12.622016489231774
20.827587 -2.7586207 -12.726290687639443
20.827587 -2.9310346 -12.832858656676311
20.827587 -3.1034484 -12.944236024911062
20.827587 -3.275862 -13.062934208112038
20.827587 -3.4482758 -13.188832053201994
20.827587 -3.6206896 -13.318574290554093
20.827587 -3.7931035 -13.447465073521178
20.827587 -3.9655173 -13.572766250145618
20.827587 -4.1379309 -13.695780149573741
20.827587 -4.3103447 -13.820488418719615
20.827587 -4.4827585 -13.949825311927746
20.827587 -4.6551723 -14.082912710592822
20.827587 -4.8275862 -14.215437410025958
20.827587 -5.0 -14.343039883420374

21.172413 0.0 -13.312778287243031
21.172413 -0.1724138 -13.189754044881873
21.172413 -0.34482759 -13.074585978068798
21.172413 -0.51724136 -12.970756183452094
21.172413 -0.68965518 -12.879911290802248
21.172413 -0.86206895 -12.803147632722862
21.172413 -1.0344827 -12.742430286163746
21.172413 -1.2068965 -12.700752263126144
21.172413 -1.3793104 -12.681028252589948
21.172413 -1.5517242 -12.684748139943315
21.172413 -1.7241379 -12.71128286425876
21.172413 -1.8965517 -12.758166825291392
21.172413 -2.0689654 -12.822244515740026
21.172413 -2.2413793 -12.901059060948999
21.172413 -2.4137931 -12.993401800165236
21.172413 -2.5862069 -13.09839945703348
21.172413 -2.7586207 -13.213885701981985
21.172413 -2.9310346 -13.335667127534386
21.172413 -3.1034484 -13.458776624131236
21.172413 -3.275862 -13.58021131937769
21.172413 -3.4482758 -13.700801388452158
21.172413 -3.6206896 -13.823979840896568
21.172413 -3.7931035 -13.952269934465738
21.172413 -3.9655173 -14.084584325233644
21.172413 -4.1379309 -14.216537957332251
21.172413 -4.3103447 -14.343748064777552
21.172413 -4.4827585 -14.465691502758975
21.172413 -4.6551723 -14.586462494655187
21.172413 -4.8275862 -14.711498404776858
21.172413 -5.0 -14.843395486351428

21.517242 0.0 -13.830712461534509
21.517242 -0.1724138 -13.71331655256501
21.517242 -0.34482759 -13.60191528791544
21.517242 -0.51724136 -13.495891806896703
21.517242 -0.68965518 -13.397238422101333
21.517242 -0.86206895 -13.310487126584052
21.517242 -1.0344827 -13.240948125396713
21.517242 -1.2068965 -13.193086723955533
21.517242 -1.3793104 -13.169839667956207
21.517242 -1.5517242 -13.172516312194569
21.517242 -1.7241379 -13.200831189407923
21.517242 -1.8965517 -13.2529163729195
21.517242 -2.0689654 -13.325307448482674
21.517242 -2.2413793 -13.413143909702477
21.517242 -2.4137931 -13.511132237773325
21.517242 -2.5862069 -13.615385077881287
21.517242 -2.7586207 -13.724890280324452
21.517242 -2.9310346 -13.840870807029571
21.517242 -3.1034484 -13.964140839762488
21.517242 -3.275862 -14.092719122777554
21.517242 -3.4482758 -14.221907389824338
21.517242 -3.6206896 -14.347213852525696
21.517242 -3.7931035 -14.467963477660241
21.517242 -3.9655173 -14.588019159462545
21.517242 -4.1379309 -14.712602364753625
21.517242 -4.3103447 -14.844177720025753
21.517242 -4.4827585 -14.980536710562241
21.517242 -4.6551723 -15.116023370530344
21.517242 -4.8275862 -15.245370843030496
21.517242 -5.0 -15.367861655050076

21.862068 0.0 -14.361858444762253
21.862068 -0.1724138 -14.24299311170378
21.862068 -0.34482759 -14.124909644747255
21.862068 -0.51724136 -14.012714951274653
21.862068 -0.68965518 -13.911827596646102
21.862068 -0.86206895 -13.826290665238997
21.862068 -1.0344827 -13.759006426430394
21.862068 -1.2068965 -13.712567739680727
21.862068 -1.3793104 -13.689328005342132
21.862068 -1.5517242 -13.690659520964315
21.862068 -1.7241379 -13.716301211388501
21.862068 -1.8965517 -13.764509663562034
21.862068 -2.0689654 -13.832875083205309
21.862068 -2.2413793 -13.918925531075214
21.862068 -2.4137931 -14.019760911544624
21.862068 -2.5862069 -14.131128822527458
21.862068 -2.7586207 -14.24745008265931
21.862068 -2.9310346 -14.363842555669507
21.862068 -3.1034484 -14.47894865560972
21.862068 -3.275862 -14.595580784399804
21.862068 -3.4482758 -14.71797411916846
21.862068 -3.6206896 -14.847982837716222
21.862068 -3.7931035 -14.983141913950613
21.862068 -3.9655173 -15.117727900965024
21.862068 -4.1379309 -15.246455473467632
21.862068 -4.3103447 -15.368562459645178
21.862068 -4.4827585 -15.488517293087435
21.862068 -4.6551723 -15.612383806946799
21.862068 -4.8275862 -15.743384823107986
21.862068 -5.0 -15.880044786643031

22.206898 0.0 -14.872119192240582
22.206898 -0.1724138 -14.74824568974792
22.206898 -0.34482759 -14.63458663888496
22.206898 -0.51724136 -14.531491884173567
22.206898 -0.68965518 -14.43834613923025
22.206898 -0.86206895 -14.356102282420016
22.206898 -1.0344827 -14.288227136218678
22.206898 -1.2068965 -14.239547240263862
22.206898 -1.3793104 -14.214325537730447
22.206898 -1.5517242 -14.214879367832138
22.206898 -1.7241379 -14.241006496380022
22.206898 -1.8965517 -14.290028492064843
22.206898 -2.0689654 -14.357469274920145
22.206898 -2.2413793 -14.438551761113494
22.206898 -2.4137931 -14.530126061824177
22.206898 -2.5862069 -14.63162073829117
22.206898 -2.7586207 -14.743839737906603
22.206898 -2.9310346 -14.866376303807778
22.206898 -3.1034484 -14.995763583697894
22.206898 -3.275862 -15.12600869321925
22.206898 -3.4482758 -15.251745240709141
22.206898 -3.6206896 -15.371994352887377
22.206898 -3.7931035 -15.490855249805906
22.206898 -3.9655173 -15.614042036390714
22.206898 -4.1379309 -15.744565119904868
22.206898 -4.3103447 -15.880861625860765
22.206898 -4.4827585 -16.01803637316658
22.206898 -4.6551723 -16.151384905098222
22.206898 -4.8275862 -16.28009849726337
22.206898 -5.0 -16.407927085816965

22.551723 0.0 -15.400410814392192
22.551723 -0.1724138 -15.286783446927965
22.551723 -0.34482759 -15.17287952267435
22.551723 -0.51724136 -15.060646433576604
22.551723 -0.68965518 -14.955694317325595
22.551723 -0.86206895 -14.864436891686742
22.551723 -1.0344827 -14.791981296496845
22.551723 -1.2068965 -14.74174412775327
22.551723 -1.3793104 -14.715863927212721
22.551723 -1.5517242 -14.715415630083095
22.551723 -1.7241379 -14.74034895232577
22.551723 -1.8965517 -14.789521054602693
22.551723 -2.0689654 -14.860780041242991
22.551723 -2.2413793 -14.950710274506138
22.551723 -2.4137931 -15.054185528119534
22.551723 -2.5862069 -15.164767232010256
22.551723 -2.7586207 -15.276840611671686
22.551723 -2.9310346 -15.388481853584247
22.551723 -3.1034484 -15.502175047519492
22.551723 -3.275862 -15.622093292060503
22.551723 -3.4482758 -15.750296936994589
22.551723 -3.6206896 -15.884823557340601
22.551723 -3.7931035 -16.0206681802737
22.551723 -3.9655173 -16.153091797843416
22.551723 -4.1379309 -16.28121881903241
22.551723 -4.3103447 -16.40869151801648
22.551723 -4.4827585 -16.540373592717376
22.551723 -4.6551723 -16.678081655852942
22.551723 -4.8275862 -16.81874755381316
22.551723 -5.0 -16.95623065101528

22.896551 0.0 -15.922547652958478
22.896551 -0.1724138 -15.794707161601416
22.896551 -0.34482759 -15.675284850992195
22.896551 -0.51724136 -15.56779574158976
22.896551 -0.68965518 -15.473373715165915
22.896551 -0.86206895 -15.392371431693084
22.896551 -1.0344827 -15.326351336604896
22.896551 -1.2068965 -15.278627199548204
22.896551 -1.3793104 -15.253006881353096
22.896551 -1.5517242 -15.251960114481578
22.896551 -1.7241379 -15.275463027369206
22.896551 -1.8965517 -15.321004204512139
22.896551 -2.0689654 -15.384751170244838
22.896551 -2.2413793 -15.46339322967372
22.896551 -2.4137931 -15.555410571902042
22.896551 -2.5862069 -15.660549499202814
22.896551 -2.7586207 -15.777835833477937
22.896551 -2.9310346 -15.903923218180495
22.896551 -3.1034484 -16.033403428808505
22.896551 -3.275862 -16.161390199267995
22.896551 -3.4482758 -16.28669288447103
22.896551 -3.6206896 -16.412442136367446
22.896551 -3.7931035 -16.543015819711012
22.896551 -3.9655173 -16.679929968576836
22.896551 -4.1379309 -16.81999244957879
22.896551 -4.3103447 -16.957032451418172
22.896551 -4.4827585 -17.086446656213404
22.896551 -4.6551723 -17.20919295084324
22.896551 -4.8275862 -17.331162851143
22.896551 -5.0 -17.458490393533054

23.241379 0.0 -16.453974499275393
23.241379 -0.1724138 -16.33390975975502
23.241379 -0.34482759 -16.21932759711136
23.241379 -0.51724136 -16.108992402167846
23.241379 -0.68965518 -16.005024086787852
23.241379 -0.86206895 -15.912482062983361
23.241379 -1.0344827 -15.837154389050445
23.241379 -1.2068965 -15.783769145379472
23.241379 -1.3793104 -15.755415205998235
23.241379 -1.5517242 -15.753604570674277
23.241379 -1.7241379 -15.778382894275271
23.241379 -1.8965517 -15.828343249956662
23.241379 -2.0689654 -15.90052926413088
23.241379 -2.2413793 -15.990342149050393
23.241379 -2.4137931 -16.092022284641985
23.241379 -2.5862069 -16.200334023837737
23.241379 -2.7586207 -16.31283118270906
23.241379 -2.9310346 -16.430549583931473
23.241379 -3.1034484 -16.555833744973796
23.241379 -3.275862 -16.68891123357048
23.241379 -3.4482758 -16.826047921663353
23.241379 -3.6206896 -16.960936764941863
23.241379 -3.7931035 -17.088918374312467
23.241379 -3.9655173 -17.210804287696252
23.241379 -4.1379309 -17.33227276805172
23.241379 -4.3103447 -17.459281729646396
23.241379 -4.4827585 -17.593885147004936
23.241379 -4.6551723 -17.733163073686836
23.241379 -4.8275862 -17.871239381309877
23.241379 -5.0 -18.0033699666766

23.586206 0.0 -17.00695884257432
23.586206 -0.1724138 -16.881487786021506
23.586206 -0.34482759 -16.756380163464808
23.586206 -0.51724136 -16.638280460336677
23.586206 -0.68965518 -16.532817355174394
23.586206 -0.86206895 -16.44342530385581
23.586206 -1.0344827 -16.372334990554013
23.586206 -1.2068965 -16.32187536189761
23.586206 -1.3793104 -16.294605170901256
23.586206 -1.5517242 -16.292333020064135
23.586206 -1.7241379 -16.315142428162208
23.586206 -1.8965517 -16.361345006627637
23.586206 -2.0689654 -16.428408879357175
23.586206 -2.2413793 -16.514009806058922
23.586206 -2.4137931 -16.61605165348666
23.586206 -2.5862069 -16.73143094169126
23.586206 -2.7586207 -16.85485838133193
23.586206 -2.9310346 -16.979626495099865
23.586206 -3.1034484 -17.100837887648293
23.586206 -3.275862 -17.218624748118334
23.586206 -3.4482758 -17.337680110661015
23.586206 -3.6206896 -17.463141663728887
23.586206 -3.7931035 -17.596618607255305
23.586206 -3.9655173 -17.735027990803378
23.586206 -4.1379309 -17.872457285969837
23.586206 -4.3103447 -18.004148505114983
23.586206 -4.4827585 -18.130099593528758
23.586206 -4.6551723 -18.254823540884555
23.586206 -4.8275862 -18.38319016772188
23.586206 -5.0 -18.516285115652977

23.931034 0.0 -17.51407338028254
23.931034 -0.1724138 -17.392708640070015
23.931034 -0.34482759 -17.281540046774207
23.931034 -0.51724136 -17.178795571520403
23.931034 -0.68965518 -17.082999938149854
23.931034 -0.86206895 -16.995712478626555
23.931034 -1.0344827 -16.921764836251782
23.931034 -1.2068965 -16.867209674972077
23.931034 -1.3793104 -16.837075082670033
23.931034 -1.5517242 -16.834162077452547
23.931034 -1.7241379 -16.858681709085335
23.931034 -1.8965517 -16.908238571191387
23.931034 -2.0689654 -16.978109895588034
23.931034 -2.2413793 -17.062266395635746
23.931034 -2.4137931 -17.155478942141286
23.931034 -2.5862069 -17.2555660067791
23.931034 -2.7586207 -17.363663300808618
23.931034 -2.9310346 -17.481816348925577
23.931034 -3.1034484 -17.60987454920912
23.931034 -3.275862 -17.744085529797967
23.931034 -3.4482758 -17.878385136543105
23.931034 -3.6206896 -18.007947490586503
23.931034 -3.7931035 -18.132582270012684
23.931034 -3.9655173 -18.256517456805913
23.931034 -4.1379309 -18.38437581696756
23.931034 -4.3103447 -18.517104858098772
23.931034 -4.4827585 -18.651014988565613
23.931034 -4.6551723 -18.780428559374954
23.931034 -4.8275862 -18.902288010932573
23.931034 -5.0 -19.019016379137348

24.275862 0.0 -18.060049072573467
24.275862 -0.1724138 -17.93980628556456
24.275862 -0.34482759 -17.818795447132388
24.275862 -0.51724136 -17.701351777884767
24.275862 -0.68965518 -17.593840963155273
24.275862 -0.86206895 -17.501851742468027
24.275862 -1.0344827 -17.429128188211003
24.275862 -1.2068965 -17.378064702141387
24.275862 -1.3793104 -17.350410320794627
24.275862 -1.5517242 -17.34728570375503
24.275862 -1.7241379 -17.368789947821224
24.275862 -1.8965517 -17.413959313683627
24.275862 -2.0689654 -17.481163527337074
24.275862 -2.2413793 -17.56822383329879
24.275862 -2.4137931 -17.67179473142973
24.275862 -2.5862069 -17.78668898424331
24.275862 -2.7586207 -17.90650685035592
24.275862 -2.9310346 -18.02615331178562
24.275862 -3.1034484 -18.144586038446157
24.275862 -3.275862 -18.264750912462844
24.275862 -3.4482758 -18.390152059743464
24.275862 -3.6206896 -18.521101154280238
24.275862 -3.7931035 -18.653670636716022
24.275862 -3.9655173 -18.7821248869298
24.275862 -4.1379309 -18.903364796200226
24.275862 -4.3103447 -19.019727651169674
24.275862 -4.4827585 -19.137233855131853
24.275862 -4.6551723 -19.261070551384204
24.275862 -4.8275862 -19.392344231643982
24.275862 -5.0 -19.527829790065166

24.620689 0.0 -18.57918017731261
24.620689 -0.1724138 -18.454469136220744
24.620689 -0.34482759 -18.337136916423884
24.620689 -0.51724136 -18.229909585876648
24.620689 -0.68965518 -18.133288475973398
24.620689 -0.86206895 -18.047915789363458
24.620689 -1.0344827 -17.976487897877615
24.620689 -1.2068965 -17.92356418142134
24.620689 -1.3793104 -17.893791930245875
24.620689 -1.5517242 -17.890127376250263
24.620689 -1.7241379 -17.912891676744415
24.620689 -1.8965517 -17.95967908722228
24.620689 -2.0689654 -18.02609305228824
24.620689 -2.2413793 -18.10736613829152
24.620689 -2.4137931 -18.200276058902823
24.620689 -2.5862069 -18.30384306491581
24.620689 -2.7586207 -18.417847248722246
24.620689 -2.9310346 -18.54033489446008
24.620689 -3.1034484 -18.66648548956084
24.620689 -3.275862 -18.790337117751275
24.620689 -3.4482758 -18.90859764693641
24.620689 -3.6206896 -19.023193884350054
24.620689 -3.7931035 -19.139654084287045
24.620689 -3.9655173 -19.262803061495113
24.620689 -4.1379309 -19.393567735470093
24.620689 -4.3103447 -19.52866267876818
24.620689 -4.4827585 -19.6628721355389
24.620689 -4.6551723 -19.792825305941033
24.620689 -4.8275862 -19.919792488249673
24.620689 -5.0 -20.048767134907184

24.965517 0.0 -19.076704579931047
24.965517 -0.1724138 -18.968349790059293
24.965517 -0.34482759 -18.862447201007154
24.965517 -0.51724136 -18.75762001118548
24.965517 -0.68965518 -18.656777040706352
24.965517 -0.86206895 -18.56582646362375
24.965517 -1.0344827 -18.4909837620831
24.965517 -1.2068965 -18.43709253702532
24.965517 -1.3793104 -18.407329649245252
24.965517 -1.5517242 -18.403361430843766
24.965517 -1.7241379 -18.425383126755005
24.965517 -1.8965517 -18.47212252337924
24.965517 -2.0689654 -18.540838686435887
24.965517 -2.2413793 -18.62716883947512
24.965517 -2.4137931 -18.72518262221049
24.965517 -2.5862069 -18.82861413329724
24.965517 -2.7586207 -18.933446670397977
24.965517 -2.9310346 -19.03989471516631
24.965517 -3.1034484 -19.151404978848433
24.965517 -3.275862 -19.271239925646007
24.965517 -3.4482758 -19.399534581461424
24.965517 -3.6206896 -19.532729333255592
24.965517 -3.7931035 -19.665545192406505
24.965517 -3.9655173 -19.794564971326217
24.965517 -4.1379309 -19.920956456366316
24.965517 -4.3103447 -20.049580156479102
24.965517 -4.4827585 -20.18498702230244
24.965517 -4.6551723 -20.327707584594293
24.965517 -4.8275862 -20.473329610609362
24.965517 -5.0 -20.61501469820442

25.310345 0.0 -19.596621813501923
25.310345 -0.1724138 -19.470672878396737
25.310345 -0.34482759 -19.35048737339299
25.310345 -0.51724136 -19.241078004220153
25.310345 -0.68965518 -19.145380187530645
25.310345 -0.86206895 -19.064533732258568
25.310345 -1.0344827 -18.999478407350015
25.310345 -1.2068965 -18.95221774161552
25.310345 -1.3793104 -18.925568442873764
25.310345 -1.5517242 -18.921739396296935
25.310345 -1.7241379 -18.941040893764534
25.310345 -1.8965517 -18.981698177317686
25.310345 -2.0689654 -19.040895306797168
25.310345 -2.2413793 -19.116302974009194
25.310345 -2.4137931 -19.206773176624353
25.310345 -2.5862069 -19.31145367694571
25.310345 -2.7586207 -19.428105270171574
25.310345 -2.9310346 -19.552270590219024
25.310345 -3.1034484 -19.678445391693938
25.310345 -3.275862 -19.803000786285537
25.310345 -3.4482758 -19.926623499059577
25.310345 -3.6206896 -20.053546737970976
25.310345 -3.7931035 -20.187816693354545
25.310345 -3.9655173 -20.329690687116866
25.310345 -4.1379309 -20.474659162219915
25.310345 -4.3103447 -20.615866748556098
25.310345 -4.4827585 -20.749067857762235
25.310345 -4.6551723 -20.876396113062555
25.310345 -4.8275862 -21.00487901175624
25.310345 -5.0 -21.141112319064124

25.655172 0.0 -20.11934062000947
25.655172 -0.1724138 -19.996481223576957
25.655172 -0.34482759 -19.882286868237568
25.655172 -0.51724136 -19.774599500647152
25.655172 -0.68965518 -19.67347990647479
25.655172 -0.86206895 -19.582331372483925
25.655172 -1.0344827 -19.506520936990984
25.655172 -1.2068965 -19.451255792813328
25.655172 -1.3793104 -19.420306214143785
25.655172 -1.5517242 -19.415676166211696
25.655172 -1.7241379 -19.43763649376228
25.655172 -1.8965517 -19.48474151828713
25.655172 -2.0689654 -19.55377945829753
25.655172 -2.2413793 -19.639918471914992
25.655172 -2.4137931 -19.73762535815116
25.655172 -2.5862069 -19.842617702612028
25.655172 -2.7586207 -19.953731942579644
25.655172 -2.9310346 -20.07271409940361
25.655172 -3.1034484 -20.20154291817262
25.655172 -3.275862 -20.339321905733254
25.655172 -3.4482758 -20.481122373871887
25.655172 -3.6206896 -20.620013309609412
25.655172 -3.7931035 -20.751696887643902
25.655172 -3.9655173 -20.878128894594926
25.655172 -4.1379309 -21.00609080762434
25.655172 -4.3103447 -21.141987027004852
25.655172 -4.4827585 -21.287594211770582
25.655172 -4.6551723 -21.438988428900817
25.655172 -4.8275862 -21.58852899930648
25.655172 -5.0 -21.729541355321587

26.0 0.0 -20.68824033010442
26.0 -0.1724138 -20.560695558755256
26.0 -0.34482759 -20.43209636010017
26.0 -0.51724136 -20.30910117632406
26.0 -0.68965518 -20.19842218239226
26.0 -0.86206895 -20.10458734520106
26.0 -1.0344827 -20.03020533139229
26.0 -1.2068965 -19.977249368760997
26.0 -1.3793104 -19.947698038158496
26.0 -1.5517242 -19.943062110005574
26.0 -1.7241379 -19.96358484182113
26.0 -1.8965517 -20.00809372642061
26.0 -2.0689654 -20.074675485014257
26.0 -2.2413793 -20.16138773857754
26.0 -2.4137931 -20.266013528376636
26.0 -2.5862069 -20.38484288706488
26.0 -2.7586207 -20.511826529114405
26.0 -2.9310346 -20.639851856150102
26.0 -3.1034484 -20.764382496791495
26.0 -3.275862 -20.88655019550313
26.0 -3.4482758 -21.01200516722763
26.0 -3.6206896 -21.146263853412265
26.0 -3.7931035 -21.29064644999697
26.0 -3.9655173 -21.441072484705554
26.0 -4.1379309 -21.589877197850825
26.0 -4.3103447 -21.730385849714445
26.0 -4.4827585 -21.86178679595033
26.0 -4.6551723 -21.98939678971553
26.0 -4.8275862 -22.11958929633866
26.0 -5.0 -22.254659692953357
