# KROME file, XRAY He rate
# Xray rate including primary and secondary H ionization in 1/s
# first line indicates the size of the table (30x30)
# then first column is the parameter log10(nH), where nH is the H column density in cm-2
# second column is log10(xHe), where xHe = nHe/nH both in cm-2
# third column is log10(rate), where rate is in units of 1/s

16.0 0.0 -17.71469216875685
16.0 -0.1724138 -17.714692151966617
16.0 -0.34482759 -17.714692138483525
16.0 -0.51724136 -17.71469212777457
16.0 -0.68965518 -17.71469211941641
16.0 -0.86206895 -17.71469211307864
16.0 -1.0344827 -17.714692108510725
16.0 -1.2068965 -17.71469210553208
16.0 -1.3793104 -17.714692104024962
16.0 -1.5517242 -17.714692103929792
16.0 -1.7241379 -17.714692105242804
16.0 -1.8965517 -17.714692108015907
16.0 -2.0689654 -17.714692112358723
16.0 -2.2413793 -17.714692118442933
16.0 -2.4137931 -17.714692126509046
16.0 -2.5862069 -17.714692136875932
16.0 -2.7586207 -17.714692149953407
16.0 -2.9310346 -17.714692166258452
16.0 -3.1034484 -17.7146921864356
16.0 -3.275862 -17.71469221128246
16.0 -3.4482758 -17.71469224178132
16.0 -3.6206896 -17.71469227913781
16.0 -3.7931035 -17.714692324828707
16.0 -3.9655173 -17.71469238066018
16.0 -4.1379309 -17.714692448839244
16.0 -4.3103447 -17.714692532061264
16.0 -4.4827585 -17.71469263361604
16.0 -4.6551723 -17.714692757518144
16.0 -4.8275862 -17.714692908665672
16.0 -5.0 -17.71469309303348

16.344828 0.0 -17.714692290523065
16.344828 -0.1724138 -17.7146922533794
16.344828 -0.34482759 -17.714692223551857
16.344828 -0.51724136 -17.714692199861314
16.344828 -0.68965518 -17.71469218137124
16.344828 -0.86206895 -17.71469216735072
16.344828 -1.0344827 -17.71469215724549
16.344828 -1.2068965 -17.71469215065608
16.344828 -1.3793104 -17.714692147322005
16.344828 -1.5517242 -17.714692147111467
16.344828 -1.7241379 -17.714692150016138
16.344828 -1.8965517 -17.714692156150846
16.344828 -2.0689654 -17.7146921657581
16.344828 -2.2413793 -17.7146921792177
16.344828 -2.4137931 -17.714692197061705
16.344828 -2.5862069 -17.71469221999552
16.344828 -2.7586207 -17.714692248925747
16.344828 -2.9310346 -17.71469228499605
16.344828 -3.1034484 -17.714692329632303
16.344828 -3.275862 -17.714692384598973
16.344828 -3.4482758 -17.714692452069087
16.344828 -3.6206896 -17.71469253470977
16.344828 -3.7931035 -17.714692635787962
16.344828 -3.9655173 -17.714692759299297
16.344828 -4.1379309 -17.71469291012617
16.344828 -4.3103447 -17.7146930942313
16.344828 -4.4827585 -17.7146933188924
16.344828 -4.6551723 -17.714693592990564
16.344828 -4.8275862 -17.714693927361377
16.344828 -5.0 -17.714694335222447

16.689655 0.0 -17.714692559895298
16.689655 -0.1724138 -17.714692477725627
16.689655 -0.34482759 -17.71469241174076
16.689655 -0.51724136 -17.714692359332236
16.689655 -0.68965518 -17.714692318428266
16.689655 -0.86206895 -17.714692287411886
16.689655 -1.0344827 -17.714692265056968
16.689655 -1.2068965 -17.71469225047979
16.689655 -1.3793104 -17.714692243104107
16.689655 -1.5517242 -17.71469224263835
16.689655 -1.7241379 -17.7146922490641
16.689655 -1.8965517 -17.71469226263538
16.689655 -2.0689654 -17.714692283888667
16.689655 -2.2413793 -17.71469231366417
16.689655 -2.4137931 -17.714692353138908
16.689655 -2.5862069 -17.714692403873386
16.689655 -2.7586207 -17.714692467873192
16.689655 -2.9310346 -17.71469254766837
16.689655 -3.1034484 -17.71469264641323
16.689655 -3.275862 -17.714692768011155
16.689655 -3.4482758 -17.714692917269335
16.689655 -3.6206896 -17.714693100087988
16.689655 -3.7931035 -17.714693323694277
16.689655 -3.9655173 -17.714693596927336
16.689655 -4.1379309 -17.714693930588034
16.689655 -4.3103447 -17.714694337867066
16.689655 -4.4827585 -17.714694834864176
16.689655 -4.6551723 -17.71469544122604
16.689655 -4.8275862 -17.714696180923024
16.689655 -5.0 -17.714697083194874

17.034483 0.0 -17.714693155806213
17.034483 -0.1724138 -17.71469297402912
17.034483 -0.34482759 -17.714692828056297
17.034483 -0.51724136 -17.71469271211727
17.034483 -0.68965518 -17.7146926216288
17.034483 -0.86206895 -17.714692553013823
17.034483 -1.0344827 -17.714692503559885
17.034483 -1.2068965 -17.714692471312
17.034483 -1.3793104 -17.71469245499538
17.034483 -1.5517242 -17.714692453965025
17.034483 -1.7241379 -17.714692468180182
17.034483 -1.8965517 -17.71469249820281
17.034483 -2.0689654 -17.714692545219698
17.034483 -2.2413793 -17.714692611089582
17.034483 -2.4137931 -17.71469269841628
17.034483 -2.5862069 -17.714692810651947
17.034483 -2.7586207 -17.714692952233392
17.034483 -2.9310346 -17.714693128757595
17.034483 -3.1034484 -17.71469334720255
17.034483 -3.275862 -17.714693616203366
17.034483 -3.4482758 -17.71469394639453
17.034483 -3.6206896 -17.714694350828534
17.034483 -3.7931035 -17.714694845493316
17.034483 -3.9655173 -17.714695449942784
17.034483 -4.1379309 -17.714696188070537
17.034483 -4.3103447 -17.71469708905687
17.034483 -4.4827585 -17.714698188517314
17.034483 -4.6551723 -17.71469952991371
17.034483 -4.8275862 -17.71470116627237
17.034483 -5.0 -17.714703162275985

17.379311 0.0 -17.7146944740892
17.379311 -0.1724138 -17.714694071959382
17.379311 -0.34482759 -17.714693749036154
17.379311 -0.51724136 -17.714693492554073
17.379311 -0.68965518 -17.714693292374054
17.379311 -0.86206895 -17.7146931405829
17.379311 -1.0344827 -17.71469303118009
17.379311 -1.2068965 -17.714692959840782
17.379311 -1.3793104 -17.71469292374488
17.379311 -1.5517242 -17.714692921465517
17.379311 -1.7241379 -17.71469295291252
17.379311 -1.8965517 -17.714693019329072
17.379311 -2.0689654 -17.714693123340602
17.379311 -2.2413793 -17.714693269059023
17.379311 -2.4137931 -17.714693462244515
17.379311 -2.5862069 -17.71469371053397
17.379311 -2.7586207 -17.71469402374252
17.379311 -2.9310346 -17.714694414251834
17.379311 -3.1034484 -17.71469489749862
17.379311 -3.275862 -17.714695492585435
17.379311 -3.4482758 -17.714696223037826
17.379311 -3.6206896 -17.714697117730335
17.379311 -3.7931035 -17.714698212031166
17.379311 -3.9655173 -17.714699549196915
17.379311 -4.1379309 -17.714701182084095
17.379311 -4.3103447 -17.714703175243866
17.379311 -4.4827585 -17.714705607462577
17.379311 -4.6551723 -17.71470857488285
17.379311 -4.8275862 -17.71471219480383
17.379311 -5.0 -17.714716610307914

17.724138 0.0 -17.714697390396566
17.724138 -0.1724138 -17.71469650080358
17.724138 -0.34482759 -17.71469578643117
17.724138 -0.51724136 -17.714695219039868
17.724138 -0.68965518 -17.714694776200147
17.724138 -0.86206895 -17.71469444040651
17.724138 -1.0344827 -17.71469419838466
17.724138 -1.2068965 -17.714694040567185
17.724138 -1.3793104 -17.71469396071549
17.724138 -1.5517242 -17.714693955673052
17.724138 -1.7241379 -17.714694025240412
17.724138 -1.8965517 -17.714694172167704
17.724138 -2.0689654 -17.71469440226292
17.724138 -2.2413793 -17.714694724622397
17.724138 -2.4137931 -17.71469515198877
17.724138 -2.5862069 -17.714695701256296
17.724138 -2.7586207 -17.714696394137846
17.724138 -2.9310346 -17.714697258023914
17.724138 -3.1034484 -17.71469832706319
17.724138 -3.275862 -17.714699643513676
17.724138 -3.4482758 -17.71470125941756
17.724138 -3.6206896 -17.714703238649463
17.724138 -3.7931035 -17.71470565944841
17.724138 -3.9655173 -17.714708617502758
17.724138 -4.1379309 -17.71471222973575
17.724138 -4.3103447 -17.714716638938473
17.724138 -4.4827585 -17.714722019388468
17.724138 -4.6551723 -17.7147285837519
17.724138 -4.8275862 -17.714736591487082
17.724138 -5.0 -17.714746359074528

18.068966 0.0 -17.714703841867394
18.068966 -0.1724138 -17.714701873912748
18.068966 -0.34482759 -17.714700293577934
18.068966 -0.51724136 -17.714699038393128
18.068966 -0.68965518 -17.71469805874073
18.068966 -0.86206895 -17.714697315895666
18.068966 -1.0344827 -17.714696780492893
18.068966 -1.2068965 -17.71469643136761
18.068966 -1.3793104 -17.714696254718895
18.068966 -1.5517242 -17.714696243563946
18.068966 -1.7241379 -17.714696397461516
18.068966 -1.8965517 -17.714696722495407
18.068966 -2.0689654 -17.714697231513945
18.068966 -2.2413793 -17.71469794463984
18.068966 -2.4137931 -17.714698890062007
18.068966 -2.5862069 -17.71470010515332
18.068966 -2.7586207 -17.714701637946067
18.068966 -2.9310346 -17.71470354903199
18.068966 -3.1034484 -17.71470591395245
18.068966 -3.275862 -17.714708826186932
18.068966 -3.4482758 -17.714712400857493
18.068966 -3.6206896 -17.714716779258893
18.068966 -3.7931035 -17.714722134458263
18.068966 -3.9655173 -17.71472867811735
18.068966 -4.1379309 -17.714736668863456
18.068966 -4.3103447 -17.714746422533413
18.068966 -4.4827585 -17.714758324595444
18.068966 -4.6551723 -17.714772845406834
18.068966 -4.8275862 -17.714790558787328
18.068966 -5.0 -17.71481216462491

18.413794 0.0 -17.714718113683997
18.413794 -0.1724138 -17.714713760233117
18.413794 -0.34482759 -17.714710264250826
18.413794 -0.51724136 -17.714707487550385
18.413794 -0.68965518 -17.714705320373593
18.413794 -0.86206895 -17.714703677056658
18.413794 -1.0344827 -17.71470249264064
18.413794 -1.2068965 -17.714701720306287
18.413794 -1.3793104 -17.714701329524054
18.413794 -1.5517242 -17.714701304846997
18.413794 -1.7241379 -17.714701645298984
18.413794 -1.8965517 -17.71470236433825
18.413794 -2.0689654 -17.714703490387006
18.413794 -2.2413793 -17.714705067959272
18.413794 -2.4137931 -17.71470715941221
18.413794 -2.5862069 -17.71470984741842
18.413794 -2.7586207 -17.71471323822923
18.413794 -2.9310346 -17.714717465876994
18.413794 -3.1034484 -17.714722697461056
18.413794 -3.275862 -17.714729139756663
18.413794 -3.4482758 -17.714737047406523
18.413794 -3.6206896 -17.714746732937254
18.413794 -3.7931035 -17.714758579139406
18.413794 -3.9655173 -17.714773054148274
18.413794 -4.1379309 -17.714790729945232
18.413794 -4.3103447 -17.714812304994293
18.413794 -4.4827585 -17.714838631684337
18.413794 -4.6551723 -17.714870750026417
18.413794 -4.8275862 -17.7149099286589
18.413794 -5.0 -17.714957714732634

18.758621 0.0 -17.714749684723504
18.758621 -0.1724138 -17.714740054424414
18.758621 -0.34482759 -17.714732320876454
18.758621 -0.51724136 -17.714726178430656
18.758621 -0.68965518 -17.714721384311673
18.758621 -0.86206895 -17.714717749035
18.758621 -1.0344827 -17.714715128912125
18.758621 -1.2068965 -17.714713420378143
18.758621 -1.3793104 -17.714712555900665
18.758621 -1.5517242 -17.71471250131034
18.758621 -1.7241379 -17.71471325444786
18.758621 -1.8965517 -17.71471484508333
18.758621 -2.0689654 -17.714717336087503
18.758621 -2.2413793 -17.714720825925976
18.758621 -2.4137931 -17.71472545253205
18.758621 -2.5862069 -17.714731398773775
18.758621 -2.7586207 -17.714738899669587
18.758621 -2.9310346 -17.7147482516796
18.758621 -3.1034484 -17.714759824391567
18.758621 -3.275862 -17.714774075129824
18.758621 -3.4482758 -17.71479156705971
18.758621 -3.6206896 -17.714812991320752
18.758621 -3.7931035 -17.714839194376328
18.758621 -3.9655173 -17.714871211319597
18.758621 -4.1379309 -17.714910306719155
18.758621 -4.3103447 -17.714958024572155
18.758621 -4.4827585 -17.715016248828423
18.758621 -4.6551723 -17.7150872776626
18.758621 -4.8275862 -17.715173913779882
18.758621 -5.0 -17.715279574168907

19.103449 0.0 -17.71481952100367
19.103449 -0.1724138 -17.71479821894367
19.103449 -0.34482759 -17.71478111216628
19.103449 -0.51724136 -17.714767524751814
19.103449 -0.68965518 -17.714756919790567
19.103449 -0.86206895 -17.71474887820951
19.103449 -1.0344827 -17.714743082209303
19.103449 -1.2068965 -17.714739302727065
19.103449 -1.3793104 -17.714737390393257
19.103449 -1.5517242 -17.714737269630447
19.103449 -1.7241379 -17.71473893566223
19.103449 -1.8965517 -17.714742454334942
19.103449 -2.0689654 -17.714747964706834
19.103449 -2.2413793 -17.714755684561652
19.103449 -2.4137931 -17.71476591896932
19.103449 -2.5862069 -17.714779072369264
19.103449 -2.7586207 -17.714795664516288
19.103449 -2.9310346 -17.714816351009805
19.103449 -3.1034484 -17.71484194910827
19.103449 -3.275862 -17.714873469991435
19.103449 -3.4482758 -17.714912158728062
19.103449 -3.6206896 -17.714959543115725
19.103449 -3.7931035 -17.71501749400017
19.103449 -3.9655173 -17.715088298681962
19.103449 -4.1379309 -17.715174750869657
19.103449 -4.3103447 -17.71528026058303
19.103449 -4.4827585 -17.71540898714898
19.103449 -4.6551723 -17.715566002175663
19.103449 -4.8275862 -17.715757487351006
19.103449 -5.0 -17.71599097430629

19.448277 0.0 -17.71497398530722
19.448277 -0.1724138 -17.71492687157744
19.448277 -0.34482759 -17.714889035084386
19.448277 -0.51724136 -17.71485898173245
19.448277 -0.68965518 -17.714835524554275
19.448277 -0.86206895 -17.714817736997443
19.448277 -1.0344827 -17.71480491636788
19.448277 -1.2068965 -17.714796556150155
19.448277 -1.3793104 -17.71479232603752
19.448277 -1.5517242 -17.714792058898038
19.448277 -1.7241379 -17.714795744167525
19.448277 -1.8965517 -17.71480352745552
19.448277 -2.0689654 -17.714815716264006
19.448277 -2.2413793 -17.714832792164653
19.448277 -2.4137931 -17.714855429702883
19.448277 -2.5862069 -17.71488452307523
19.448277 -2.7586207 -17.714921221323443
19.448277 -2.9310346 -17.714966973626982
19.448277 -3.1034484 -17.715023586226927
19.448277 -3.275862 -17.7150932935242
19.448277 -3.4482758 -17.71517884609068
19.448277 -3.6206896 -17.715283618110153
19.448277 -3.7931035 -17.715411739920967
19.448277 -3.9655173 -17.715568259075923
19.448277 -4.1379309 -17.715759337361025
19.448277 -4.3103447 -17.7159924909905
19.448277 -4.4827585 -17.716276880471867
19.448277 -4.6551723 -17.716623664688402
19.448277 -4.8275862 -17.717046428916788
19.448277 -5.0 -17.717561701318484

19.793104 0.0 -17.715315551808203
19.793104 -0.1724138 -17.715211380358895
19.793104 -0.34482759 -17.71512771432169
19.793104 -0.51724136 -17.7150612542344
19.793104 -0.68965518 -17.715009378153287
19.793104 -0.86206895 -17.71497003893098
19.793104 -1.0344827 -17.71494168375708
19.793104 -1.2068965 -17.714923193195457
19.793104 -1.3793104 -17.714913837179207
19.793104 -1.5517242 -17.714913246279302
19.793104 -1.7241379 -17.714921397136646
19.793104 -1.8965517 -17.714938611592117
19.793104 -2.0689654 -17.714965569293227
19.793104 -2.2413793 -17.715003334535133
19.793104 -2.4137931 -17.715053397914073
19.793104 -2.5862069 -17.715117735081687
19.793104 -2.7586207 -17.71519888420351
19.793104 -2.9310346 -17.71530004555711
19.793104 -3.1034484 -17.715425206566756
19.793104 -3.275862 -17.715579297758275
19.793104 -3.4482758 -17.71576838548227
19.793104 -3.6206896 -17.71599990666396
19.793104 -3.7931035 -17.716282957663747
19.793104 -3.9655173 -17.716628644126484
19.793104 -4.1379309 -17.7170505072737
19.793104 -4.3103447 -17.71756504112188
19.793104 -4.4827585 -17.71819231282618
19.793104 -4.6551723 -17.718956715118328
19.793104 -4.8275862 -17.71988786767234
19.793104 -5.0 -17.721021692757994

20.137932 0.0 -17.716070484857436
20.137932 -0.1724138 -17.71584029942729
20.137932 -0.34482759 -17.715655389501382
20.137932 -0.51724136 -17.715508484209238
20.137932 -0.68965518 -17.71539380217508
20.137932 -0.86206895 -17.71530682727662
20.137932 -1.0344827 -17.71524413265421
20.137932 -1.2068965 -17.71520324716622
20.137932 -1.3793104 -17.71518255888247
20.137932 -1.5517242 -17.71518125202347
20.137932 -1.7241379 -17.71519927496817
20.137932 -1.8965517 -17.71523733833814
20.137932 -2.0689654 -17.715296942669728
20.137932 -2.2413793 -17.715380437315986
20.137932 -2.4137931 -17.71549111178244
20.137932 -2.5862069 -17.715633324430083
20.137932 -2.7586207 -17.715812671892078
20.137932 -2.9310346 -17.7160362064983
20.137932 -3.1034484 -17.716312708545445
20.137932 -3.275862 -17.71665302486396
20.137932 -3.4482758 -17.717070485613966
20.137932 -3.6206896 -17.717581409471094
20.137932 -3.7931035 -17.718205721743786
20.137932 -3.9655173 -17.718967697459046
20.137932 -4.1379309 -17.71989685891646
20.137932 -4.3103447 -17.721029052926582
20.137932 -4.4827585 -17.722407724888622
20.137932 -4.6551723 -17.724085439414633
20.137932 -4.8275862 -17.726125664257367
20.137932 -5.0 -17.728604844385863

20.482758 0.0 -17.717737192713223
20.482758 -0.1724138 -17.717229263577064
20.482758 -0.34482759 -17.71682107031645
20.482758 -0.51724136 -17.716496665436207
20.482758 -0.68965518 -17.716243351380637
20.482758 -0.86206895 -17.716051198937848
20.482758 -1.0344827 -17.715912667590477
20.482758 -1.2068965 -17.715822316471005
20.482758 -1.3793104 -17.715776594953876
20.482758 -1.5517242 -17.71577370557602
20.482758 -1.7241379 -17.71581353440698
20.482758 -1.8965517 -17.715897646852778
20.482758 -2.0689654 -17.716029347820967
20.482758 -2.2413793 -17.716213809712176
20.482758 -2.4137931 -17.716458270542287
20.482758 -2.5862069 -17.716772312490377
20.482758 -2.7586207 -17.717168227318993
20.482758 -2.9310346 -17.717661483348323
20.482758 -3.1034484 -17.718271306958634
20.482758 -3.275862 -17.71902140076404
20.482758 -3.4482758 -17.71994082018194
20.482758 -3.6206896 -17.7210650241083
20.482758 -3.7931035 -17.722437144037816
20.482758 -3.9655173 -17.724109484046323
20.482758 -4.1379309 -17.726145296294565
20.482758 -4.3103447 -17.728620858480014
20.482758 -4.4827585 -17.731627849939187
20.482758 -4.6551723 -17.735276077569388
20.482758 -4.8275862 -17.73969650752368
20.482758 -5.0 -17.74504454990229

20.827587 0.0 -17.72140805797633
20.827587 -0.1724138 -17.72029065203412
20.827587 -0.34482759 -17.71939184086487
20.827587 -0.51724136 -17.718677004689564
20.827587 -0.68965518 -17.718118497628023
20.827587 -0.86206895 -17.717694650845676
20.827587 -1.0344827 -17.7173889787773
20.827587 -1.2068965 -17.717189570229394
20.827587 -1.3793104 -17.717088644726868
20.827587 -1.5517242 -17.717082260925306
20.827587 -1.7241379 -17.717170168084987
20.827587 -1.8965517 -17.717355796993676
20.827587 -2.0689654 -17.717646388002738
20.827587 -2.2413793 -17.7180532630574
20.827587 -2.4137931 -17.71859224512898
20.827587 -2.5862069 -17.719284244930634
20.827587 -2.7586207 -17.720156024739747
20.827587 -2.9310346 -17.721241165123164
20.827587 -3.1034484 -17.722581253500962
20.827587 -3.275862 -17.724227329272846
20.827587 -3.4482758 -17.7262416130425
20.827587 -3.6206896 -17.728699525606338
20.827587 -3.7931035 -17.73169205297148
20.827587 -3.9655173 -17.735328426880034
20.827587 -4.1379309 -17.739739137947595
20.827587 -4.3103447 -17.74507922725447
20.827587 -4.4827585 -17.751531696421704
20.827587 -4.6551723 -17.75931093796187
20.827587 -4.8275862 -17.768665806720758
20.827587 -5.0 -17.77988183779157

21.172413 0.0 -17.72945040841379
21.172413 -0.1724138 -17.72700841150453
21.172413 -0.34482759 -17.72504026547466
21.172413 -0.51724136 -17.723472493827266
21.172413 -0.68965518 -17.722246043843946
21.172413 -0.86206895 -17.7213143944536
21.172413 -1.0344827 -17.72064201310606
21.172413 -1.2068965 -17.720203151042963
21.172413 -1.3793104 -17.71998095383429
21.172413 -1.5517242 -17.71996687133411
21.172413 -1.7241379 -17.720160355193457
21.172413 -1.8965517 -17.72056883977805
21.172413 -2.0689654 -17.72120800150355
21.172413 -2.2413793 -17.72210230826331
21.172413 -2.4137931 -17.72328585890951
21.172413 -2.5862069 -17.72480354391063
21.172413 -2.7586207 -17.726712529514334
21.172413 -2.9310346 -17.729084093797102
21.172413 -3.1034484 -17.732005815562836
21.172413 -3.275862 -17.735584134670287
21.172413 -3.4482758 -17.73994726339381
21.172413 -3.6206896 -17.745248349998853
21.172413 -3.7931035 -17.751668863619575
21.172413 -3.9655173 -17.759421925299126
21.172413 -4.1379309 -17.76875533860377
21.172413 -4.3103447 -17.77995382014332
21.172413 -4.4827585 -17.793339582940344
21.172413 -4.6551723 -17.809270414285418
21.172413 -4.8275862 -17.828133689570222
21.172413 -5.0 -17.8503346054507

21.517242 0.0 -17.74687238186043
21.517242 -0.1724138 -17.741610450872116
21.517242 -0.34482759 -17.73735180413501
21.517242 -0.51724136 -17.733948005806656
21.517242 -0.68965518 -17.73127808308367
21.517242 -0.86206895 -17.72924567850425
21.517242 -1.0344827 -17.727776563419248
21.517242 -1.2068965 -17.726816602707842
21.517242 -1.3793104 -17.72633019968806
21.517242 -1.5517242 -17.72629923998017
21.517242 -1.7241379 -17.726722541298148
21.517242 -1.8965517 -17.72761581603592
21.517242 -2.0689654 -17.72901213645755
21.517242 -2.2413793 -17.730962913632652
21.517242 -2.4137931 -17.733539359027166
21.517242 -2.5862069 -17.736834445791164
21.517242 -2.7586207 -17.740965298796493
21.517242 -2.9310346 -17.746075966726014
21.517242 -3.1034484 -17.75234042719035
21.517242 -3.275862 -17.759965657244198
21.517242 -3.4482758 -17.769194441656605
21.517242 -3.6206896 -17.780307326375226
21.517242 -3.7931035 -17.793623143456337
21.517242 -3.9655173 -17.809496875179484
21.517242 -4.1379309 -17.82831358000114
21.517242 -4.3103447 -17.85047664450383
21.517242 -4.4827585 -17.876388518800187
21.517242 -4.6551723 -17.906423798662697
21.517242 -4.8275862 -17.940896847681454
21.517242 -5.0 -17.9800321715488

21.862068 0.0 -17.783728681016548
21.862068 -0.1724138 -17.772720057585012
21.862068 -0.34482759 -17.763733017446214
21.862068 -0.51724136 -17.756499299284876
21.862068 -0.68965518 -17.75079319426972
21.862068 -0.86206895 -17.746430427253053
21.862068 -1.0344827 -17.74326633707976
21.862068 -1.2068965 -17.741193931818206
21.862068 -1.3793104 -17.740142157101875
21.862068 -1.5517242 -17.740074607593623
21.862068 -1.7241379 -17.74098881581469
21.862068 -1.8965517 -17.7429161919068
21.862068 -2.0689654 -17.7459225955146
21.862068 -2.2413793 -17.75010951189848
21.862068 -2.4137931 -17.75561565406126
21.862068 -2.5862069 -17.762618847533144
21.862068 -2.7586207 -17.771337781685485
21.862068 -2.9310346 -17.78203315914137
21.862068 -3.1034484 -17.795007428478822
21.862068 -3.275862 -17.81060210197867
21.862068 -3.4482758 -17.8291912119532
21.862068 -3.6206896 -17.851168989942718
21.862068 -3.7931035 -17.876930476432193
21.862068 -3.9655173 -17.906844166894285
21.862068 -4.1379309 -17.941219446395856
21.862068 -4.3103447 -17.980276942305398
21.862068 -4.4827585 -18.02413746215102
21.862068 -4.6551723 -18.07285207677418
21.862068 -4.8275862 -18.126488821805182
21.862068 -5.0 -18.185262911453957

22.206898 0.0 -17.85799774275863
22.206898 -0.1724138 -17.836320514578095
22.206898 -0.34482759 -17.818307038865086
22.206898 -0.51724136 -17.803597169597854
22.206898 -0.68965518 -17.79185882822278
22.206898 -0.86206895 -17.782802303518245
22.206898 -1.0344827 -17.77618895464559
22.206898 -1.2068965 -17.771836111312254
22.206898 -1.3793104 -17.769619555499993
22.206898 -1.5517242 -17.76947461622324
22.206898 -1.7241379 -17.771396528687728
22.206898 -1.8965517 -17.77544039999296
22.206898 -2.0689654 -17.781720753301517
22.206898 -2.2413793 -17.790410427336074
22.206898 -2.4137931 -17.801738110237242
22.206898 -2.5862069 -17.815983673952964
22.206898 -2.7586207 -17.833469765943196
22.206898 -2.9310346 -17.854548052596794
22.206898 -3.1034484 -17.879578365086154
22.206898 -3.275862 -17.908900326989894
22.206898 -3.4482758 -17.942799839662474
22.206898 -3.6206896 -17.98147819934899
22.206898 -3.7931035 -18.025040476085213
22.206898 -3.9655173 -18.07352434565037
22.206898 -4.1379309 -18.12698598191272
22.206898 -4.3103447 -18.185629899980736
22.206898 -4.4827585 -18.2499161957282
22.206898 -4.6551723 -18.320532118884245
22.206898 -4.8275862 -18.39812638902192
22.206898 -5.0 -18.482822058786937

22.551723 0.0 -17.993745827010763
22.551723 -0.1724138 -17.955906013577827
22.551723 -0.34482759 -17.923378191724225
22.551723 -0.51724136 -17.896043530868315
22.551723 -0.68965518 -17.873713838303107
22.551723 -0.86206895 -17.85616393290863
22.551723 -1.0344827 -17.843167345196512
22.551723 -1.2068965 -17.834526823877198
22.551723 -1.3793104 -17.83009665755545
22.551723 -1.5517242 -17.829796815199103
22.551723 -1.7241379 -17.83361978844678
22.551723 -1.8965517 -17.84163086004245
22.551723 -2.0689654 -17.85396174390032
22.551723 -2.2413793 -17.870797090908013
22.551723 -2.4137931 -17.892352753484342
22.551723 -2.5862069 -17.91884596822834
22.551723 -2.7586207 -17.950459721944014
22.551723 -2.9310346 -17.98730957238997
22.551723 -3.1034484 -18.02942862246537
22.551723 -3.275862 -18.07679284355968
22.551723 -3.4482758 -18.12940327086808
22.551723 -3.6206896 -18.187412591754192
22.551723 -3.7931035 -18.251232259387823
22.551723 -3.9655173 -18.321505306803566
22.551723 -4.1379309 -18.39884384252086
22.551723 -4.3103447 -18.48334467748141
22.551723 -4.4827585 -18.574090212294497
22.551723 -4.6551723 -18.669018569757906
22.551723 -4.8275862 -18.765538698657366
22.551723 -5.0 -18.861876846415903

22.896551 0.0 -18.20697819336261
22.896551 -0.1724138 -18.1504776643321
22.896551 -0.34482759 -18.100477225173492
22.896551 -0.51724136 -18.057011695698865
22.896551 -0.68965518 -18.020277130257035
22.896551 -0.86206895 -17.990509458509663
22.896551 -1.0344827 -17.96790444786484
22.896551 -1.2068965 -17.95259003031621
22.896551 -1.3793104 -17.944632932453953
22.896551 -1.5517242 -17.944056802471227
22.896551 -1.7241379 -17.950855514344017
22.896551 -1.8965517 -17.96499389837991
22.896551 -2.0689654 -17.986395397939866
22.896551 -2.2413793 -18.014923977867088
22.896551 -2.4137931 -18.050375546261925
22.896551 -2.5862069 -18.092502089209248
22.896551 -2.7586207 -18.14108750952588
22.896551 -2.9310346 -18.196069019629505
22.896551 -3.1034484 -18.25764517276921
22.896551 -3.275862 -18.326260053968824
22.896551 -3.4482758 -18.40235769112284
22.896551 -3.6206896 -18.48591038079211
22.896551 -3.7931035 -18.575922579459803
22.896551 -3.9655173 -18.670290296890155
22.896551 -4.1379309 -18.766399096097764
22.896551 -4.3103447 -18.862454104040992
22.896551 -4.4827585 -18.95877843076769
22.896551 -4.6551723 -19.05791556410592
22.896551 -4.8275862 -19.163151929017054
22.896551 -5.0 -19.276401519898126

23.241379 0.0 -18.515569146095586
23.241379 -0.1724138 -18.43456565636611
23.241379 -0.34482759 -18.362241705244934
23.241379 -0.51724136 -18.299225226291778
23.241379 -0.68965518 -18.245729722238817
23.241379 -0.86206895 -18.201952780539532
23.241379 -1.0344827 -18.16824616212907
23.241379 -1.2068965 -18.1450719610365
23.241379 -1.3793104 -18.132858274247454
23.241379 -1.5517242 -18.131859915977667
23.241379 -1.7241379 -18.142079011028788
23.241379 -1.8965517 -18.16326209392344
23.241379 -2.0689654 -18.194974162301108
23.241379 -2.2413793 -18.236736251475577
23.241379 -2.4137931 -18.28817641068048
23.241379 -2.5862069 -18.34909386006009
23.241379 -2.7586207 -18.419318123856478
23.241379 -2.9310346 -18.49833063564393
23.241379 -3.1034484 -18.584809627468648
23.241379 -3.275862 -18.676468213599925
23.241379 -3.4482758 -18.770586521407292
23.241379 -3.6206896 -18.865268054710768
23.241379 -3.7931035 -18.960700305726128
23.241379 -3.9655173 -19.0592705868488
23.241379 -4.1379309 -19.164130847853965
23.241379 -4.3103447 -19.277109179212534
23.241379 -4.4827585 -19.397292470257312
23.241379 -4.6551723 -19.521097034291508
23.241379 -4.8275862 -19.64403678392111
23.241379 -5.0 -19.763557333688578

23.586206 0.0 -18.900099550572225
23.586206 -0.1724138 -18.81039136122969
23.586206 -0.34482759 -18.723924673850032
23.586206 -0.51724136 -18.64273823934911
23.586206 -0.68965518 -18.569848226353077
23.586206 -0.86206895 -18.50812627729433
23.586206 -1.0344827 -18.459753004171358
23.586206 -1.2068965 -18.42619812378059
23.586206 -1.3793104 -18.408376742549425
23.586206 -1.5517242 -18.406747812024367
23.586206 -1.7241379 -18.421334182221564
23.586206 -1.8965517 -18.451727136552247
23.586206 -2.0689654 -18.49707865139739
23.586206 -2.2413793 -18.55601699350231
23.586206 -2.4137931 -18.62648294430831
23.586206 -2.5862069 -18.70569097448625
23.586206 -2.7586207 -18.790568825485437
23.586206 -2.9310346 -18.878810860510324
23.586206 -3.1034484 -18.970012848025988
23.586206 -3.275862 -19.065863639875033
23.586206 -3.4482758 -19.16890345131215
23.586206 -3.6206896 -19.28056106885171
23.586206 -3.7931035 -19.3997290179763
23.586206 -3.9655173 -19.522754077572753
23.586206 -4.1379309 -19.645127911734033
23.586206 -4.3103447 -19.76427119484589
23.586206 -4.4827585 -19.88140772756555
23.586206 -4.6551723 -20.000503031233492
23.586206 -4.8275862 -20.124886289268346
23.586206 -5.0 -20.25432741992623

23.931034 0.0 -19.32642420177217
23.931034 -0.1724138 -19.21809935053282
23.931034 -0.34482759 -19.120333853145496
23.931034 -0.51724136 -19.033504364980605
23.931034 -0.68965518 -18.957190037420833
23.931034 -0.86206895 -18.891624010291935
23.931034 -1.0344827 -18.838386907454726
23.931034 -1.2068965 -18.800007343359184
23.931034 -1.3793104 -18.77897014607193
23.931034 -1.5517242 -18.776817514310395
23.931034 -1.7241379 -18.793667686143007
23.931034 -1.8965517 -18.828178820239703
23.931034 -2.0689654 -18.8779540832633
23.931034 -2.2413793 -18.94038260029311
23.931034 -2.4137931 -19.01366126620244
23.931034 -2.5862069 -19.09735557312057
23.931034 -2.7586207 -19.191908108525354
23.931034 -2.9310346 -19.297262829265428
23.931034 -3.1034484 -19.411541247214444
23.931034 -3.275862 -19.530802440983436
23.931034 -3.4482758 -19.650440979135002
23.931034 -3.6206896 -19.76775634039501
23.931034 -3.7931035 -19.88375239565027
23.931034 -3.9655173 -20.002136523697015
23.931034 -4.1379309 -20.12603897562052
23.931034 -4.3103447 -20.255124499624152
23.931034 -4.4827585 -20.38519195468366
23.931034 -4.6551723 -20.51073496130107
23.931034 -4.8275862 -20.62910351132869
23.931034 -5.0 -20.74287261971862

24.275862 0.0 -19.8161868118176
24.275862 -0.1724138 -19.70614443831294
24.275862 -0.34482759 -19.5976487917169
24.275862 -0.51724136 -19.49323037785652
24.275862 -0.68965518 -19.397574006079786
24.275862 -0.86206895 -19.315446303773566
24.275862 -1.0344827 -19.25045608480739
24.275862 -1.2068965 -19.204957954539736
24.275862 -1.3793104 -19.18041625153323
24.275862 -1.5517242 -19.177607179422814
24.275862 -1.7241379 -19.196597849981337
24.275862 -1.8965517 -19.236744742349295
24.275862 -2.0689654 -19.296741191172806
24.275862 -2.2413793 -19.374472956422434
24.275862 -2.4137931 -19.466641880906792
24.275862 -2.5862069 -19.568680250517716
24.275862 -2.7586207 -19.675702263193507
24.275862 -2.9310346 -19.78449948443293
24.275862 -3.1034484 -19.895106252683547
24.275862 -3.275862 -20.010080566012995
24.275862 -3.4482758 -20.131655052856264
24.275862 -3.6206896 -20.25901019304338
24.275862 -3.7931035 -20.38776926203688
24.275862 -3.9655173 -20.512381052926344
24.275862 -4.1379309 -20.630151237276912
24.275862 -4.3103447 -20.743567112221143
24.275862 -4.4827585 -20.85840093004664
24.275862 -4.6551723 -20.97943470705332
24.275862 -4.8275862 -21.10751701085079
24.275862 -5.0 -21.239481881318618

24.620689 0.0 -20.31551931446806
24.620689 -0.1724138 -20.19427689269034
24.620689 -0.34482759 -20.080250260802522
24.620689 -0.51724136 -19.97668677796172
24.620689 -0.68965518 -19.88466567342034
24.620689 -0.86206895 -19.80488850794017
24.620689 -1.0344827 -19.73932410754407
24.620689 -1.2068965 -19.69134357028213
24.620689 -1.3793104 -19.664515956596205
24.620689 -1.5517242 -19.66118085487723
24.620689 -1.7241379 -19.681594407064612
24.620689 -1.8965517 -19.72384083837673
24.620689 -2.0689654 -19.784513213055153
24.620689 -2.2413793 -19.860055310586322
24.620689 -2.4137931 -19.94813008404449
24.620689 -2.5862069 -20.04788336673735
24.620689 -2.7586207 -20.158589830145317
24.620689 -2.9310346 -20.277708667853926
24.620689 -3.1034484 -20.400205090787708
24.620689 -3.275862 -20.520350534899894
24.620689 -3.4482758 -20.63524335915884
24.620689 -3.6206896 -20.746951739253735
24.620689 -3.7931035 -20.860767451222625
24.620689 -3.9655173 -20.981126949748823
24.620689 -4.1379309 -21.108709647031105
24.620689 -4.3103447 -21.240292913782927
24.620689 -4.4827585 -21.371042954704087
24.620689 -4.6551723 -21.498078335804063
24.620689 -4.8275862 -21.62291164195885
24.620689 -5.0 -21.75037693433817

24.965517 0.0 -20.799277761788616
24.965517 -0.1724138 -20.693504922998148
24.965517 -0.34482759 -20.59044137807046
24.965517 -0.51724136 -20.488681942892633
24.965517 -0.68965518 -20.390849400934602
24.965517 -0.86206895 -20.3025347210939
24.965517 -1.0344827 -20.229775660235322
24.965517 -1.2068965 -20.177353956792896
24.965517 -1.3793104 -20.1484016319887
24.965517 -1.5517242 -20.144535203056844
24.965517 -1.7241379 -20.165943422755802
24.965517 -1.8965517 -20.211399538578203
24.965517 -2.0689654 -20.278210349369502
24.965517 -2.2413793 -20.362059507407672
24.965517 -2.4137931 -20.457151856115342
24.965517 -2.5862069 -20.557508758319873
24.965517 -2.7586207 -20.659435409468188
24.965517 -2.9310346 -20.76326301337703
24.965517 -3.1034484 -20.872257498103526
24.965517 -3.275862 -20.98936709872264
24.965517 -3.4482758 -21.114525666880684
24.965517 -3.6206896 -21.24425286223634
24.965517 -3.7931035 -21.373650514531047
24.965517 -3.9655173 -21.499783799028396
24.965517 -4.1379309 -21.62405952347472
24.965517 -4.3103447 -21.75118186331741
24.965517 -4.4827585 -21.885339341740718
24.965517 -4.6551723 -22.02676994020817
24.965517 -4.8275862 -22.170983497337104
24.965517 -5.0 -22.31128046873351

25.310345 0.0 -21.306542618495637
25.310345 -0.1724138 -21.18388820554818
25.310345 -0.34482759 -21.066756281309647
25.310345 -0.51724136 -20.959947143237287
25.310345 -0.68965518 -20.866406184931748
25.310345 -0.86206895 -20.787376315663188
25.310345 -1.0344827 -20.72384884589278
25.310345 -1.2068965 -20.677763060426038
25.310345 -1.3793104 -20.65180208136923
25.310345 -1.5517242 -20.64806735742738
25.310345 -1.7241379 -20.666854447976146
25.310345 -1.8965517 -20.706475126458884
25.310345 -2.0689654 -20.764250179489945
25.310345 -2.2413793 -20.83794374833931
25.310345 -2.4137931 -20.92638811539071
25.310345 -2.5862069 -21.02862840837108
25.310345 -2.7586207 -21.142367907130964
25.310345 -2.9310346 -21.263281886178195
25.310345 -3.1034484 -21.386237307101844
25.310345 -3.275862 -21.508055740589363
25.310345 -3.4482758 -21.629649030211528
25.310345 -3.6206896 -21.755109130204126
25.310345 -3.7931035 -21.888143986821618
25.310345 -3.9655173 -22.028734563989815
25.310345 -4.1379309 -22.172299905666435
25.310345 -4.3103447 -22.312124520517855
25.310345 -4.4827585 -22.44418863384609
25.310345 -4.6551723 -22.570739618398846
25.310345 -4.8275862 -22.698728879844452
25.310345 -5.0 -22.834589252529295

25.655172 0.0 -21.820300883346146
25.655172 -0.1724138 -21.69867520666213
25.655172 -0.34482759 -21.58600666077818
25.655172 -0.51724136 -21.48028206042123
25.655172 -0.68965518 -21.381454595663136
25.655172 -0.86206895 -21.292611558436402
25.655172 -1.0344827 -21.218784062818905
25.655172 -1.2068965 -21.164957362848142
25.655172 -1.3793104 -21.13479988339577
25.655172 -1.5517242 -21.13028246384618
25.655172 -1.7241379 -21.151672697043946
25.655172 -1.8965517 -21.197545784428716
25.655172 -2.0689654 -21.264763479920507
25.655172 -2.2413793 -21.34867257175528
25.655172 -2.4137931 -21.444046607998366
25.655172 -2.5862069 -21.546947670208922
25.655172 -2.7586207 -21.656403835118436
25.655172 -2.9310346 -21.774090133677074
25.655172 -3.1034484 -21.90174879838897
25.655172 -3.275862 -22.038275750409987
25.655172 -3.4482758 -22.178699194864148
25.655172 -3.6206896 -22.316232253302566
25.655172 -3.7931035 -22.446798324387178
25.655172 -3.9655173 -22.572464109347465
25.655172 -4.1379309 -22.699936953012177
25.655172 -4.3103447 -22.83546172755896
25.655172 -4.4827585 -22.980689784747725
25.655172 -4.6551723 -23.131650894401744
25.655172 -4.8275862 -23.280733866135623
25.655172 -5.0 -23.421338654047457

26.0 0.0 -22.383869366411762
26.0 -0.1724138 -22.257507375483495
26.0 -0.34482759 -22.130176820961037
26.0 -0.51724136 -22.00835267409676
26.0 -0.68965518 -21.8986707955903
26.0 -0.86206895 -21.80568034560033
26.0 -1.0344827 -21.7320255350442
26.0 -1.2068965 -21.67965645237496
26.0 -1.3793104 -21.65046753462075
26.0 -1.5517242 -21.64588773507523
26.0 -1.7241379 -21.666146453910898
26.0 -1.8965517 -21.710136482639747
26.0 -2.0689654 -21.776036912067298
26.0 -2.2413793 -21.86195254416733
26.0 -2.4137931 -21.965644442605253
26.0 -2.5862069 -22.083364858148038
26.0 -2.7586207 -22.209099405019657
26.0 -2.9310346 -22.335887440705793
26.0 -3.1034484 -22.45939254774009
26.0 -3.275862 -22.580845888951245
26.0 -3.4482758 -22.70583330876123
26.0 -3.6206896 -22.83972764177079
26.0 -3.7931035 -22.983733761850015
26.0 -3.9655173 -23.13372870797438
26.0 -4.1379309 -23.282077958986832
26.0 -4.3103447 -23.42218092852268
26.0 -4.4827585 -23.553283189803885
26.0 -4.6551723 -23.680696380556988
26.0 -4.8275862 -23.810746331331842
26.0 -5.0 -23.94568538885549
