# KROME file, XRAY H rate
# Distance = 8 kpc
# Xray rate including primary H ionization in 1/s
# first line indicates the size of the table (30x30)
# then first column is the parameter log10(nH), where nH is the H column density in cm-2
# second column is log10(xHe), where xHe = nHe/nH both in cm-2
# third column is log10(rate), where rate is in units of 1/s
30, 30
16.0 0.0 -18.056076075944997
16.0 -0.1724138 -18.21115558197827
16.0 -0.34482759 -18.359002055082374
16.0 -0.51724136 -18.497267003201987
16.0 -0.68965518 -18.623390468689912
16.0 -0.86206895 -18.734962735800046
16.0 -1.0344827 -18.83021440972879
16.0 -1.2068965 -18.908465023698014
16.0 -1.3793104 -18.970315104884143
16.0 -1.5517242 -19.017475934573998
16.0 -1.7241379 -19.05233128034643
16.0 -1.8965517 -19.077444002631726
16.0 -2.0689654 -19.095183221468094
16.0 -2.2413793 -19.10753072068453
16.0 -2.4137931 -19.116034212754744
16.0 -2.5862069 -19.12184646623326
16.0 -2.7586207 -19.125798441688
16.0 -2.9310346 -19.12847585798503
16.0 -3.1034484 -19.130285303181633
16.0 -3.275862 -19.131506108483354
16.0 -3.4482758 -19.13232883403226
16.0 -3.6206896 -19.132882859263237
16.0 -3.7931035 -19.1332557481044
16.0 -3.9655173 -19.133506634523886
16.0 -4.1379309 -19.133675395782085
16.0 -4.3103447 -19.133788897043242
16.0 -4.4827585 -19.133865224676338
16.0 -4.6551723 -19.133916550014238
16.0 -4.8275862 -19.13395106129983
16.0 -5.0 -19.133974265996105

16.344828 0.0 -18.05608382035732
16.344828 -0.1724138 -18.211164945198306
16.344828 -0.34482759 -18.35901313077567
16.344828 -0.51724136 -18.497279702957762
16.344828 -0.68965518 -18.623404479221268
16.344828 -0.86206895 -18.734977555516128
16.344828 -1.0344827 -18.830229466925072
16.344828 -1.2068965 -18.90847982152132
16.344828 -1.3793104 -18.9703293200691
16.344828 -1.5517242 -19.01748943512974
16.344828 -1.7241379 -19.052344080876495
16.344828 -1.8965517 -19.077456199281336
16.344828 -2.0689654 -19.095194937865408
16.344828 -2.2413793 -19.107542075328364
16.344828 -2.4137931 -19.11604530473209
16.344828 -2.5862069 -19.121857372184063
16.344828 -2.7586207 -19.125809218097416
16.344828 -2.9310346 -19.128486545212436
16.344828 -3.1034484 -19.130295929484678
16.344828 -3.275862 -19.131516693382476
16.344828 -3.4482758 -19.132339390892053
16.344828 -3.6206896 -19.132893397179277
16.344828 -3.7931035 -19.133266273242135
16.344828 -3.9655173 -19.133517151051397
16.344828 -4.1379309 -19.133685906512063
16.344828 -4.3103447 -19.13379940387145
16.344828 -4.4827585 -19.133875728879488
16.344828 -4.6551723 -19.133927052451675
16.344828 -4.8275862 -19.133961562549754
16.344828 -5.0 -19.133984766447462

16.689655 0.0 -18.05609533388796
16.689655 -0.1724138 -18.211178866453917
16.689655 -0.34482759 -18.359029599247098
16.689655 -0.51724136 -18.497298587376438
16.689655 -0.68965518 -18.623425313834442
16.689655 -0.86206895 -18.734999594405686
16.689655 -1.0344827 -18.830251859762086
16.689655 -1.2068965 -18.90850182920575
16.689655 -1.3793104 -18.970350461644177
16.689655 -1.5517242 -19.01750951413801
16.689655 -1.7241379 -19.05236311892805
16.689655 -1.8965517 -19.077474339299915
16.689655 -2.0689654 -19.09521236367751
16.689655 -2.2413793 -19.10755896314951
16.689655 -2.4137931 -19.116061801917564
16.689655 -2.5862069 -19.121873592710198
16.689655 -2.7586207 -19.12582524596821
16.689655 -2.9310346 -19.12850244045037
16.689655 -3.1034484 -19.13031173411477
16.689655 -3.275862 -19.13153243643581
16.689655 -3.4482758 -19.132355092244673
16.689655 -3.6206896 -19.132909070358313
16.689655 -3.7931035 -19.13328192741698
16.689655 -3.9655173 -19.133532792420905
16.689655 -4.1379309 -19.13370153925935
16.689655 -4.3103447 -19.133815030815924
16.689655 -4.4827585 -19.133891351919914
16.689655 -4.6551723 -19.133942672866088
16.689655 -4.8275862 -19.13397718119807
16.689655 -5.0 -19.134000383908127

17.034483 0.0 -18.05611244733171
17.034483 -0.1724138 -18.21119956103059
17.034483 -0.34482759 -18.359054082822183
17.034483 -0.51724136 -18.497326665213365
17.034483 -0.68965518 -18.623456293666017
17.034483 -0.86206895 -18.735032367055656
17.034483 -1.0344827 -18.830285160476354
17.034483 -1.2068965 -18.908534558443527
17.034483 -1.3793104 -18.970381903722345
17.034483 -1.5517242 -19.017539376542214
17.034483 -1.7241379 -19.0523914335559
17.034483 -1.8965517 -19.07750131855825
17.034483 -2.0689654 -19.09523828086782
17.034483 -2.2413793 -19.10758408029319
17.034483 -2.4137931 -19.11608633813682
17.034483 -2.5862069 -19.12189771749769
17.034483 -2.7586207 -19.12584908424778
17.034483 -2.9310346 -19.128526081483688
17.034483 -3.1034484 -19.13033524039934
17.034483 -3.275862 -19.13155585114542
17.034483 -3.4482758 -19.132378444938265
17.034483 -3.6206896 -19.13293238115297
17.034483 -3.7931035 -19.133305209949135
17.034483 -3.9655173 -19.13355605590932
17.034483 -4.1379309 -19.133724789925022
17.034483 -4.3103447 -19.133838272851815
17.034483 -4.4827585 -19.13391458814981
17.034483 -4.6551723 -19.133965905190646
17.034483 -4.8275862 -19.13400041089614
17.034483 -5.0 -19.134023611839954

17.379311 0.0 -18.056137876137377
17.379311 -0.1724138 -18.21123031621281
17.379311 -0.34482759 -18.359090474419347
17.379311 -0.51724136 -18.497368404704247
17.379311 -0.68965518 -18.623502352452157
17.379311 -0.86206895 -18.735081095998414
17.379311 -1.0344827 -18.83033467841474
17.379311 -1.2068965 -18.90858322945202
17.379311 -1.3793104 -18.97042866260041
17.379311 -1.5517242 -19.017583787527702
17.379311 -1.7241379 -19.052433543551576
17.379311 -1.8965517 -19.077541443108313
17.379311 -2.0689654 -19.095276826215812
17.379311 -2.2413793 -19.10762143599397
17.379311 -2.4137931 -19.116122829997156
17.379311 -2.5862069 -19.121933597544896
17.379311 -2.7586207 -19.12588453824338
17.379311 -2.9310346 -19.1285612421622
17.379311 -3.1034484 -19.13037020069739
17.379311 -3.275862 -19.13159067526493
17.379311 -3.4482758 -19.132413176835296
17.379311 -3.6206896 -19.132967050743062
17.379311 -3.7931035 -19.133339837510675
17.379311 -3.9655173 -19.133590655151302
17.379311 -4.1379309 -19.133759370098566
17.379311 -4.3103447 -19.13387284019218
17.379311 -4.4827585 -19.13394914685619
17.379311 -4.6551723 -19.134000458089478
17.379311 -4.8275862 -19.134034959889163
17.379311 -5.0 -19.134058158206432

17.724138 0.0 -18.056175642568455
17.724138 -0.1724138 -18.211276004731182
17.724138 -0.34482759 -18.35914454808216
17.724138 -0.51724136 -18.497430436859734
17.724138 -0.68965518 -18.62357081553504
17.724138 -0.86206895 -18.735153538491833
17.724138 -1.0344827 -18.8304083023258
17.724138 -1.2068965 -18.908655600442568
17.724138 -1.3793104 -18.9704981947403
17.724138 -1.5517242 -19.017649831161695
17.724138 -1.7241379 -19.05249616724595
17.724138 -1.8965517 -19.077601115347278
17.724138 -2.0689654 -19.095334150667046
17.724138 -2.2413793 -19.10767699169954
17.724138 -2.4137931 -19.116177101312154
17.724138 -2.5862069 -19.121986959171007
17.724138 -2.7586207 -19.125937266374535
17.724138 -2.9310346 -19.128613534156457
17.724138 -3.1034484 -19.13042219474135
17.724138 -3.275862 -19.131642466820967
17.724138 -3.4482758 -19.132464831262574
17.724138 -3.6206896 -19.133018612523824
17.724138 -3.7931035 -19.13339133679753
17.724138 -3.9655173 -19.133642112328655
17.724138 -4.1379309 -19.13381079892226
17.724138 -4.3103447 -19.133924249933674
17.724138 -4.4827585 -19.134000543759445
17.724138 -4.6551723 -19.13405184635724
17.724138 -4.8275862 -19.134086342349214
17.724138 -5.0 -19.134109536760956

18.068966 0.0 -18.056231693249924
18.068966 -0.1724138 -18.211343838136166
18.068966 -0.34482759 -18.359224857193134
18.068966 -0.51724136 -18.497522592579728
18.068966 -0.68965518 -18.623672550964024
18.068966 -0.86206895 -18.735261210293306
18.068966 -1.0344827 -18.83051774878267
18.068966 -1.2068965 -18.908763198296374
18.068966 -1.3793104 -18.970601581600206
18.068966 -1.5517242 -19.017748037388223
18.068966 -1.7241379 -19.05258929218134
18.068966 -1.8965517 -19.07768985393808
18.068966 -2.0689654 -19.095419399549012
18.068966 -2.2413793 -19.107759611315384
18.068966 -2.4137931 -19.116257811555588
18.068966 -2.5862069 -19.12206631702407
18.068966 -2.7586207 -19.126015682419236
18.068966 -2.9310346 -19.128691301792315
18.068966 -3.1034484 -19.130499519407152
18.068966 -3.275862 -19.13171949044093
18.068966 -3.4482758 -19.132541651007504
18.068966 -3.6206896 -19.133095294526907
18.068966 -3.7931035 -19.133467925887842
18.068966 -3.9655173 -19.13371863881262
18.068966 -4.1379309 -19.13388728325135
18.068966 -4.3103447 -19.134000705892237
18.068966 -4.4827585 -19.134076980630706
18.068966 -4.6551723 -19.134128270389642
18.068966 -4.8275862 -19.13416275774697
18.068966 -5.0 -19.134185946352154

18.413794 0.0 -18.05631479269664
18.413794 -0.1724138 -18.211444461939532
18.413794 -0.34482759 -18.359344045464137
18.413794 -0.51724136 -18.497659421768336
18.413794 -0.68965518 -18.623823660765478
18.413794 -0.86206895 -18.735421188324022
18.413794 -1.0344827 -18.83068040490813
18.413794 -1.2068965 -18.908923137888358
18.413794 -1.3793104 -18.970755283124376
18.413794 -1.5517242 -19.017894051205047
18.413794 -1.7241379 -19.052727760214047
18.413794 -1.8965517 -19.07782180571421
18.413794 -2.0689654 -19.095546165956144
18.413794 -2.2413793 -19.107882470368484
18.413794 -2.4137931 -19.116377832852162
18.413794 -2.5862069 -19.122184328256797
18.413794 -2.7586207 -19.126132293789063
18.413794 -2.9310346 -19.128806949373338
18.413794 -3.1034484 -19.13061450855161
18.413794 -3.275862 -19.131834032102308
18.413794 -3.4482758 -19.1326558896212
18.413794 -3.6206896 -19.133209328394898
18.413794 -3.7931035 -19.13358182164568
18.413794 -3.9655173 -19.133832441509078
18.413794 -4.1379309 -19.134001023286494
18.413794 -4.3103447 -19.134114403755838
18.413794 -4.4827585 -19.134190650121848
18.413794 -4.6551723 -19.13424192079636
18.413794 -4.8275862 -19.13427639531865
18.413794 -5.0 -19.13429957529263

18.758621 0.0 -18.056437801540763
18.758621 -0.1724138 -18.21159353346161
18.758621 -0.34482759 -18.359520747455143
18.758621 -0.51724136 -18.497862407449027
18.758621 -0.68965518 -18.624047957417716
18.758621 -0.86206895 -18.735658760436156
18.758621 -1.0344827 -18.83092204529823
18.758621 -1.2068965 -18.909160810666716
18.758621 -1.3793104 -18.970983733306717
18.758621 -1.5517242 -19.018111106249943
18.758621 -1.7241379 -19.05293361832839
18.758621 -1.8965517 -19.078017989098303
18.758621 -2.0689654 -19.095734648077983
18.758621 -2.2413793 -19.10806514817515
18.758621 -2.4137931 -19.116556294690344
18.758621 -2.5862069 -19.122359803565903
18.758621 -2.7586207 -19.126305689090245
18.758621 -2.9310346 -19.12897891256499
18.758621 -3.1034484 -19.130785493339406
18.758621 -3.275862 -19.13200435194256
18.758621 -3.4482758 -19.13282575913638
18.758621 -3.6206896 -19.133378893658467
18.758621 -3.7931035 -19.133751181676967
18.758621 -3.9655173 -19.134001663250338
18.758621 -4.1379309 -19.1341701519123
18.758621 -4.3103447 -19.13428346971415
18.758621 -4.4827585 -19.13435967391825
18.758621 -4.6551723 -19.134410916233005
18.758621 -4.8275862 -19.13444537168222
18.758621 -5.0 -19.134468538830074

19.103449 0.0 -18.056619467364364
19.103449 -0.1724138 -18.21181395724893
19.103449 -0.34482759 -18.35978230699713
19.103449 -0.51724136 -18.498163159041415
19.103449 -0.68965518 -18.624380560841434
19.103449 -0.86206895 -18.73601129663872
19.103449 -1.0344827 -18.831280819667022
19.103449 -1.2068965 -18.909513844327478
19.103449 -1.3793104 -18.971323172329726
19.103449 -1.5517242 -19.01843368310042
19.103449 -1.7241379 -19.05323959938807
19.103449 -1.8965517 -19.078309618407204
19.103449 -2.0689654 -19.096014847579497
19.103449 -2.2413793 -19.108336730677113
19.103449 -2.4137931 -19.11682161706929
19.103449 -2.5862069 -19.12262069084004
19.103449 -2.7586207 -19.12656348723734
19.103449 -2.9310346 -19.129234583703933
19.103449 -3.1034484 -19.131039711277158
19.103449 -3.275862 -19.132257582226487
19.103449 -3.4482758 -19.133078320537532
19.103449 -3.6206896 -19.133631003140053
19.103449 -3.7931035 -19.134002986315114
19.103449 -3.9655173 -19.134253262477337
19.103449 -4.1379309 -19.13442161282846
19.103449 -4.3103447 -19.134534837545736
19.103449 -4.4827585 -19.13461097912362
19.103449 -4.6551723 -19.134662179313473
19.103449 -4.8275862 -19.13469660643198
19.103449 -5.0 -19.134719754528202

19.448277 0.0 -18.05688684454112
19.448277 -0.1724138 -18.212138960963628
19.448277 -0.34482759 -18.360168575257187
19.448277 -0.51724136 -18.498607932375617
19.448277 -0.68965518 -18.624873046185634
19.448277 -0.86206895 -18.736533839448963
19.448277 -1.0344827 -18.831813052001753
19.448277 -1.2068965 -18.91003789158068
19.448277 -1.3793104 -18.971827269888554
19.448277 -1.5517242 -19.018912891385956
19.448277 -1.7241379 -19.053694251975795
19.448277 -1.8965517 -19.078743008830052
19.448277 -2.0689654 -19.09643129242876
19.448277 -2.2413793 -19.108740394539172
19.448277 -2.4137931 -19.117215993169673
19.448277 -2.5862069 -19.12300848568097
19.448277 -2.7586207 -19.126946697588483
19.448277 -2.9310346 -19.129614637180154
19.448277 -3.1034484 -19.131417607824506
19.448277 -3.275862 -19.132634012789335
19.448277 -3.4482758 -19.133453758248745
19.448277 -3.6206896 -19.13400577003745
19.448277 -3.7931035 -19.13437730070888
19.448277 -3.9655173 -19.134627271960767
19.448277 -4.1379309 -19.134795417003676
19.448277 -4.3103447 -19.13490850354606
19.448277 -4.4827585 -19.134984552161303
19.448277 -4.6551723 -19.13503568982067
19.448277 -4.8275862 -19.13507007488484
19.448277 -5.0 -19.135093194700655

19.793104 0.0 -18.057278391244395
19.793104 -0.1724138 -18.212616155302957
19.793104 -0.34482759 -18.360737051677617
19.793104 -0.51724136 -18.499263877404406
19.793104 -0.68965518 -18.625600683821297
19.793104 -0.86206895 -18.737307077003663
19.793104 -1.0344827 -18.832601601301945
19.793104 -1.2068965 -18.91081504274271
19.793104 -1.3793104 -18.9725753436811
19.793104 -1.5517242 -19.01962436635015
19.793104 -1.7241379 -19.05436948652143
19.793104 -1.8965517 -19.07938680434889
19.793104 -2.0689654 -19.097050004443705
19.793104 -2.2413793 -19.109340175212566
19.793104 -2.4137931 -19.117802011040546
19.793104 -2.5862069 -19.12358474872524
19.793104 -2.7586207 -19.12751616427434
19.793104 -2.9310346 -19.130179423370762
19.793104 -3.1034484 -19.131979195835616
19.793104 -3.275862 -19.13319342700798
19.793104 -3.4482758 -19.13401170019711
19.793104 -3.6206896 -19.13456271723368
19.793104 -3.7931035 -19.134933576875866
19.793104 -3.9655173 -19.135183095963843
19.793104 -4.1379309 -19.135350936544825
19.793104 -4.3103447 -19.135463818179755
19.793104 -4.4827585 -19.135539728934937
19.793104 -4.6551723 -19.135590773863797
19.793104 -4.8275862 -19.135625096562787
19.793104 -5.0 -19.13564817443965

20.137932 0.0 -18.057847540434615
20.137932 -0.1724138 -18.213312496788465
20.137932 -0.34482759 -18.36156945678572
20.137932 -0.51724136 -18.500227316544883
20.137932 -0.68965518 -18.62667231048721
20.137932 -0.86206895 -18.738448460083386
20.137932 -1.0344827 -18.833767718610336
20.137932 -1.2068965 -18.911965904553476
20.137932 -1.3793104 -18.973684262196652
20.137932 -1.5517242 -19.020679773157816
20.137932 -1.7241379 -19.05537161266007
20.137932 -1.8965517 -19.080342577474593
20.137932 -2.0689654 -19.09796873497173
20.137932 -2.2413793 -19.11023092102425
20.137932 -2.4137931 -19.118672399861325
20.137932 -2.5862069 -19.124440703184305
20.137932 -2.7586207 -19.128362059477585
20.137932 -2.9310346 -19.13101838982591
20.137932 -3.1034484 -19.13281342735145
20.137932 -3.275862 -19.134024439960733
20.137932 -3.4482758 -19.13484053316687
20.137932 -3.6206896 -19.13539007723003
20.137932 -3.7931035 -19.135759943227395
20.137932 -3.9655173 -19.136008792751333
20.137932 -4.1379309 -19.136176182480735
20.137932 -4.3103447 -19.136288760683723
20.137932 -4.4827585 -19.13636446729146
20.137932 -4.6551723 -19.136415374901684
20.137932 -4.8275862 -19.136449605247915
20.137932 -5.0 -19.136472621019866

20.482758 0.0 -18.05866592624971
20.482758 -0.1724138 -18.21431945569168
20.482758 -0.34482759 -18.362779255203865
20.482758 -0.51724136 -18.501633888873158
20.482758 -0.68965518 -18.628243057378445
20.482758 -0.86206895 -18.74012709215182
20.482758 -1.0344827 -18.835487375814903
20.482758 -1.2068965 -18.913666565845226
20.482758 -1.3793104 -18.97532539213846
20.482758 -1.5517242 -19.0222433378689
20.482758 -1.7241379 -19.056857296200064
20.482758 -1.8965517 -19.081760215342115
20.482758 -2.0689654 -19.099331862043552
20.482758 -2.2413793 -19.111552805954016
20.482758 -2.4137931 -19.11996425626519
20.482758 -2.5862069 -19.125711254939322
20.482758 -2.7586207 -19.12961775839327
20.482758 -2.9310346 -19.132263855620305
20.482758 -3.1034484 -19.134051898907266
20.482758 -3.275862 -19.135258156670915
20.482758 -3.4482758 -19.13607102910637
20.482758 -3.6206896 -19.136618396847176
20.482758 -3.7931035 -19.136986794682535
20.482758 -3.9655173 -19.13723465486856
20.482758 -4.1379309 -19.13740137841634
20.482758 -4.3103447 -19.137513508261517
20.482758 -4.4827585 -19.13758891321439
20.482758 -4.6551723 -19.137639617917234
20.482758 -4.8275862 -19.137673711798993
20.482758 -5.0 -19.137696635801845

20.827587 0.0 -18.05982434764109
20.827587 -0.1724138 -18.21575651824226
20.827587 -0.34482759 -18.364518491159025
20.827587 -0.51724136 -18.503669375537275
20.827587 -0.68965518 -18.630529396612616
20.827587 -0.86206895 -18.742582589517095
20.827587 -1.0344827 -18.838012948505238
20.827587 -1.2068965 -18.9161718609497
20.827587 -1.3793104 -18.97774834210254
20.827587 -1.5517242 -19.02455533964839
20.827587 -1.7241379 -19.059056448500968
20.827587 -1.8965517 -19.083860125715766
20.827587 -2.0689654 -19.101351977252094
20.827587 -2.2413793 -19.113512415251602
20.827587 -2.4137931 -19.12187974998996
20.827587 -2.5862069 -19.127595421787376
20.827587 -2.7586207 -19.13148007267584
20.827587 -2.9310346 -19.134111108495564
20.827587 -3.1034484 -19.13588885487556
20.827587 -3.275862 -19.137088111394668
20.827587 -3.4482758 -19.13789624089678
20.827587 -3.6206896 -19.138440403528435
20.827587 -3.7931035 -19.138806639067095
20.827587 -3.9655173 -19.139053042115677
20.827587 -4.1379309 -19.13921878446175
20.827587 -4.3103447 -19.13933025392231
20.827587 -4.4827585 -19.139405214564295
20.827587 -4.6551723 -19.139455620400508
20.827587 -4.8275862 -19.139489513279894
20.827587 -5.0 -19.139512302113026

21.172413 0.0 -18.06142744290636
21.172413 -0.1724138 -18.217768625877166
21.172413 -0.34482759 -18.366979498123808
21.172413 -0.51724136 -18.506577180025758
21.172413 -0.68965518 -18.63382336697294
21.172413 -0.86206895 -18.74614598991384
21.172413 -1.0344827 -18.841699612222307
21.172413 -1.2068965 -18.91984538736578
21.172413 -1.3793104 -18.981312753407067
21.172413 -1.5517242 -19.027964317507013
21.172413 -1.7241379 -19.06230408733614
21.172413 -1.8965517 -19.086964451717087
21.172413 -2.0689654 -19.104340424672504
21.172413 -2.2413793 -19.116412700314587
21.172413 -2.4137931 -19.124715620217152
21.172413 -2.5862069 -19.13038548927555
21.172413 -2.7586207 -19.134238161984083
21.172413 -2.9310346 -19.13684714496677
21.172413 -3.1034484 -19.138609808977233
21.172413 -3.275862 -19.13979880786587
21.172413 -3.4482758 -19.140599987259296
21.172413 -3.6206896 -19.14113945272297
21.172413 -3.7931035 -19.141502519123396
21.172413 -3.9655173 -19.141746786432336
21.172413 -4.1379309 -19.141911090573455
21.172413 -4.3103447 -19.142021592047506
21.172413 -4.4827585 -19.142095901412176
21.172413 -4.6551723 -19.142145869160874
21.172413 -4.8275862 -19.142179467403032
21.172413 -5.0 -19.142202058098118

21.517242 0.0 -18.063576219366954
21.517242 -0.1724138 -18.220510336129262
21.517242 -0.34482759 -18.370383407737055
21.517242 -0.51724136 -18.51065435876374
21.517242 -0.68965518 -18.638498864990698
21.517242 -0.86206895 -18.751257460053885
21.517242 -1.0344827 -18.847033465740292
21.517242 -1.2068965 -18.92519541232545
21.517242 -1.3793104 -18.9865289202041
21.517242 -1.5517242 -19.032969887875243
21.517242 -1.7241379 -19.0670837493702
21.517242 -1.8965517 -19.091540270061685
21.517242 -2.0689654 -19.10874998717384
21.517242 -2.2413793 -19.12069512036988
21.517242 -2.4137931 -19.128904848429542
21.517242 -2.5862069 -19.13450831790343
21.517242 -2.7586207 -19.138314571220366
21.517242 -2.9310346 -19.140891514733756
21.517242 -3.1034484 -19.142632253798833
21.517242 -3.275862 -19.143806335705854
21.517242 -3.4482758 -19.14459740546178
21.517242 -3.6206896 -19.145130037259904
21.517242 -3.7931035 -19.145488492521938
21.517242 -3.9655173 -19.14572965206438
21.517242 -4.1379309 -19.145891863331546
21.517242 -4.3103447 -19.14600095614449
21.517242 -4.4827585 -19.146074317716828
21.517242 -4.6551723 -19.14612364791463
21.517242 -4.8275862 -19.146156817365323
21.517242 -5.0 -19.14617911970412

21.862068 0.0 -18.066332250469515
21.862068 -0.1724138 -18.22410665510199
21.862068 -0.34482759 -18.37494190858191
21.862068 -0.51724136 -18.51622034460183
21.862068 -0.68965518 -18.644993807350584
21.862068 -0.86206895 -18.75846643551677
21.862068 -1.0344827 -18.854650354482796
21.862068 -1.2068965 -18.932909392482536
21.862068 -1.3793104 -18.994103238411903
21.862068 -1.5517242 -19.0402746098191
21.862068 -1.7241379 -19.074082531899926
21.862068 -1.8965517 -19.098255894976617
21.862068 -2.0689654 -19.115231491319637
21.862068 -2.2413793 -19.126996144076962
21.862068 -2.4137931 -19.135072931874227
21.862068 -2.5862069 -19.140581384572005
21.862068 -2.7586207 -19.14432107820552
21.862068 -2.9310346 -19.146852020283657
21.862068 -3.1034484 -19.148561252575607
21.862068 -3.275862 -19.149713885910355
21.862068 -3.4482758 -19.150490413767542
21.862068 -3.6206896 -19.151013213343912
21.862068 -3.7931035 -19.151365032987485
21.862068 -3.9655173 -19.15160171980552
21.862068 -4.1379309 -19.151760918755258
21.862068 -4.3103447 -19.151867983946403
21.862068 -4.4827585 -19.151939981221755
21.862068 -4.6551723 -19.15198839367701
21.862068 -4.8275862 -19.152020945880615
21.862068 -5.0 -19.152042833124902

22.206898 0.0 -18.06966741148956
22.206898 -0.1724138 -18.228587319954432
22.206898 -0.34482759 -18.38078077570237
22.206898 -0.51724136 -18.523539122803577
22.206898 -0.68965518 -18.65374388314874
22.206898 -0.86206895 -18.768389176014054
22.206898 -1.0344827 -18.865323697751773
22.206898 -1.2068965 -18.943870923557835
22.206898 -1.3793104 -19.00497794786616
22.206898 -1.5517242 -19.05083895974048
22.206898 -1.7241379 -19.084255109485216
22.206898 -1.8965517 -19.108049816747943
22.206898 -2.0689654 -19.124705263800287
22.206898 -2.2413793 -19.136219937978098
22.206898 -2.4137931 -19.144111155430984
22.206898 -2.5862069 -19.149486323684847
22.206898 -2.7586207 -19.153132356183463
22.206898 -2.9310346 -19.155598432801206
22.206898 -3.1034484 -19.157263177854585
22.206898 -3.275862 -19.15838549874071
22.206898 -3.4482758 -19.159141462749417
22.206898 -3.6206896 -19.159650352901593
22.206898 -3.7931035 -19.159992782762185
22.206898 -3.9655173 -19.160223139277008
22.206898 -4.1379309 -19.16037807434053
22.206898 -4.3103447 -19.160482269233075
22.206898 -4.4827585 -19.16055233510619
22.206898 -4.6551723 -19.16059944828791
22.206898 -4.8275862 -19.160631126616206
22.206898 -5.0 -19.160652426175503

22.551723 0.0 -18.073427006171116
22.551723 -0.1724138 -18.233815701015317
22.551723 -0.34482759 -18.387832973240272
22.551723 -0.51724136 -18.532684575160168
22.551723 -0.68965518 -18.6650396733048
22.551723 -0.86206895 -18.781583630482913
22.551723 -1.0344827 -18.879878423560207
22.551723 -1.2068965 -18.959120863020882
22.551723 -1.3793104 -19.02033486285454
22.551723 -1.5517242 -19.065916987120556
22.551723 -1.7241379 -19.098880578275093
22.551723 -1.8965517 -19.122200624272928
22.551723 -2.0689654 -19.13843884228971
22.551723 -2.2413793 -19.149620672010855
22.551723 -2.4137931 -19.157261628958214
22.551723 -2.5862069 -19.162455616946264
22.551723 -2.7586207 -19.165973683923397
22.551723 -2.9310346 -19.1683508449026
22.551723 -3.1034484 -19.16995447595603
22.551723 -3.275862 -19.17103509558264
22.551723 -3.4482758 -19.171762742600155
22.551723 -3.6206896 -19.172252466875598
22.551723 -3.7931035 -19.172581952978792
22.551723 -3.9655173 -19.17280358071449
22.551723 -4.1379309 -19.172952635228405
22.551723 -4.3103447 -19.173052871031345
22.551723 -4.4827585 -19.17312027263248
22.551723 -4.6551723 -19.17316559342769
22.551723 -4.8275862 -19.173196066171883
22.551723 -5.0 -19.173216554949278

22.896551 0.0 -18.07735874766622
22.896551 -0.1724138 -18.239479133256136
22.896551 -0.34482759 -18.39576767724278
22.896551 -0.51724136 -18.543395938773624
22.896551 -0.68965518 -18.678819503249763
22.896551 -0.86206895 -18.798317186000144
22.896551 -1.0344827 -18.89898179255107
22.896551 -1.2068965 -18.979705727637594
22.896551 -1.3793104 -19.0415108848679
22.896551 -1.5517242 -19.08703002837829
22.896551 -1.7241379 -19.11957902158739
22.896551 -1.8965517 -19.14237237307421
22.896551 -2.0689654 -19.15811085376159
22.896551 -2.2413793 -19.16887810681308
22.896551 -2.4137931 -19.176200285947882
22.896551 -2.5862069 -19.18116032266198
22.896551 -2.7586207 -19.184511727182954
22.896551 -2.9310346 -19.186772441535012
22.896551 -3.1034484 -19.188295745683284
22.896551 -3.275862 -19.189321423043847
22.896551 -3.4482758 -19.190011702641197
22.896551 -3.6206896 -19.190476108658185
22.896551 -3.7931035 -19.19078848387658
22.896551 -3.9655173 -19.19099856721628
22.896551 -4.1379309 -19.191139841839078
22.896551 -4.3103447 -19.191234838701316
22.896551 -4.4827585 -19.19129871424922
22.896551 -4.6551723 -19.1913416626673
22.896551 -4.8275862 -19.191370539614525
22.896551 -5.0 -19.19138995513665

23.241379 0.0 -18.081207048405858
23.241379 -0.1724138 -18.24519401356363
23.241379 -0.34482759 -18.404061442662574
23.241379 -0.51724136 -18.555056934864986
23.241379 -0.68965518 -18.694513272171942
23.241379 -0.86206895 -18.81828276746469
23.241379 -1.0344827 -18.92279628684549
23.241379 -1.2068965 -19.006349174511566
23.241379 -1.3793104 -19.069741396191983
23.241379 -1.5517242 -19.115795153440725
23.241379 -1.7241379 -19.1482133652429
23.241379 -1.8965517 -19.17057099623403
23.241379 -2.0689654 -19.185805065701224
23.241379 -2.2413793 -19.19611675314961
23.241379 -2.4137931 -19.203072590393642
23.241379 -2.5862069 -19.20775667151284
23.241379 -2.7586207 -19.210908320039714
23.241379 -2.9310346 -19.21302804200589
23.241379 -3.1034484 -19.2144534464093
23.241379 -3.275862 -19.215411873090723
23.241379 -3.4482758 -19.216056283684875
23.241379 -3.6206896 -19.21648955233902
23.241379 -3.7931035 -19.216780857346794
23.241379 -3.9655173 -19.21697671299315
23.241379 -4.1379309 -19.21710839399335
23.241379 -4.3103447 -19.217196928103416
23.241379 -4.4827585 -19.21725645280656
23.241379 -4.6551723 -19.21729647341518
23.241379 -4.8275862 -19.21732338072323
23.241379 -5.0 -19.217341471459633

23.586206 0.0 -18.08474529771206
23.586206 -0.1724138 -18.250619182379378
23.586206 -0.34482759 -18.412190858975908
23.586206 -0.51724136 -18.566907372528053
23.586206 -0.68965518 -18.711155650976952
23.586206 -0.86206895 -18.840502000372087
23.586206 -1.0344827 -18.950656111145786
23.586206 -1.2068965 -19.038994606155665
23.586206 -1.3793104 -19.105691957271993
23.586206 -1.5517242 -19.153524550358412
23.586206 -1.7241379 -19.186579305925314
23.586206 -1.8965517 -19.20891567913322
23.586206 -2.0689654 -19.223844324642968
23.586206 -2.2413793 -19.233784446193823
23.586206 -2.4137931 -19.240402862327603
23.586206 -2.5862069 -19.24481624374054
23.586206 -2.7586207 -19.24776468635152
23.586206 -2.9310346 -19.249737757142054
23.586206 -3.1034484 -19.25105989034777
23.586206 -3.275862 -19.25194672882495
23.586206 -3.4482758 -19.252542020406928
23.586206 -3.6206896 -19.25294181405244
23.586206 -3.7931035 -19.253210407691522
23.586206 -3.9655173 -19.253390900673303
23.586206 -4.1379309 -19.253512210654296
23.586206 -4.3103447 -19.253593752854112
23.586206 -4.4827585 -19.253648568004316
23.586206 -4.6551723 -19.25368541830249
23.586206 -4.8275862 -19.253710192328196
23.586206 -5.0 -19.253726847983994

23.931034 0.0 -18.087701595575748
23.931034 -0.1724138 -18.255387100728868
23.931034 -0.34482759 -18.41965756060994
23.931034 -0.51724136 -18.578239955501555
23.931034 -0.68965518 -18.727731855226168
23.931034 -0.86206895 -18.863644795062157
23.931034 -1.0344827 -18.981136739671104
23.931034 -1.2068965 -19.07653973751557
23.931034 -1.3793104 -19.14895434482401
23.931034 -1.5517242 -19.20063845340939
23.931034 -1.7241379 -19.235842330596974
23.931034 -1.8965517 -19.259142127809454
23.931034 -2.0689654 -19.2743631071282
23.931034 -2.2413793 -19.284282302505492
23.931034 -2.4137931 -19.29076730450721
23.931034 -2.5862069 -19.295029768588392
23.931034 -2.7586207 -19.297846668322904
23.931034 -2.9310346 -19.299716931049737
23.931034 -3.1034484 -19.30096320510247
23.931034 -3.275862 -19.301795919405542
23.931034 -3.4482758 -19.302353386938112
23.931034 -3.6206896 -19.302727094544107
23.931034 -3.7931035 -19.302977851052717
23.931034 -3.9655173 -19.303146215877604
23.931034 -4.1379309 -19.303259310160872
23.931034 -4.3103447 -19.30333530077763
23.931034 -4.4827585 -19.303386370783752
23.931034 -4.6551723 -19.303420697378886
23.931034 -4.8275862 -19.303443772045682
23.931034 -5.0 -19.303459283994705

24.275862 0.0 -18.089856761827953
24.275862 -0.1724138 -18.259085823769567
24.275862 -0.34482759 -18.425837424805778
24.275862 -0.51724136 -18.58822084244845
24.275862 -0.68965518 -18.743181289776427
24.275862 -0.86206895 -18.886353427235708
24.275862 -1.0344827 -19.012555795035773
24.275862 -1.2068965 -19.117181071175153
24.275862 -1.3793104 -19.198026423263304
24.275862 -1.5517242 -19.256313717511947
24.275862 -1.7241379 -19.295997909412804
24.275862 -1.8965517 -19.32199537928855
24.275862 -2.0689654 -19.33869785990123
24.275862 -2.2413793 -19.349377062203573
24.275862 -2.4137931 -19.35623271879766
24.275862 -2.5862069 -19.360668933316138
24.275862 -2.7586207 -19.363564484003533
24.275862 -2.9310346 -19.36546905169303
24.275862 -3.1034484 -19.366729573368985
24.275862 -3.275862 -19.36756774972479
24.275862 -3.4482758 -19.368126987701302
24.275862 -3.6206896 -19.3685010133483
24.275862 -3.7931035 -19.36875158552683
24.275862 -3.9655173 -19.368919645259446
24.275862 -4.1379309 -19.369032452168103
24.275862 -4.3103447 -19.369108212282683
24.275862 -4.4827585 -19.369159110424338
24.275862 -4.6551723 -19.36919331382399
24.275862 -4.8275862 -19.36921630220319
24.275862 -5.0 -19.369231754573562

24.620689 0.0 -18.091296785952192
24.620689 -0.1724138 -18.261618437382428
24.620689 -0.34482759 -18.430288974288274
24.620689 -0.51724136 -18.595930626627904
24.620689 -0.68965518 -18.75609353908753
24.620689 -0.86206895 -18.90685133537946
24.620689 -1.0344827 -19.0429171950191
24.620689 -1.2068965 -19.158810804464487
24.620689 -1.3793104 -19.250876484211467
24.620689 -1.5517242 -19.318896145994437
24.620689 -1.7241379 -19.36602074364301
24.620689 -1.8965517 -19.397158327614815
24.620689 -2.0689654 -19.417173796047155
24.620689 -2.2413793 -19.429907858247184
24.620689 -2.4137931 -19.438020699979948
24.620689 -2.5862069 -19.443228372751417
24.620689 -2.7586207 -19.446603084278596
24.620689 -2.9310346 -19.44880988983893
24.620689 -3.1034484 -19.45026394824383
24.620689 -3.275862 -19.45122766542637
24.620689 -3.4482758 -19.451869172819837
24.620689 -3.6206896 -19.45229752514719
24.620689 -3.7931035 -19.452584171162066
24.620689 -3.9655173 -19.45277627839588
24.620689 -4.1379309 -19.452905159484317
24.620689 -4.3103447 -19.452991684280526
24.620689 -4.4827585 -19.453049800600745
24.620689 -4.6551723 -19.453088848298265
24.620689 -4.8275862 -19.453115089717073
24.620689 -5.0 -19.453132727430685

24.965517 0.0 -18.09229648708742
24.965517 -0.1724138 -18.26333379256832
24.965517 -0.34482759 -18.433273474969056
24.965517 -0.51724136 -18.601209693541694
24.965517 -0.68965518 -18.76545590188999
24.965517 -0.86206895 -18.92301930956223
24.965517 -1.0344827 -19.069210366485713
24.965517 -1.2068965 -19.198124017594456
24.965517 -1.3793104 -19.304497341506874
24.965517 -1.5517242 -19.386045320367764
24.965517 -1.7241379 -19.444398299150702
24.965517 -1.8965517 -19.48395284045733
24.965517 -2.0689654 -19.509849419270445
24.965517 -2.2413793 -19.5265252827348
24.965517 -2.4137931 -19.53722833031047
24.965517 -2.5862069 -19.544128185497403
24.965517 -2.7586207 -19.54861018036902
24.965517 -2.9310346 -19.551544896291688
24.965517 -3.1034484 -19.553479947503522
24.965517 -3.275862 -19.55476295673976
24.965517 -3.4482758 -19.555617190968913
24.965517 -3.6206896 -19.556187658948534
24.965517 -3.7931035 -19.55656943493717
24.965517 -3.9655173 -19.556825309023452
24.965517 -4.1379309 -19.556996974998288
24.965517 -4.3103447 -19.557112225693867
24.965517 -4.4827585 -19.557189637325916
24.965517 -4.6551723 -19.557241649728752
24.965517 -4.8275862 -19.557276604062316
24.965517 -5.0 -19.557300098090177

25.310345 0.0 -18.092990294417103
25.310345 -0.1724138 -18.264549125235412
25.310345 -0.34482759 -18.43536947296832
25.310345 -0.51724136 -18.60482781390464
25.310345 -0.68965518 -18.771796471619133
25.310345 -0.86206895 -18.9342711207996
25.310345 -1.0344827 -19.08885449024327
25.310345 -1.2068965 -19.23047673111173
25.310345 -1.3793104 -19.353211476302
25.310345 -1.5517242 -19.45248988825314
25.310345 -1.7241379 -19.527269879828175
25.310345 -1.8965517 -19.580250332459553
25.310345 -2.0689654 -19.616186161954822
25.310345 -2.2413793 -19.639959407815915
25.310345 -2.4137931 -19.65552479912984
25.310345 -2.5862069 -19.665704708420378
25.310345 -2.7586207 -19.67238532193437
25.310345 -2.9310346 -19.676791107565123
25.310345 -3.1034484 -19.679710597885666
25.310345 -3.275862 -19.68165294527135
25.310345 -3.4482758 -19.682949188158204
25.310345 -3.6206896 -19.683816207220318
25.310345 -3.7931035 -19.68439706786999
25.310345 -3.9655173 -19.68478665493393
25.310345 -4.1379309 -19.685048156852034
25.310345 -4.3103447 -19.685223778224966
25.310345 -4.4827585 -19.685341765844278
25.310345 -4.6551723 -19.685421052849687
25.310345 -4.8275862 -19.685474342120628
25.310345 -5.0 -19.685510162121844

25.655172 0.0 -18.093409052015815
25.655172 -0.1724138 -18.265334399815238
25.655172 -0.34482759 -18.436807875788688
25.655172 -0.51724136 -18.60739717529684
25.655172 -0.68965518 -18.776293512016153
25.655172 -0.86206895 -18.942080065466985
25.655172 -1.0344827 -19.102430331433386
25.655172 -1.2068965 -19.2537623486335
25.655172 -1.3793104 -19.391189853232817
25.655172 -1.5517242 -19.509482985502437
25.655172 -1.7241379 -19.605068055832113
25.655172 -1.8965517 -19.67762768307435
25.655172 -2.0689654 -19.729927355334542
25.655172 -2.2413793 -19.766276684484996
25.655172 -2.4137931 -19.7909955934763
25.655172 -2.5862069 -19.807621168082232
25.655172 -2.7586207 -19.81875380853275
25.655172 -2.9310346 -19.826200746347823
25.655172 -3.1034484 -19.831184484684222
25.655172 -3.275862 -19.834522833031773
25.655172 -3.4482758 -19.836761100812904
25.655172 -3.6206896 -19.838262957684528
25.655172 -3.7931035 -19.839271288401726
25.655172 -3.9655173 -19.83994856319768
25.655172 -4.1379309 -19.840403614024225
25.655172 -4.3103447 -19.840709421845055
25.655172 -4.4827585 -19.840914963755175
25.655172 -4.6551723 -19.841053128005964
25.655172 -4.8275862 -19.841146007690202
25.655172 -5.0 -19.841208448030155

26.0 0.0 -18.093641067586393
26.0 -0.1724138 -18.2657758787782
26.0 -0.34482759 -18.437658999183782
26.0 -0.51724136 -18.60903449654038
26.0 -0.68965518 -18.779376211242568
26.0 -0.86206895 -18.947674054908983
26.0 -1.0344827 -19.11219485758991
26.0 -1.2068965 -19.270309737180643
26.0 -1.3793104 -19.418447763564973
26.0 -1.5517242 -19.552339289075718
26.0 -1.7241379 -19.667891452582264
26.0 -1.8965517 -19.762557624453553
26.0 -2.0689654 -19.83626603326207
26.0 -2.2413793 -19.891207786692448
26.0 -2.4137931 -19.930810203698694
26.0 -2.5862069 -19.958684802483855
26.0 -2.7586207 -19.977993222918798
26.0 -2.9310346 -19.99122895386117
26.0 -3.1034484 -20.00024094387366
26.0 -3.275862 -20.006350431794363
26.0 -3.4482758 -20.010480576969183
26.0 -3.6206896 -20.013267502330663
26.0 -3.7931035 -20.015145778333405
26.0 -3.9655173 -20.01641064517051
26.0 -4.1379309 -20.0172619765501
26.0 -4.3103447 -20.01783477139753
26.0 -4.4827585 -20.01822006847065
26.0 -4.6551723 -20.018479201731342
26.0 -4.8275862 -20.018653464429892
26.0 -5.0 -20.01877064458545
