# KROME file, XRAY He rate
# Distance = 1 kpc
# Xray rate including primary He ionization in 1/s
# first line indicates the size of the table (30x30)
# then first column is the parameter log10(nH), where nH is the H column density in cm-2
# second column is log10(xHe), where xHe = nHe/nH both in cm-2
# third column is log10(rate), where rate is in units of 1/s
30, 30
16.0 0.0 -10.67205802064991
16.0 -0.1724138 -10.627862550795676
16.0 -0.34482759 -10.58711245230271
16.0 -0.51724136 -10.549190834088826
16.0 -0.68965518 -10.51418988339166
16.0 -0.86206895 -10.48276732352081
16.0 -1.0344827 -10.455715054905664
16.0 -1.2068965 -10.433508872440457
16.0 -1.3793104 -10.416098792958302
16.0 -1.5517242 -10.402979508045048
16.0 -1.7241379 -10.39340144233769
16.0 -1.8965517 -10.386572986187245
16.0 -2.0689654 -10.381786030226024
16.0 -2.2413793 -10.378466157205484
16.0 -2.4137931 -10.376174916292493
16.0 -2.5862069 -10.374589759141102
16.0 -2.7586207 -10.373477753190555
16.0 -2.9310346 -10.372670654507777
16.0 -3.1034484 -10.37204388068221
16.0 -3.275862 -10.371499358860605
16.0 -3.4482758 -10.370951168116374
16.0 -3.6206896 -10.370312497837965
16.0 -3.7931035 -10.369482260682553
16.0 -3.9655173 -10.368329544938637
16.0 -4.1379309 -10.366673797187559
16.0 -4.3103447 -10.364258262160691
16.0 -4.4827585 -10.360713885115596
16.0 -4.6551723 -10.3555108359959
16.0 -4.8275862 -10.347895980235139
16.0 -5.0 -10.336818220527322

16.344828 0.0 -10.798148051227669
16.344828 -0.1724138 -10.74261430232893
16.344828 -0.34482759 -10.69092215843235
16.344828 -0.51724136 -10.642203052118946
16.344828 -0.68965518 -10.596554896750357
16.344828 -0.86206895 -10.554908935601173
16.344828 -1.0344827 -10.518488200337574
16.344828 -1.2068965 -10.488168925897295
16.344828 -1.3793104 -10.464118923705621
16.344828 -1.5517242 -10.445830051545778
16.344828 -1.7241379 -10.432386969204199
16.344828 -1.8965517 -10.422756972261402
16.344828 -2.0689654 -10.415984827566794
16.344828 -2.2413793 -10.4112805287394
16.344828 -2.4137931 -10.408034131806701
16.344828 -2.5862069 -10.40579420321757
16.344828 -2.7586207 -10.40423433461724
16.344828 -2.9310346 -10.403119900047372
16.344828 -3.1034484 -10.40227960388107
16.344828 -3.275862 -10.401582364829835
16.344828 -3.4482758 -10.400918387532862
16.344828 -3.6206896 -10.400182642959582
16.344828 -3.7931035 -10.399258748794336
16.344828 -3.9655173 -10.398001115165687
16.344828 -4.1379309 -10.396212963325807
16.344828 -4.3103447 -10.393617511857649
16.344828 -4.4827585 -10.38981938147555
16.344828 -4.6551723 -10.38425337691117
16.344828 -4.8275862 -10.376119309728384
16.344828 -5.0 -10.364305773237206

16.689655 0.0 -10.955195424602769
16.689655 -0.1724138 -10.88600087255143
16.689655 -0.34482759 -10.821447262387606
16.689655 -0.51724136 -10.760320186140628
16.689655 -0.68965518 -10.702550598167122
16.689655 -0.86206895 -10.649182397864477
16.689655 -1.0344827 -10.601804339520047
16.689655 -1.2068965 -10.561749535431066
16.689655 -1.3793104 -10.52952682050565
16.689655 -1.5517242 -10.504734989591093
16.689655 -1.7241379 -10.486346218137298
16.689655 -1.8965517 -10.473085527419693
16.689655 -2.0689654 -10.46371702964366
16.689655 -2.2413793 -10.457190341931634
16.689655 -2.4137931 -10.452680831176092
16.689655 -2.5862069 -10.449572055240298
16.689655 -2.7586207 -10.447416160811969
16.689655 -2.9310346 -10.445891391249791
16.689655 -3.1034484 -10.444764639904477
16.689655 -3.275862 -10.443860795617276
16.689655 -3.4482758 -10.443037880149408
16.689655 -3.6206896 -10.442165915564111
16.689655 -3.7931035 -10.441107101330735
16.689655 -3.9655173 -10.439694759177732
16.689655 -4.1379309 -10.43770827949005
16.689655 -4.3103447 -10.434841057844118
16.689655 -4.4827585 -10.430658289484851
16.689655 -4.6551723 -10.424541850129835
16.689655 -4.8275862 -10.41562155027829
16.689655 -5.0 -10.402697323530832

17.034483 0.0 -11.148967390267707
17.034483 -0.1724138 -11.064014547253288
17.034483 -0.34482759 -10.983871898976874
17.034483 -0.51724136 -10.907641209938228
17.034483 -0.68965518 -10.83543646160244
17.034483 -0.86206895 -10.768471907346271
17.034483 -1.0344827 -10.708562922964674
17.034483 -1.2068965 -10.657344008441104
17.034483 -1.3793104 -10.615613889949756
17.034483 -1.5517242 -10.583115942151522
17.034483 -1.7241379 -10.55876264237956
17.034483 -1.8965517 -10.541059486720329
17.034483 -2.0689654 -10.528478793896618
17.034483 -2.2413793 -10.519679032058432
17.034483 -2.4137931 -10.513584613598777
17.034483 -2.5862069 -10.509380623462723
17.034483 -2.7586207 -10.506470308842315
17.034483 -2.9310346 -10.50442361077158
17.034483 -3.1034484 -10.50292971932387
17.034483 -3.275862 -10.501757508637345
17.034483 -3.4482758 -10.50072338813283
17.034483 -3.6206896 -10.49966432795384
17.034483 -3.7931035 -10.498413196044416
17.034483 -3.9655173 -10.496773375638782
17.034483 -4.1379309 -10.494489428450814
17.034483 -4.3103447 -10.491210416194466
17.034483 -4.4827585 -10.486442574840762
17.034483 -4.6551723 -10.4794888297536
17.034483 -4.8275862 -10.469375621087977
17.034483 -5.0 -10.454774416814198

17.379311 0.0 -11.37559655289288
17.379311 -0.1724138 -11.27862485909019
17.379311 -0.34482759 -11.1834361190869
17.379311 -0.51724136 -11.090325492263009
17.379311 -0.68965518 -11.000723485381714
17.379311 -0.86206895 -10.917078416202564
17.379311 -1.0344827 -10.842070660984822
17.379311 -1.2068965 -10.777755966151965
17.379311 -1.3793104 -10.72506576816149
17.379311 -1.5517242 -10.683722781577154
17.379311 -1.7241379 -10.652494658437307
17.379311 -1.8965517 -10.629632310711305
17.379311 -2.0689654 -10.613292226360802
17.379311 -2.2413793 -10.601814364798772
17.379311 -2.4137931 -10.59384239266685
17.379311 -2.5862069 -10.588334805844829
17.379311 -2.7586207 -10.584522072852051
17.379311 -2.9310346 -10.581846774043232
17.379311 -3.1034484 -10.579905542422729
17.379311 -3.275862 -10.578399466877764
17.379311 -3.4482758 -10.577093403496468
17.379311 -3.6206896 -10.575781896481546
17.379311 -3.7931035 -10.5742583862767
17.379311 -3.9655173 -10.572284106826483
17.379311 -4.1379309 -10.569552880446215
17.379311 -4.3103447 -10.565648011344377
17.379311 -4.4827585 -10.559987920359397
17.379311 -4.6551723 -10.551758727855383
17.379311 -4.8275862 -10.539836536115033
17.379311 -5.0 -10.522711643356551

17.724138 0.0 -11.61418005754765
17.724138 -0.1724138 -11.514982611698368
17.724138 -0.34482759 -11.413321216870697
17.724138 -0.51724136 -11.30869901521479
17.724138 -0.68965518 -11.203207138861616
17.724138 -0.86206895 -11.101292252062441
17.724138 -1.0344827 -11.00811061738004
17.724138 -1.2068965 -10.927580895331273
17.724138 -1.3793104 -10.861451344386174
17.724138 -1.5517242 -10.809490928919368
17.724138 -1.7241379 -10.770158142312592
17.724138 -1.8965517 -10.741281087479615
17.724138 -2.0689654 -10.720582630266053
17.724138 -2.2413793 -10.706006652895313
17.724138 -2.4137931 -10.695862905571696
17.724138 -2.5862069 -10.68884516256054
17.724138 -2.7586207 -10.683983126499593
17.724138 -2.9310346 -10.680571180681605
17.724138 -3.1034484 -10.678097466828612
17.724138 -3.275862 -10.676182364106928
17.724138 -3.4482758 -10.67452756934025
17.724138 -3.6206896 -10.672873299639885
17.724138 -3.7931035 -10.670959699348805
17.724138 -3.9655173 -10.668488156139366
17.724138 -4.1379309 -10.66507809189038
17.724138 -4.3103447 -10.660215074608574
17.724138 -4.4827585 -10.653187232777492
17.724138 -4.6551723 -10.643009935401125
17.724138 -4.8275862 -10.628345894531474
17.724138 -5.0 -10.607441166984083

18.068966 0.0 -11.853425697859308
18.068966 -0.1724138 -11.753019315242119
18.068966 -0.34482759 -11.651458503698203
18.068966 -0.51724136 -11.545473415862334
18.068966 -0.68965518 -11.43415062835357
18.068966 -0.86206895 -11.320566993157431
18.068966 -1.0344827 -11.211258913943755
18.068966 -1.2068965 -11.113251471026738
18.068966 -1.3793104 -11.031074725493497
18.068966 -1.5517242 -10.965893969581828
18.068966 -1.7241379 -10.916381923634258
18.068966 -1.8965517 -10.87998994372439
18.068966 -2.0689654 -10.853892548272464
18.068966 -2.2413793 -10.835507785807344
18.068966 -2.4137931 -10.822708004073593
18.068966 -2.5862069 -10.813847701722931
18.068966 -2.7586207 -10.807703579415566
18.068966 -2.9310346 -10.803384958042606
18.068966 -3.1034484 -10.80024449469661
18.068966 -3.275862 -10.797800568242701
18.068966 -3.4482758 -10.795672833984336
18.068966 -3.6206896 -10.793527855911172
18.068966 -3.7931035 -10.791029952405731
18.068966 -3.9655173 -10.787792026193674
18.068966 -4.1379309 -10.783321241548904
18.068966 -4.3103447 -10.776955348207002
18.068966 -4.4827585 -10.767788009224606
18.068966 -4.6551723 -10.754587130422339
18.068966 -4.8275862 -10.735721731918868
18.068966 -5.0 -10.709131106134212

18.413794 0.0 -12.104130256021884
18.413794 -0.1724138 -11.997959611864566
18.413794 -0.34482759 -11.891318401673008
18.413794 -0.51724136 -11.782845971287951
18.413794 -0.68965518 -11.6712375719213
18.413794 -0.86206895 -11.556502948068486
18.413794 -1.0344827 -11.441689889368899
18.413794 -1.2068965 -11.33308565196789
18.413794 -1.3793104 -11.237473518757785
18.413794 -1.5517242 -11.158929495956878
18.413794 -1.7241379 -11.097955813873023
18.413794 -1.8965517 -11.05258257325288
18.413794 -2.0689654 -11.01982299885987
18.413794 -2.2413793 -10.996656656542
18.413794 -2.4137931 -10.980488926004616
18.413794 -2.5862069 -10.969274723800106
18.413794 -2.7586207 -10.9614787158418
18.413794 -2.9310346 -10.955975812486905
18.413794 -3.1034484 -10.951943146433196
18.413794 -3.275862 -10.948763182743207
18.413794 -3.4482758 -10.945941835039916
18.413794 -3.6206896 -10.943038415794831
18.413794 -3.7931035 -10.93960161726768
18.413794 -3.9655173 -10.935105342929218
18.413794 -4.1379309 -10.928878871494279
18.413794 -4.3103447 -10.920028280242725
18.413794 -4.4827585 -10.90735161578908
18.413794 -4.6551723 -10.889260846222399
18.413794 -4.8275862 -10.863741407162857
18.413794 -5.0 -10.828401111992497

18.758621 0.0 -12.356118828990137
18.758621 -0.1724138 -12.252354753670923
18.758621 -0.34482759 -12.143429102554988
18.758621 -0.51724136 -12.028999778616308
18.758621 -0.68965518 -11.910991009333275
18.758621 -0.86206895 -11.792636770295308
18.758621 -1.0344827 -11.677075238865429
18.758621 -1.2068965 -11.567474954782844
18.758621 -1.3793104 -11.467952203298957
18.758621 -1.5517242 -11.382678228977149
18.758621 -1.7241379 -11.313880908900478
18.758621 -1.8965517 -11.261160782453064
18.758621 -2.0689654 -11.222307276882782
18.758621 -2.2413793 -11.194444552064812
18.758621 -2.4137931 -11.174806859820395
18.758621 -2.5862069 -11.161078252992908
18.758621 -2.7586207 -11.151456198688063
18.758621 -2.9310346 -11.14458670887687
18.758621 -3.1034484 -11.139458003404945
18.758621 -3.275862 -11.135291928997972
18.758621 -3.4482758 -11.13144568574562
18.758621 -3.6206896 -11.12732369955788
18.758621 -3.7931035 -11.122294444506052
18.758621 -3.9655173 -11.115606329874423
18.758621 -4.1379309 -11.106298755851999
18.758621 -4.3103447 -11.093110359187412
18.758621 -4.4827585 -11.07439809767454
18.758621 -4.6551723 -11.048098808489371
18.758621 -4.8275862 -11.011786153506213
18.758621 -5.0 -10.962882911129318

19.103449 0.0 -12.596621741850809
19.103449 -0.1724138 -12.496281932367584
19.103449 -0.34482759 -12.393159652557985
19.103449 -0.51724136 -12.282641853595262
19.103449 -0.68965518 -12.163230033262623
19.103449 -0.86206895 -12.038474132800895
19.103449 -1.0344827 -11.915655573194872
19.103449 -1.2068965 -11.801730306728814
19.103449 -1.3793104 -11.70086290201937
19.103449 -1.5517242 -11.615025718295037
19.103449 -1.7241379 -11.54495516788874
19.103449 -1.8965517 -11.490160461580748
19.103449 -2.0689654 -11.448934210769535
19.103449 -2.2413793 -11.418838628096506
19.103449 -2.4137931 -11.397307929498258
19.103449 -2.5862069 -11.382044270945013
19.103449 -2.7586207 -11.371168329713583
19.103449 -2.9310346 -11.363210104880988
19.103449 -3.1034484 -11.357025753890584
19.103449 -3.275862 -11.351691157465368
19.103449 -3.4482758 -11.346393852203157
19.103449 -3.6206896 -11.340328311065932
19.103449 -3.7931035 -11.332592517651934
19.103449 -3.9655173 -11.322083875907614
19.103449 -4.1379309 -11.307398284458188
19.103449 -4.3103447 -11.286749274336891
19.103449 -4.4827585 -11.257944176519851
19.103449 -4.6551723 -11.218473466130474
19.103449 -4.8275862 -11.165768781973666
19.103449 -5.0 -11.097632868284524

19.448277 0.0 -12.849232200451615
19.448277 -0.1724138 -12.74049236279545
19.448277 -0.34482759 -12.633196006917412
19.448277 -0.51724136 -12.524531092594723
19.448277 -0.68965518 -12.411127521550378
19.448277 -0.86206895 -12.29106821949742
19.448277 -1.0344827 -12.167032266298202
19.448277 -1.2068965 -12.046768532877218
19.448277 -1.3793104 -11.93877882851102
19.448277 -1.5517242 -11.848014258051702
19.448277 -1.7241379 -11.77540672297216
19.448277 -1.8965517 -11.719469675179939
19.448277 -2.0689654 -11.67766153026943
19.448277 -2.2413793 -11.647140529557264
19.448277 -2.4137931 -11.62519175658043
19.448277 -2.5862069 -11.609456040741335
19.448277 -2.7586207 -11.598001504404397
19.448277 -2.9310346 -11.58928553339454
19.448277 -3.1034484 -11.582058883775629
19.448277 -3.275862 -11.575247504857474
19.448277 -3.4482758 -11.567829272771801
19.448277 -3.6206896 -11.558711089515445
19.448277 -3.7931035 -11.546608565605137
19.448277 -3.9655173 -11.529936377044365
19.448277 -4.1379309 -11.506731460396914
19.448277 -4.3103447 -11.474652101054607
19.448277 -4.4827585 -11.431112333559671
19.448277 -4.6551723 -11.373595970734602
19.448277 -4.8275862 -11.300123009619389
19.448277 -5.0 -11.209723579869811

19.793104 0.0 -13.116871838684933
19.793104 -0.1724138 -13.004622142937766
19.793104 -0.34482759 -12.88891053429489
19.793104 -0.51724136 -12.770342935787312
19.793104 -0.68965518 -12.650675813431684
19.793104 -0.86206895 -12.531503552291598
19.793104 -1.0344827 -12.41338233369751
19.793104 -1.2068965 -12.297767356069036
19.793104 -1.3793104 -12.18933672075171
19.793104 -1.5517242 -12.094216809101777
19.793104 -1.7241379 -12.01625316323471
19.793104 -1.8965517 -11.955752160446098
19.793104 -2.0689654 -11.910595745407337
19.793104 -2.2413793 -11.877720780013409
19.793104 -2.4137931 -11.854056821692732
19.793104 -2.5862069 -11.836932009485407
19.793104 -2.7586207 -11.824160797332844
19.793104 -2.9310346 -11.813975790584012
19.793104 -3.1034484 -11.804895962843771
19.793104 -3.275862 -11.79557557268353
19.793104 -3.4482758 -11.784652271951787
19.793104 -3.6206896 -11.770603550748769
19.793104 -3.7931035 -11.751624372563032
19.793104 -3.9655173 -11.725554312140966
19.793104 -4.1379309 -11.689902646948894
19.793104 -4.3103447 -11.642029708864886
19.793104 -4.4827585 -11.579512901450569
19.793104 -4.6551723 -11.500633137632674
19.793104 -4.8275862 -11.404802793057767
19.793104 -5.0 -11.292722342725362

20.137932 0.0 -13.374551694464431
20.137932 -0.1724138 -13.267906502181596
20.137932 -0.34482759 -13.156009826006633
20.137932 -0.51724136 -13.035589505283207
20.137932 -0.68965518 -12.907452713737593
20.137932 -0.86206895 -12.77707489774102
20.137932 -1.0344827 -12.651687912791347
20.137932 -1.2068965 -12.536179713454592
20.137932 -1.3793104 -12.432403401616373
20.137932 -1.5517242 -12.341567703979008
20.137932 -1.7241379 -12.265227985204143
20.137932 -1.8965517 -12.204095071546847
20.137932 -2.0689654 -12.157199151314774
20.137932 -2.2413793 -12.12227764493184
20.137932 -2.4137931 -12.096580719650538
20.137932 -2.5862069 -12.077445857828602
20.137932 -2.7586207 -12.062531628102425
20.137932 -2.9310346 -12.049819081100976
20.137932 -3.1034484 -12.03749706812747
20.137932 -3.275862 -12.023803885440591
20.137932 -3.4482758 -12.00686606370361
20.137932 -3.6206896 -11.984566273967452
20.137932 -3.7931035 -11.954481215993772
20.137932 -3.9655173 -11.913946001338449
20.137932 -4.1379309 -11.8602971285293
20.137932 -4.3103447 -11.791291912044585
20.137932 -4.4827585 -11.70559289539166
20.137932 -4.6551723 -11.603106196289993
20.137932 -4.8275862 -11.484991789537645
20.137932 -5.0 -11.35333587114366

20.482758 0.0 -13.632410616227133
20.482758 -0.1724138 -13.522081405422918
20.482758 -0.34482759 -13.411550584765811
20.482758 -0.51724136 -13.296638854579722
20.482758 -0.68965518 -13.173477848771629
20.482758 -0.86206895 -13.041816614472843
20.482758 -1.0344827 -12.907633308520357
20.482758 -1.2068965 -12.780835063597403
20.482758 -1.3793104 -12.669414950097426
20.482758 -1.5517242 -12.576453624008314
20.482758 -1.7241379 -12.501475054736149
20.482758 -1.8965517 -12.442596002359164
20.482758 -2.0689654 -12.397435741551716
20.482758 -2.2413793 -12.363332058571427
20.482758 -2.4137931 -12.337533290257381
20.482758 -2.5862069 -12.317403579585276
20.482758 -2.7586207 -12.30052207165717
20.482758 -2.9310346 -12.28465108935893
20.482758 -3.1034484 -12.267617837837216
20.482758 -3.275862 -12.24716696018734
20.482758 -3.4482758 -12.220839958626408
20.482758 -3.6206896 -12.185942584196871
20.482758 -3.7931035 -12.139664405374768
20.482758 -3.9655173 -12.079389902849183
20.482758 -4.1379309 -12.003156640000565
20.482758 -4.3103447 -11.910097977904998
20.482758 -4.4827585 -11.800652062214839
20.482758 -4.6551723 -11.676413024006848
20.482758 -4.8275862 -11.53970209149425
20.482758 -5.0 -11.393067164316504

20.827587 0.0 -13.90165913965439
20.827587 -0.1724138 -13.788095225149412
20.827587 -0.34482759 -13.670928765156278
20.827587 -0.51724136 -13.550545825250088
20.827587 -0.68965518 -13.42739925281944
20.827587 -0.86206895 -13.301253242604655
20.827587 -1.0344827 -13.17226321148792
20.827587 -1.2068965 -13.044302167498866
20.827587 -1.3793104 -12.925360434484599
20.827587 -1.5517242 -12.82294674488011
20.827587 -1.7241379 -12.740256436211878
20.827587 -1.8965517 -12.67635255254489
20.827587 -2.0689654 -12.62813842873919
20.827587 -2.2413793 -12.591903255980798
20.827587 -2.4137931 -12.564055278124966
20.827587 -2.5862069 -12.541346434065769
20.827587 -2.7586207 -12.520847626029752
20.827587 -2.9310346 -12.499811357367319
20.827587 -3.1034484 -12.475505277919012
20.827587 -3.275862 -12.445085986508653
20.827587 -3.4482758 -12.405583984206945
20.827587 -3.6206896 -12.354064557039536
20.827587 -3.7931035 -12.287981935749665
20.827587 -3.9655173 -12.205642413872738
20.827587 -4.1379309 -12.106579335162667
20.827587 -4.3103447 -11.991634721126237
20.827587 -4.4827585 -11.86269082775535
20.827587 -4.6551723 -11.722187020956257
20.827587 -4.8275862 -11.572639814669095
20.827587 -5.0 -11.416312541481947

21.172413 0.0 -14.156843568623783
21.172413 -0.1724138 -14.051418293681737
21.172413 -0.34482759 -13.938956352950786
21.172413 -0.51724136 -13.816786098942835
21.172413 -0.68965518 -13.686546411419002
21.172413 -0.86206895 -13.553745546802354
21.172413 -1.0344827 -13.424215255339156
21.172413 -1.2068965 -13.301214036539037
21.172413 -1.3793104 -13.18689748629545
21.172413 -1.5517242 -13.084717350990127
21.172413 -1.7241379 -12.998249245981679
21.172413 -1.8965517 -12.928748279390904
21.172413 -2.0689654 -12.874690862727027
21.172413 -2.2413793 -12.832847322799061
21.172413 -2.4137931 -12.799402243926728
21.172413 -2.5862069 -12.770555204354183
21.172413 -2.7586207 -12.74268506380094
21.172413 -2.9310346 -12.712298501014656
21.172413 -3.1034484 -12.675947396501437
21.172413 -3.275862 -12.630248267596079
21.172413 -3.4482758 -12.572085269314622
21.172413 -3.6206896 -12.498992498951454
21.172413 -3.7931035 -12.409585098481363
21.172413 -3.9655173 -12.303822124854111
21.172413 -4.1379309 -12.182934597651379
21.172413 -4.3103447 -12.04903974415202
21.172413 -4.4827585 -11.904629396922557
21.172413 -4.6551723 -11.752132129770247
21.172413 -4.8275862 -11.593650621040744
21.172413 -5.0 -11.430866049015593

21.517242 0.0 -14.404993891568513
21.517242 -0.1724138 -14.297450832392977
21.517242 -0.34482759 -14.189734603620078
21.517242 -0.51724136 -14.076170958201432
21.517242 -0.68965518 -13.952140088875575
21.517242 -0.86206895 -13.817953701378839
21.517242 -1.0344827 -13.680797395042292
21.517242 -1.2068965 -13.55075114820027
21.517242 -1.3793104 -13.434690311847932
21.517242 -1.5517242 -13.33483948805447
21.517242 -1.7241379 -13.251073687585608
21.517242 -1.8965517 -13.182381944020358
21.517242 -2.0689654 -13.126789889013153
21.517242 -2.2413793 -13.081266294421244
21.517242 -2.4137931 -13.042063342514874
21.517242 -2.5862069 -13.005123567849616
21.517242 -2.7586207 -12.966328674559673
21.517242 -2.9310346 -12.921638758794339
21.517242 -3.1034484 -12.867266879552677
21.517242 -3.275862 -12.799987158939688
21.517242 -3.4482758 -12.717548188926601
21.517242 -3.6206896 -12.619025902357155
21.517242 -3.7931035 -12.504908942642263
21.517242 -3.9655173 -12.37683841842277
21.517242 -4.1379309 -12.23711807989947
21.517242 -4.3103447 -12.088209444410044
21.517242 -4.4827585 -11.932371228369625
21.517242 -4.6551723 -11.771480191603327
21.517242 -4.8275862 -11.606994413545639
21.517242 -5.0 -11.439996002557493

21.862068 0.0 -14.672593258674107
21.862068 -0.1724138 -14.555283474289565
21.862068 -0.34482759 -14.437540177778589
21.862068 -0.51724136 -14.319066949328803
21.862068 -0.68965518 -14.198448083099823
21.862068 -0.86206895 -14.073156033875273
21.862068 -1.0344827 -13.942237951548039
21.862068 -1.2068965 -13.81042679831294
21.862068 -1.3793104 -13.687002450240222
21.862068 -1.5517242 -13.579591951164373
21.862068 -1.7241379 -13.490644628466562
21.862068 -1.8965517 -13.418465670216376
21.862068 -2.0689654 -13.359326557369148
21.862068 -2.2413793 -13.308709634587201
21.862068 -2.4137931 -13.261832360860602
21.862068 -2.5862069 -13.213900746611104
21.862068 -2.7586207 -13.160319340644385
21.862068 -2.9310346 -13.096969798594182
21.862068 -3.1034484 -13.02059518749942
21.862068 -3.275862 -12.929203344613079
21.862068 -3.4482758 -12.822299046549118
21.862068 -3.6206896 -12.700788382291089
21.862068 -3.7931035 -12.56657030829383
21.862068 -3.9655173 -12.422000248876772
21.862068 -4.1379309 -12.269427791754264
21.862068 -4.3103447 -12.11091248162372
21.862068 -4.4827585 -11.948113533640074
21.862068 -4.6551723 -11.782292321837387
21.862068 -4.8275862 -11.614370720862235
21.862068 -5.0 -11.445004922106811

22.206898 0.0 -14.935291061469801
22.206898 -0.1724138 -14.822994148467847
22.206898 -0.34482759 -14.702612870270078
22.206898 -0.51724136 -14.574443938030539
22.206898 -0.68965518 -14.441984034095833
22.206898 -0.86206895 -14.310148910101768
22.206898 -1.0344827 -14.181961605453424
22.206898 -1.2068965 -14.057813278216052
22.206898 -1.3793104 -13.93899868308883
22.206898 -1.5517242 -13.829729986880482
22.206898 -1.7241379 -13.734134552412709
22.206898 -1.8965517 -13.653003570068375
22.206898 -2.0689654 -13.583608421372775
22.206898 -2.2413793 -13.52114470019026
22.206898 -2.4137931 -13.460073459881379
22.206898 -2.5862069 -13.394979672710011
22.206898 -2.7586207 -13.321160846790365
22.206898 -2.9310346 -13.235116560256486
22.206898 -3.1034484 -13.134909169875783
22.206898 -3.275862 -13.020248893250093
22.206898 -3.4482758 -12.892226804978558
22.206898 -3.6206896 -12.752799991401345
22.206898 -3.7931035 -12.604239712327441
22.206898 -3.9655173 -12.448717287321603
22.206898 -4.1379309 -12.28808054560946
22.206898 -4.3103447 -12.123786333635442
22.206898 -4.4827585 -11.956926559027663
22.206898 -4.6551723 -11.788291066604476
22.206898 -4.8275862 -11.618437796384844
22.206898 -5.0 -11.447754911375778

22.551723 0.0 -15.172062837056377
22.551723 -0.1724138 -15.065183784546258
22.551723 -0.34482759 -14.953687939905686
22.551723 -0.51724136 -14.831899074310112
22.551723 -0.68965518 -14.697780450102545
22.551723 -0.86206895 -14.555642518808881
22.551723 -1.0344827 -14.414641875757592
22.551723 -1.2068965 -14.283000784951305
22.551723 -1.3793104 -14.16393987207972
22.551723 -1.5517242 -14.057036800826516
22.551723 -1.7241379 -13.961165862660032
22.551723 -1.8965517 -13.874869547775583
22.551723 -2.0689654 -13.79533376791843
22.551723 -2.2413793 -13.718220004762495
22.551723 -2.4137931 -13.63847525440822
22.551723 -2.5862069 -13.551388138910088
22.551723 -2.7586207 -13.453448080274162
22.551723 -2.9310346 -13.342819175832425
22.551723 -3.1034484 -13.219352071100195
22.551723 -3.275862 -13.084197497033102
22.551723 -3.4482758 -12.939231132293818
22.551723 -3.6206896 -12.786524069012579
22.551723 -3.7931035 -12.62798823403727
22.551723 -3.9655173 -12.465210884659047
22.551723 -4.1379309 -12.29942163808565
22.551723 -4.3103447 -12.13152971791749
22.551723 -4.4827585 -11.962187661155944
22.551723 -4.6551723 -11.791853586504335
22.551723 -4.8275862 -11.62084457998628
22.551723 -5.0 -11.449378353851158

22.896551 0.0 -15.412207577492994
22.896551 -0.1724138 -15.294076345506042
22.896551 -0.34482759 -15.176795884873192
22.896551 -0.51724136 -15.05718087680167
22.896551 -0.68965518 -14.930993051394791
22.896551 -0.86206895 -14.79510141062179
22.896551 -1.0344827 -14.651580207899961
22.896551 -1.2068965 -14.508815272264778
22.896551 -1.3793104 -14.37613441222334
22.896551 -1.5517242 -14.257962491434665
22.896551 -1.7241379 -14.153165068008397
22.896551 -1.8965517 -14.057522573927747
22.896551 -2.0689654 -13.965763516054535
22.896551 -2.2413793 -13.87256615611916
22.896551 -2.4137931 -13.773265570824837
22.896551 -2.5862069 -13.66450354325334
22.896551 -2.7586207 -13.544605917967472
22.896551 -2.9310346 -13.413513261529129
22.896551 -3.1034484 -13.272340281408244
22.896551 -3.275862 -13.12280264174763
22.896551 -3.4482758 -12.966733320590054
22.896551 -3.6206896 -12.80578676278492
22.896551 -3.7931035 -12.641313425056413
22.896551 -3.9655173 -12.474347437573714
22.896551 -4.1379309 -12.305647451015632
22.896551 -4.3103447 -12.13575392727089
22.896551 -4.4827585 -11.965045364204693
22.896551 -4.6551723 -11.793782969317336
22.896551 -4.8275862 -11.622145436022096
22.896551 -5.0 -11.450254629722988

23.241379 0.0 -15.654883434182706
23.241379 -0.1724138 -15.528683109044193
23.241379 -0.34482759 -15.398439444694139
23.241379 -0.51724136 -15.265097186490749
23.241379 -0.68965518 -15.130215809373187
23.241379 -0.86206895 -14.994444419454087
23.241379 -1.0344827 -14.856734038052592
23.241379 -1.2068965 -14.716938532319432
23.241379 -1.3793104 -14.578815603975562
23.241379 -1.5517242 -14.447813823037395
23.241379 -1.7241379 -14.326363916212108
23.241379 -1.8965517 -14.212439460570321
23.241379 -2.0689654 -14.101311644970373
23.241379 -2.2413793 -13.9878416959761
23.241379 -2.4137931 -13.868017509572015
23.241379 -2.5862069 -13.739599213020396
23.241379 -2.7586207 -13.602062356310766
23.241379 -2.9310346 -13.456118460499036
23.241379 -3.1034484 -13.303123352466068
23.241379 -3.275862 -13.144595853209193
23.241379 -3.4482758 -12.981928025444619
23.241379 -3.6206896 -12.816263789880834
23.241379 -3.7931035 -12.648480771708245
23.241379 -3.9655173 -12.47922371007041
23.241379 -4.1379309 -12.308952428732152
23.241379 -4.3103447 -12.137988119872489
23.241379 -4.4827585 -11.966553029968752
23.241379 -4.6551723 -11.794799146192313
23.241379 -4.8275862 -11.622829791556505
23.241379 -5.0 -11.450715264864257

23.586206 0.0 -15.865047197865488
23.586206 -0.1724138 -15.738266244910603
23.586206 -0.34482759 -15.605160160350861
23.586206 -0.51724136 -15.46398615128905
23.586206 -0.68965518 -15.316281549063126
23.586206 -0.86206895 -15.166506056543207
23.586206 -1.0344827 -15.01935128682994
23.586206 -1.2068965 -14.876719630323528
23.586206 -1.3793104 -14.73793018470145
23.586206 -1.5517242 -14.602342525585351
23.586206 -1.7241379 -14.46995327645643
23.586206 -1.8965517 -14.33983315461768
23.586206 -2.0689654 -14.209540228080485
23.586206 -2.2413793 -14.076120397660079
23.586206 -2.4137931 -13.937326653800623
23.586206 -2.5862069 -13.792162324200225
23.586206 -2.7586207 -13.640753514405866
23.586206 -2.9310346 -13.483913965132135
23.586206 -3.1034484 -13.32271774731457
23.586206 -3.275862 -13.15821550365318
23.586206 -3.4482758 -12.991298621183494
23.586206 -3.6206896 -12.822664535932258
23.586206 -3.7931035 -12.652830958449945
23.586206 -3.9655173 -12.482170026703425
23.586206 -4.1379309 -12.310943201959935
23.586206 -4.3103447 -12.139331083052243
23.586206 -4.4827585 -11.967457996042382
23.586206 -4.6551723 -11.795408514814875
23.586206 -4.8275862 -11.62323991218661
23.586206 -5.0 -11.450991194007663

23.931034 0.0 -16.043383287755564
23.931034 -0.1724138 -15.906027259450713
23.931034 -0.34482759 -15.766743385310821
23.931034 -0.51724136 -15.622782152515539
23.931034 -0.68965518 -15.472265362303425
23.931034 -0.86206895 -15.315818646005136
23.931034 -1.0344827 -15.15728261313586
23.931034 -1.2068965 -15.001705040350295
23.931034 -1.3793104 -14.851913082483689
23.931034 -1.5517242 -14.707319201130549
23.931034 -1.7241379 -14.56548393497404
23.931034 -1.8965517 -14.423791692962922
23.931034 -2.0689654 -14.280045980556618
23.931034 -2.2413793 -14.132661446242219
23.931034 -2.4137931 -13.980826249762016
23.931034 -2.5862069 -13.824485111115933
23.931034 -2.7586207 -13.6641169161317
23.931034 -2.9310346 -13.500449919934152
23.931034 -3.1034484 -13.334241657634424
23.931034 -3.275862 -13.166157869725103
23.931034 -3.4482758 -12.99672998564825
23.931034 -3.6206896 -12.826358697928763
23.931034 -3.7931035 -12.655334225809325
23.931034 -3.9655173 -12.48386201148762
23.931034 -4.1379309 -12.312084863737228
23.931034 -4.3103447 -12.140100517648309
23.931034 -4.4827585 -11.967976155984099
23.931034 -4.6551723 -11.795757273665089
23.931034 -4.8275862 -11.623474567880528
23.931034 -5.0 -11.451149039579242

24.275862 0.0 -16.192279311759226
24.275862 -0.1724138 -16.042793009717837
24.275862 -0.34482759 -15.890718487122053
24.275862 -0.51724136 -15.73649986924658
24.275862 -0.68965518 -15.580229342956194
24.275862 -0.86206895 -15.421562933938327
24.275862 -1.0344827 -15.260495747603542
24.275862 -1.2068965 -15.098593795979998
24.275862 -1.3793104 -14.938533178712788
24.275862 -1.5517242 -14.781924664997499
24.275862 -1.7241379 -14.628151990073855
24.275862 -1.8965517 -14.475198232276822
24.275862 -2.0689654 -14.321011946025912
24.275862 -2.2413793 -14.164262323182536
24.275862 -2.4137931 -14.004444039891878
24.275862 -2.5862069 -13.841658956552676
24.275862 -2.7586207 -13.676333747616836
24.275862 -2.9310346 -13.508997074868143
24.275862 -3.1034484 -13.34014924574825
24.275862 -3.275862 -13.170205949850333
24.275862 -3.4482758 -12.999487190448693
24.275862 -3.6206896 -12.828228873422082
24.275862 -3.7931035 -12.656599135867552
24.275862 -3.9655173 -12.48471589029879
24.275862 -4.1379309 -12.312660520006173
24.275862 -4.3103447 -12.140488261485983
24.275862 -4.4827585 -11.968237171723983
24.275862 -4.6551723 -11.795932909587236
24.275862 -4.8275862 -11.623592720116795
24.275862 -5.0 -11.451228507391916

24.620689 0.0 -16.292835619089683
24.620689 -0.1724138 -16.13881071604257
24.620689 -0.34482759 -15.98056821458811
24.620689 -0.51724136 -15.818591858763934
24.620689 -0.68965518 -15.654237648805594
24.620689 -0.86206895 -15.48914748432761
24.620689 -1.0344827 -15.324348069484765
24.620689 -1.2068965 -15.159988185576395
24.620689 -1.3793104 -14.996117122953512
24.620689 -1.5517242 -14.83312204388316
24.620689 -1.7241379 -14.671123903403199
24.620689 -1.8965517 -14.509527419377772
24.620689 -2.0689654 -14.34736562462301
24.620689 -2.2413793 -14.183853056606674
24.620689 -2.4137931 -14.018634543324474
24.620689 -2.5862069 -13.85172971796786
24.620689 -2.7586207 -13.683370092276718
24.620689 -2.9310346 -13.513856910689586
24.620689 -3.1034484 -13.343478073579973
24.620689 -3.275862 -13.172472783757284
24.620689 -3.4482758 -13.001024573610568
24.620689 -3.6206896 -12.829268626999472
24.620689 -3.7931035 -12.65730099471881
24.620689 -3.9655173 -12.4851890482955
24.620689 -4.1379309 -12.31297921964531
24.620689 -4.3103447 -12.140702797024456
24.620689 -4.4827585 -11.96838153051295
24.620689 -4.6551723 -11.796030020981403
24.620689 -4.8275862 -11.623658035917277
24.620689 -5.0 -11.451272432555822

24.965517 0.0 -16.35472124601876
24.965517 -0.1724138 -16.194988920396185
24.965517 -0.34482759 -16.033347705378958
24.965517 -0.51724136 -15.869103048672732
24.965517 -0.68965518 -15.702207982825374
24.965517 -0.86206895 -15.533459696859051
24.965517 -1.0344827 -15.36428113575523
24.965517 -1.2068965 -15.195909654888974
24.965517 -1.3793104 -15.028707417891361
24.965517 -1.5517242 -14.862338262785164
24.965517 -1.7241379 -14.696303015020659
24.965517 -1.8965517 -14.530138223675324
24.965517 -2.0689654 -14.36342837971349
24.965517 -2.2413793 -14.195874070602923
24.965517 -2.4137931 -14.027355359751459
24.965517 -2.5862069 -13.857913166131361
24.965517 -2.7586207 -13.687683052792059
24.965517 -2.9310346 -13.516830648231352
24.965517 -3.1034484 -13.345512048546679
24.965517 -3.275862 -13.17385632684628
24.965517 -3.4482758 -13.001962142712106
24.965517 -3.6206896 -12.82990235356646
24.965517 -3.7931035 -12.657728604229654
24.965517 -3.9655173 -12.485477241714877
24.965517 -4.1379309 -12.31317329827018
24.965517 -4.3103447 -12.14083342609835
24.965517 -4.4827585 -11.968469421883537
24.965517 -4.6551723 -11.796089142802174
24.965517 -4.8275862 -11.623697798880134
24.965517 -5.0 -11.451299172613195

25.310345 0.0 -16.39636488319072
25.310345 -0.1724138 -16.230282896615975
25.310345 -0.34482759 -16.063661507948286
25.310345 -0.51724136 -15.896339889403125
25.310345 -0.68965518 -15.72809954575785
25.310345 -0.86206895 -15.55878113728666
25.310345 -1.0344827 -15.38855788952768
25.310345 -1.2068965 -15.218067244597247
25.310345 -1.3793104 -15.0480285692117
25.310345 -1.5517242 -14.878709172230169
25.310345 -1.7241379 -14.709862169634318
25.310345 -1.8965517 -14.541048393281073
25.310345 -2.0689654 -14.37190653537001
25.310345 -2.2413793 -14.202238553156011
25.310345 -2.4137931 -14.031993350984282
25.310345 -2.5862069 -13.861215141377423
25.310345 -2.7586207 -13.689993525427088
25.310345 -2.9310346 -13.518427397133397
25.310345 -3.1034484 -13.346605981275541
25.310345 -3.275862 -13.174601280996292
25.310345 -3.4482758 -13.002467358254009
25.310345 -3.6206896 -12.830244021445996
25.310345 -3.7931035 -12.65795922825673
25.310345 -3.9655173 -12.485632711475063
25.310345 -4.1379309 -12.31327801357687
25.310345 -4.3103447 -12.14090391485838
25.310345 -4.4827585 -11.968516852446596
25.310345 -4.6551723 -11.79612104946566
25.310345 -4.8275862 -11.623719258737214
25.310345 -5.0 -11.451313604402273

25.655172 0.0 -16.421529559782385
25.655172 -0.1724138 -16.252608682754808
25.655172 -0.34482759 -16.082972679199745
25.655172 -0.51724136 -15.912825412587724
25.655172 -0.68965518 -15.742396946667231
25.655172 -0.86206895 -15.571836336237892
25.655172 -1.0344827 -15.401136138394687
25.655172 -1.2068965 -15.230252200678509
25.655172 -1.3793104 -15.059293969268854
25.655172 -1.5517242 -14.888463608625825
25.655172 -1.7241379 -14.717830676419203
25.655172 -1.8965517 -14.54727401975658
25.655172 -2.0689654 -14.376605348004297
25.655172 -2.2413793 -14.205686924437224
25.655172 -2.4137931 -14.034466852698527
25.655172 -2.5862069 -13.862957638974827
25.655172 -2.7586207 -13.691204368330698
25.655172 -2.9310346 -13.519260405554942
25.655172 -3.1034484 -13.347174971562694
25.655172 -3.275862 -13.174987991200867
25.655172 -3.4482758 -13.002729274925642
25.655172 -3.6206896 -12.830420996105508
25.655172 -3.7931035 -12.658078615509444
25.655172 -3.9655173 -12.485713162139508
25.655172 -4.1379309 -12.313332186232511
25.655172 -4.3103447 -12.140940374593377
25.655172 -4.4827585 -11.968541382623274
25.655172 -4.6551723 -11.796137549671776
25.655172 -4.8275862 -11.623730355892844
25.655172 -5.0 -11.45132106699057

26.0 0.0 -16.43464159161976
26.0 -0.1724138 -16.264530956664323
26.0 -0.34482759 -16.093909166029395
26.0 -0.51724136 -15.922773584005476
26.0 -0.68965518 -15.751245686031718
26.0 -0.86206895 -15.579545833567158
26.0 -1.0344827 -15.407895042210413
26.0 -1.2068965 -15.236388236520707
26.0 -1.3793104 -15.06498307689296
26.0 -1.5517242 -14.893611604327864
26.0 -1.7241379 -14.72223849856637
26.0 -1.8965517 -14.550828786960514
26.0 -2.0689654 -14.379330694874296
26.0 -2.2413793 -14.207697416662258
26.0 -2.4137931 -14.035908994542819
26.0 -2.5862069 -13.863971647517277
26.0 -2.7586207 -13.691907410787383
26.0 -2.9310346 -13.519743113786662
26.0 -3.1034484 -13.34750417774657
26.0 -3.275862 -13.175211478526803
26.0 -3.4482758 -13.002880518483307
26.0 -3.6206896 -12.830523131896543
26.0 -3.7931035 -12.658147489409547
26.0 -3.9655173 -12.48575956129321
26.0 -4.1379309 -12.313363424109012
26.0 -4.3103447 -12.140961395979579
26.0 -4.4827585 -11.968555524672698
26.0 -4.6551723 -11.79614706177702
26.0 -4.8275862 -11.623736752983644
26.0 -5.0 -11.451325368781031
