# KROME file, XRAY He rate
# Distance = 7 kpc
# Xray rate including primary He ionization in 1/s
# first line indicates the size of the table (30x30)
# then first column is the parameter log10(nH), where nH is the H column density in cm-2
# second column is log10(xHe), where xHe = nHe/nH both in cm-2
# third column is log10(rate), where rate is in units of 1/s
30, 30
16.0 0.0 -17.40898945433808
16.0 -0.1724138 -17.406590502373852
16.0 -0.34482759 -17.403067318105904
16.0 -0.51724136 -17.397896751045195
16.0 -0.68965518 -17.390333516061936
16.0 -0.86206895 -17.379335851970346
16.0 -1.0344827 -17.363488538418757
16.0 -1.2068965 -17.340948130654606
16.0 -1.3793104 -17.309455611804587
16.0 -1.5517242 -17.26647748623444
16.0 -1.7241379 -17.209522491886723
16.0 -1.8965517 -17.136610419560625
16.0 -2.0689654 -17.046752437482493
16.0 -2.2413793 -16.940225047321753
16.0 -2.4137931 -16.818491493603457
16.0 -2.5862069 -16.68381269246724
16.0 -2.7586207 -16.53874771737672
16.0 -2.9310346 -16.38573995532085
16.0 -3.1034484 -16.22687878370286
16.0 -3.275862 -16.063820815004895
16.0 -3.4482758 -15.89781239890206
16.0 -3.6206896 -15.729758900313199
16.0 -3.7931035 -15.560301394773859
16.0 -3.9655173 -15.389886658073241
16.0 -4.1379309 -15.21882229044027
16.0 -4.3103447 -15.047317991192893
16.0 -4.4827585 -14.875516753633343
16.0 -4.6551723 -14.703515287541222
16.0 -4.8275862 -14.531378834754308
16.0 -5.0 -14.359151671999657

16.344828 0.0 -17.40909621403153
16.344828 -0.1724138 -17.40668032283393
16.344828 -0.34482759 -17.403142301478116
16.344828 -0.51724136 -17.397958548864754
16.344828 -0.68965518 -17.390383631589014
16.344828 -0.86206895 -17.379375830171217
16.344828 -1.0344827 -17.363519992279915
16.344828 -1.2068965 -17.34097264337477
16.344828 -1.3793104 -17.30947460794402
16.344828 -1.5517242 -17.2664921481268
16.344828 -1.7241379 -17.209533746181513
16.344828 -1.8965517 -17.136618977355475
16.344828 -2.0689654 -17.046758854968008
16.344828 -2.2413793 -16.940229777813983
16.344828 -2.4137931 -16.8184949175945
16.344828 -2.5862069 -16.683815128687062
16.344828 -2.7586207 -16.538749425521008
16.344828 -2.9310346 -16.385741139017643
16.344828 -3.1034484 -16.226879596709313
16.344828 -3.275862 -16.063821369789668
16.344828 -3.4482758 -15.897812775731376
16.344828 -3.6206896 -15.729759155441917
16.344828 -3.7931035 -15.560301567120769
16.344828 -3.9655173 -15.389886774320699
16.344828 -4.1379309 -15.218822368767276
16.344828 -4.3103447 -15.04731804393202
16.344828 -4.4827585 -14.875516789126706
16.344828 -4.6551723 -14.70351531142052
16.344828 -4.8275862 -14.531378850816383
16.344828 -5.0 -14.35915168280201

16.689655 0.0 -17.409254966822797
16.689655 -0.1724138 -17.406813891272368
16.689655 -0.34482759 -17.403253809482713
16.689655 -0.51724136 -17.39805045089889
16.689655 -0.68965518 -17.39045816203396
16.689655 -0.86206895 -17.379435285751256
16.689655 -1.0344827 -17.363566771154265
16.689655 -1.2068965 -17.3410090996426
16.689655 -1.3793104 -17.309502859965214
16.689655 -1.5517242 -17.26651395414891
16.689655 -1.7241379 -17.209550484274025
16.689655 -1.8965517 -17.136631705059532
16.689655 -2.0689654 -17.046768399466732
16.689655 -2.2413793 -16.940236813303393
16.689655 -2.4137931 -16.818500009967888
16.689655 -2.5862069 -16.683818751982294
16.689655 -2.7586207 -16.53875196597585
16.689655 -2.9310346 -16.385742899481595
16.689655 -3.1034484 -16.2268808058601
16.689655 -3.275862 -16.06382219489779
16.689655 -3.4482758 -15.897813336173678
16.689655 -3.6206896 -15.729759534884009
16.689655 -3.7931035 -15.560301823444968
16.689655 -3.9655173 -15.389886947210563
16.689655 -4.1379309 -15.218822485259674
16.689655 -4.3103447 -15.047318122368658
16.689655 -4.4827585 -14.875516841914461
16.689655 -4.6551723 -14.703515346935175
16.689655 -4.8275862 -14.531378874704815
16.689655 -5.0 -14.359151698867883

17.034483 0.0 -17.40949100924692
17.034483 -0.1724138 -17.407012498078103
17.034483 -0.34482759 -17.403419621081326
17.034483 -0.51724136 -17.3981871136575
17.034483 -0.68965518 -17.390568995982658
17.034483 -0.86206895 -17.37952370433449
17.034483 -1.0344827 -17.36363633927223
17.034483 -1.2068965 -17.34106331720345
17.034483 -1.3793104 -17.30954487671567
17.034483 -1.5517242 -17.26654638458035
17.034483 -1.7241379 -17.209575377667843
17.034483 -1.8965517 -17.136650634116926
17.034483 -2.0689654 -17.046782594358593
17.034483 -2.2413793 -16.940247276705392
17.034483 -2.4137931 -16.818507583497027
17.034483 -2.5862069 -16.683824140647893
17.034483 -2.7586207 -16.538755744206867
17.034483 -2.9310346 -16.385745517687397
17.034483 -3.1034484 -16.22688260413804
17.034483 -3.275862 -16.0638234220177
17.034483 -3.4482758 -15.897814169676163
17.034483 -3.6206896 -15.729760099198742
17.034483 -3.7931035 -15.560302204655967
17.034483 -3.9655173 -15.389887204336151
17.034483 -4.1379309 -15.2188226585097
17.034483 -4.3103447 -15.047318239021328
17.034483 -4.4827585 -14.875516920421552
17.034483 -4.6551723 -14.703515399753334
17.034483 -4.8275862 -14.531378910232208
17.034483 -5.0 -14.359151722761396

17.379311 0.0 -17.409841911818578
17.379311 -0.1724138 -17.407307770356105
17.379311 -0.34482759 -17.40366615181533
17.379311 -0.51724136 -17.398390316798015
17.379311 -0.68965518 -17.390733802315914
17.379311 -0.86206895 -17.379655185105225
17.379311 -1.0344827 -17.363739792286804
17.379311 -1.2068965 -17.341143944796986
17.379311 -1.3793104 -17.309607361441458
17.379311 -1.5517242 -17.26659461367395
17.379311 -1.7241379 -17.20961239825139
17.379311 -1.8965517 -17.13667878482275
17.379311 -2.0689654 -17.046803704563793
17.379311 -2.2413793 -16.94026283753444
17.379311 -2.4137931 -16.818518846581036
17.379311 -2.5862069 -16.683832154465225
17.379311 -2.7586207 -16.538761363038233
17.379311 -2.9310346 -16.385749411371336
17.379311 -3.1034484 -16.226885278457587
17.379311 -3.275862 -16.06382524693492
17.379311 -3.4482758 -15.897815409222714
17.379311 -3.6206896 -15.729760938421352
17.379311 -3.7931035 -15.560302771575083
17.379311 -3.9655173 -15.389887586721203
17.379311 -4.1379309 -15.21882291615894
17.379311 -4.3103447 -15.047318412501644
17.379311 -4.4827585 -14.875517037173566
17.379311 -4.6551723 -14.70351547830199
17.379311 -4.8275862 -14.531378963066853
17.379311 -5.0 -14.359151758294692

17.724138 0.0 -17.410363437607433
17.724138 -0.1724138 -17.40774666423177
17.724138 -0.34482759 -17.40403263067517
17.724138 -0.51724136 -17.398692412142
17.724138 -0.68965518 -17.39097883188945
17.724138 -0.86206895 -17.379850678910994
17.724138 -1.0344827 -17.363893620156226
17.724138 -1.2068965 -17.341263837200046
17.724138 -1.3793104 -17.309700278030686
17.724138 -1.5517242 -17.266666332946297
17.724138 -1.7241379 -17.209667450385943
17.724138 -1.8965517 -17.136720647008474
17.724138 -2.0689654 -17.046835097010405
17.724138 -2.2413793 -16.94028597760234
17.724138 -2.4137931 -16.81853559554831
17.724138 -2.5862069 -16.683844071519953
17.724138 -2.7586207 -16.5387697185764
17.724138 -2.9310346 -16.38575520150077
17.724138 -3.1034484 -16.226889255316923
17.724138 -3.275862 -16.06382796068364
17.724138 -3.4482758 -15.897817252492786
17.724138 -3.6206896 -15.729762186388276
17.724138 -3.7931035 -15.560303614612481
17.724138 -3.9655173 -15.38988815534697
17.724138 -4.1379309 -15.218823299296231
17.724138 -4.3103447 -15.047318670475509
17.724138 -4.4827585 -14.875517210789608
17.724138 -4.6551723 -14.703515595107735
17.724138 -4.8275862 -14.531379041634588
17.724138 -5.0 -14.35915181113446

18.068966 0.0 -17.411138275182875
18.068966 -0.1724138 -17.40839884057217
18.068966 -0.34482759 -17.404577277926904
18.068966 -0.51724136 -17.39914142989039
18.068966 -0.68965518 -17.391343068842474
18.068966 -0.86206895 -17.38014130684202
18.068966 -1.0344827 -17.364122322568246
18.068966 -1.2068965 -17.34144209613149
18.068966 -1.3793104 -17.309838434068904
18.068966 -1.5517242 -17.26677297376236
18.068966 -1.7241379 -17.209749309658847
18.068966 -1.8965517 -17.136782893970434
18.068966 -2.0689654 -17.046881776013066
18.068966 -2.2413793 -16.940320385633658
18.068966 -2.4137931 -16.818560500256908
18.068966 -2.5862069 -16.683861791390974
18.068966 -2.7586207 -16.53878214266288
18.068966 -2.9310346 -16.385763810983164
18.068966 -3.1034484 -16.226895168591437
18.068966 -3.275862 -16.06383199580634
18.068966 -3.4482758 -15.897819993281715
18.068966 -3.6206896 -15.729764042009581
18.068966 -3.7931035 -15.560304868137132
18.068966 -3.9655173 -15.389889000844631
18.068966 -4.1379309 -15.21882386898832
18.068966 -4.3103447 -15.047319054060319
18.068966 -4.4827585 -14.875517468941608
18.068966 -4.6551723 -14.703515768787735
18.068966 -4.8275862 -14.53137915845798
18.068966 -5.0 -14.3591518897026

18.413794 0.0 -17.412288842157473
18.413794 -0.1724138 -17.409367499625425
18.413794 -0.34482759 -17.4053863951942
18.413794 -0.51724136 -17.3998086028074
18.413794 -0.68965518 -17.39188435535332
18.413794 -0.86206895 -17.380573261560777
18.413794 -1.0344827 -17.36446227504016
18.413794 -1.2068965 -17.34170708905577
18.413794 -1.3793104 -17.31004382349042
18.413794 -1.5517242 -17.26693151708828
18.413794 -1.7241379 -17.209871012719976
18.413794 -1.8965517 -17.13687543952261
18.413794 -2.0689654 -17.046951175965248
18.413794 -2.2413793 -16.94037154152187
18.413794 -2.4137931 -16.81859752692594
18.413794 -2.5862069 -16.68388813595691
18.413794 -2.7586207 -16.53880061375612
18.413794 -2.9310346 -16.385776610786323
18.413794 -3.1034484 -16.226903959886663
18.413794 -3.275862 -16.06383799482941
18.413794 -3.4482758 -15.897824068009895
18.413794 -3.6206896 -15.72976680075668
18.413794 -3.7931035 -15.560306731747273
18.413794 -3.9655173 -15.389890257841966
18.413794 -4.1379309 -15.218824715946507
18.413794 -4.3103447 -15.047319624333664
18.413794 -4.4827585 -14.87551785273464
18.413794 -4.6551723 -14.703516026996722
18.413794 -4.8275862 -14.531379332138588
18.413794 -5.0 -14.359152006509357

18.758621 0.0 -17.41399597465368
18.758621 -0.1724138 -17.41080524213629
18.758621 -0.34482759 -17.406587705647517
18.758621 -0.51724136 -17.400799432148677
18.758621 -0.68965518 -17.39268841617527
18.758621 -0.86206895 -17.381215040497136
18.758621 -1.0344827 -17.36496744156858
18.758621 -1.2068965 -17.342100914133585
18.758621 -1.3793104 -17.310349093829956
18.758621 -1.5517242 -17.267167173202708
18.758621 -1.7241379 -17.210051915725955
18.758621 -1.8965517 -17.13701300372362
18.758621 -2.0689654 -17.047054335496362
18.758621 -2.2413793 -16.94044758170285
18.758621 -2.4137931 -16.81865256436931
18.758621 -2.5862069 -16.683927294872536
18.758621 -2.7586207 -16.538828069215054
18.758621 -2.9310346 -16.385795636308877
18.758621 -3.1034484 -16.226917027132103
18.758621 -3.275862 -16.063846911653002
18.758621 -3.4482758 -15.897830124586195
18.758621 -3.6206896 -15.729770901283702
18.758621 -3.7931035 -15.560309501763605
18.758621 -3.9655173 -15.389892126204984
18.758621 -4.1379309 -15.218825974838968
18.758621 -4.3103447 -15.047320471970007
18.758621 -4.4827585 -14.875518423192377
18.758621 -4.6551723 -14.703516410790266
18.758621 -4.8275862 -14.53137959029183
18.758621 -5.0 -14.359152180127133

19.103449 0.0 -17.416525950500617
19.103449 -0.1724138 -17.412937102595674
19.103449 -0.34482759 -17.40836979842923
19.103449 -0.51724136 -17.402269869189304
19.103449 -0.68965518 -17.393882091814554
19.103449 -0.86206895 -17.382168077126398
19.103449 -1.0344827 -17.365717786861204
19.103449 -1.2068965 -17.34268598457077
19.103449 -1.3793104 -17.310802664487607
19.103449 -1.5517242 -17.267517340009917
19.103449 -1.7241379 -17.210320736065768
19.103449 -1.8965517 -17.13721742687115
19.103449 -2.0689654 -17.047207632775763
19.103449 -2.2413793 -16.9405605780086
19.103449 -2.4137931 -16.81873434934853
19.103449 -2.5862069 -16.683985483754054
19.103449 -2.7586207 -16.538868866649498
19.103449 -2.9310346 -16.38582390700951
19.103449 -3.1034484 -16.226936444076056
19.103449 -3.275862 -16.063860161312356
19.103449 -3.4482758 -15.897839124121953
19.103449 -3.6206896 -15.729776994287665
19.103449 -3.7931035 -15.560313617744335
19.103449 -3.9655173 -15.389894902411271
19.103449 -4.1379309 -15.21882784542954
19.103449 -4.3103447 -15.047321731473664
19.103449 -4.4827585 -14.875519270835753
19.103449 -4.6551723 -14.703516981069098
19.103449 -4.8275862 -14.531379973881673
19.103449 -5.0 -14.359152438105713

19.448277 0.0 -17.420268910881198
19.448277 -0.1724138 -17.41609351476243
19.448277 -0.34482759 -17.411010114933834
19.448277 -0.51724136 -17.404449718982697
19.448277 -0.68965518 -17.39565255852604
19.448277 -0.86206895 -17.383582236477938
19.448277 -1.0344827 -17.36683157232175
19.448277 -1.2068965 -17.343554673591626
19.448277 -1.3793104 -17.3114762355872
19.448277 -1.5517242 -17.26803741588499
19.448277 -1.7241379 -17.21072002163255
19.448277 -1.8965517 -17.13752107026719
19.448277 -2.0689654 -17.04743533582869
19.448277 -2.2413793 -16.94072841694372
19.448277 -2.4137931 -16.818855826159336
19.448277 -2.5862069 -16.68407191106656
19.448277 -2.7586207 -16.538929461555334
19.448277 -2.9310346 -16.38586589582669
19.448277 -3.1034484 -16.226965282615875
19.448277 -3.275862 -16.063879839889772
19.448277 -3.4482758 -15.897852490282744
19.448277 -3.6206896 -15.729786043616171
19.448277 -3.7931035 -15.560319730781954
19.448277 -3.9655173 -15.389899025613898
19.448277 -4.1379309 -15.218830623614451
19.448277 -4.3103447 -15.047323602076016
19.448277 -4.4827585 -14.87552052974658
19.448277 -4.6551723 -14.703517828040765
19.448277 -4.8275862 -14.531380543584818
19.448277 -5.0 -14.359152821252415

19.793104 0.0 -17.425792400712208
19.793104 -0.1724138 -17.420756714607258
19.793104 -0.34482759 -17.414914681088966
19.793104 -0.51724136 -17.40767611224146
19.793104 -0.68965518 -17.398274990760157
19.793104 -0.86206895 -17.38567823536378
19.793104 -1.0344827 -17.368483222614564
19.793104 -1.2068965 -17.344843374186418
19.793104 -1.3793104 -17.312475758812017
19.793104 -1.5517242 -17.268809305013242
19.793104 -1.7241379 -17.21131269558626
19.793104 -1.8965517 -17.13797179792617
19.793104 -2.0689654 -17.047773338481765
19.793104 -2.2413793 -16.940977552160966
19.793104 -2.4137931 -16.819036137460103
19.793104 -2.5862069 -16.68420019357559
19.793104 -2.7586207 -16.53901939910653
19.793104 -2.9310346 -16.385928216105498
19.793104 -3.1034484 -16.227008084419083
19.793104 -3.275862 -16.063909046250554
19.793104 -3.4482758 -15.897872327778439
19.793104 -3.6206896 -15.72979947417312
19.793104 -3.7931035 -15.560328803408163
19.793104 -3.9655173 -15.38990514502251
19.793104 -4.1379309 -15.218834746821328
19.793104 -4.3103447 -15.047326378302623
19.793104 -4.4827585 -14.875522398138756
19.793104 -4.6551723 -14.703519085059375
19.793104 -4.8275862 -14.531381389099739
19.793104 -5.0 -14.359153389892722

20.137932 0.0 -17.43391342810789
20.137932 -0.1724138 -17.427624194877776
20.137932 -0.34482759 -17.420673167649532
20.137932 -0.51724136 -17.412440418957086
20.137932 -0.68965518 -17.402151708528493
20.137932 -0.86206895 -17.38877962715926
20.137932 -1.0344827 -17.37092897847444
20.137932 -1.2068965 -17.346752784449794
20.137932 -1.3793104 -17.313957320457014
20.137932 -1.5517242 -17.269953758185167
20.137932 -1.7241379 -17.212191564068213
20.137932 -1.8965517 -17.1386402171885
20.137932 -2.0689654 -17.048274590395373
20.137932 -2.2413793 -16.941347004019104
20.137932 -2.4137931 -16.819303516022536
20.137932 -2.5862069 -16.684390411564454
20.137932 -2.7586207 -16.53915275374846
20.137932 -2.9310346 -16.386020618413472
20.137932 -3.1034484 -16.227071545167334
20.137932 -3.275862 -16.06395234876071
20.137932 -3.4482758 -15.897901739277382
20.137932 -3.6206896 -15.729819386436768
20.137932 -3.7931035 -15.560342254485825
20.137932 -3.9655173 -15.389914217622705
20.137932 -4.1379309 -15.218840859847589
20.137932 -4.3103447 -15.04733049430149
20.137932 -4.4827585 -14.875525168190185
20.137932 -4.6551723 -14.703520948695557
20.137932 -4.8275862 -14.53138264264626
20.137932 -5.0 -14.359154232949168

20.482758 0.0 -17.44578968559293
20.482758 -0.1724138 -17.437691212402264
20.482758 -0.34482759 -17.429132058964225
20.482758 -0.51724136 -17.419451734719786
20.482758 -0.68965518 -17.40786596745174
20.482758 -0.86206895 -17.39335730485819
20.482758 -1.0344827 -17.374542946153852
20.482758 -1.2068965 -17.34957662808899
20.482758 -1.3793104 -17.31614974747296
20.482758 -1.5517242 -17.271647996378398
20.482758 -1.7241379 -17.2134929191599
20.482758 -1.8965517 -17.13963004577615
20.482758 -2.0689654 -17.049016871775613
20.482758 -2.2413793 -16.941894083790178
20.482758 -2.4137931 -16.81969942103805
20.482758 -2.5862069 -16.684672046852988
20.482758 -2.7586207 -16.539350186101874
20.482758 -2.9310346 -16.386157414216694
20.482758 -3.1034484 -16.227165491507694
20.482758 -3.275862 -16.06401645150824
20.482758 -3.4482758 -15.897945277716905
20.482758 -3.6206896 -15.729848862593064
20.482758 -3.7931035 -15.56036216596485
20.482758 -3.9655173 -15.389927647610982
20.482758 -4.1379309 -15.218849908801324
20.482758 -4.3103447 -15.047336587090866
20.482758 -4.4827585 -14.87552926860646
20.482758 -4.6551723 -14.703523707371636
20.482758 -4.8275862 -14.53138449822619
20.482758 -5.0 -14.359155480894666

20.827587 0.0 -17.463024474213118
20.827587 -0.1724138 -17.4523504973134
20.827587 -0.34482759 -17.44148649642445
20.827587 -0.51724136 -17.429719025689952
20.827587 -0.68965518 -17.416253294237052
20.827587 -0.86206895 -17.400089701563015
20.827587 -1.0344827 -17.379866621721256
20.827587 -1.2068965 -17.35374156603349
20.827587 -1.3793104 -17.319386274529908
20.827587 -1.5517242 -17.274150524340328
20.827587 -1.7241379 -17.21541574508222
20.827587 -1.8965517 -17.141092765288967
20.827587 -2.0689654 -17.050113782448054
20.827587 -2.2413793 -16.942702479222163
20.827587 -2.4137931 -16.820284375472582
20.827587 -2.5862069 -16.685088125297657
20.827587 -2.7586207 -16.539641840822313
20.827587 -2.9310346 -16.386359480348254
20.827587 -3.1034484 -16.227304255895692
20.827587 -3.275862 -16.064111131536357
20.827587 -3.4482758 -15.898009582452202
20.827587 -3.6206896 -15.729892397020711
20.827587 -3.7931035 -15.560391573588152
20.827587 -3.9655173 -15.389947482429228
20.827587 -4.1379309 -15.21886327316753
20.827587 -4.3103447 -15.047345585472515
20.827587 -4.4827585 -14.875535324455022
20.827587 -4.6551723 -14.703527781614996
20.827587 -4.8275862 -14.53138723869829
20.827587 -5.0 -14.359157323961032

21.172413 0.0 -17.48776007937547
21.172413 -0.1724138 -17.473492850775994
21.172413 -0.34482759 -17.459381027579628
21.172413 -0.51724136 -17.444646872499295
21.172413 -0.68965518 -17.428488533759804
21.172413 -0.86206895 -17.409938868812027
21.172413 -1.0344827 -17.387673147070863
21.172413 -1.2068965 -17.35985997820043
21.172413 -1.3793104 -17.32414697397175
21.172413 -1.5517242 -17.277834652245634
21.172413 -1.7241379 -17.21824778055325
21.172413 -1.8965517 -17.143247539844104
21.172413 -2.0689654 -17.05172967810001
21.172413 -2.2413793 -16.943893232313332
21.172413 -2.4137931 -16.821145879581252
21.172413 -2.5862069 -16.68570082419011
21.172413 -2.7586207 -16.540071264078932
21.172413 -2.9310346 -16.386656965918288
21.172413 -3.1034484 -16.227508531768606
21.172413 -3.275862 -16.064250502792195
21.172413 -3.4482758 -15.898104236814602
21.172413 -3.6206896 -15.729956476440401
21.172413 -3.7931035 -15.56043485858905
21.172413 -3.9655173 -15.389976676866539
21.172413 -4.1379309 -15.218882943714284
21.172413 -4.3103447 -15.047358829799256
21.172413 -4.4827585 -14.87554423775937
21.172413 -4.6551723 -14.703533778276256
21.172413 -4.8275862 -14.531391272245468
21.172413 -5.0 -14.359160036663706

21.517242 0.0 -17.522703549647332
21.517242 -0.1724138 -17.50356978282158
21.517242 -0.34482759 -17.484993582145783
21.517242 -0.51724136 -17.466129013171326
21.517242 -0.68965518 -17.4461799237862
21.517242 -0.86206895 -17.424238535225673
21.517242 -1.0344827 -17.399045315226438
21.517242 -1.2068965 -17.368796174993577
21.517242 -1.3793104 -17.33111314970733
21.517242 -1.5517242 -17.283232046548573
21.517242 -1.7241379 -17.222399619949933
21.517242 -1.8965517 -17.14640734779325
21.517242 -2.0689654 -17.05409926062819
21.517242 -2.2413793 -16.945639110981332
21.517242 -2.4137931 -16.82240874513091
21.517242 -2.5862069 -16.68659877664663
21.517242 -2.7586207 -16.54070049551463
21.517242 -2.9310346 -16.387092804668697
21.517242 -3.1034484 -16.227807777575087
21.517242 -3.275862 -16.064454652456465
21.517242 -3.4482758 -15.898242877571045
21.517242 -3.6206896 -15.730050330124937
21.517242 -3.7931035 -15.560498254043754
21.517242 -3.9655173 -15.390019434391364
21.517242 -4.1379309 -15.218911752388825
21.517242 -4.3103447 -15.04737822672658
21.517242 -4.4827585 -14.87555729162762
21.517242 -4.6551723 -14.703542560576444
21.517242 -4.8275862 -14.531397179487115
21.517242 -5.0 -14.359164009484786

21.862068 0.0 -17.570958308282997
21.862068 -0.1724138 -17.54552096569192
21.862068 -0.34482759 -17.52103117872119
21.862068 -0.51724136 -17.496589377326746
21.862068 -0.68965518 -17.47143641318155
21.862068 -0.86206895 -17.444772485241852
21.862068 -1.0344827 -17.415453980223955
21.862068 -1.2068965 -17.381738017564473
21.862068 -1.3793104 -17.34122886968479
21.862068 -1.5517242 -17.291083303419363
21.862068 -1.7241379 -17.228444851459283
21.862068 -1.8965517 -17.151009890130215
21.862068 -2.0689654 -17.057550735151015
21.862068 -2.2413793 -16.94818153526654
21.862068 -2.4137931 -16.82424720750314
21.862068 -2.5862069 -16.687905591077875
21.862068 -2.7586207 -16.541615982124547
21.862068 -2.9310346 -16.387726780454717
21.862068 -3.1034484 -16.228242992255204
21.862068 -3.275862 -16.064751526573353
21.862068 -3.4482758 -15.89844447171597
21.862068 -3.6206896 -15.73018679245881
21.862068 -3.7931035 -15.560590426682047
21.862068 -3.9655173 -15.390081599178796
21.862068 -4.1379309 -15.218953636279638
21.862068 -4.3103447 -15.04740642685966
21.862068 -4.4827585 -14.87557626977058
21.862068 -4.6551723 -14.703555328499297
21.862068 -4.8275862 -14.531405767545998
21.862068 -5.0 -14.359169785231527

22.206898 0.0 -17.63549664798726
22.206898 -0.1724138 -17.602412690136607
22.206898 -0.34482759 -17.570510189023672
22.206898 -0.51724136 -17.5388738140372
22.206898 -0.68965518 -17.506839240781318
22.206898 -0.86206895 -17.473796583536593
22.206898 -1.0344827 -17.438806377494455
22.206898 -1.2068965 -17.40025429872135
22.206898 -1.3793104 -17.355756845015254
22.206898 -1.5517242 -17.30238693474959
22.206898 -1.7241379 -17.237160162776657
22.206898 -1.8965517 -17.157648811852635
22.206898 -2.0689654 -17.062529169315667
22.206898 -2.2413793 -16.95184751359417
22.206898 -2.4137931 -16.826896914103337
22.206898 -2.5862069 -16.689788191480194
22.206898 -2.7586207 -16.542934311977472
22.206898 -2.9310346 -16.388639438167218
22.206898 -3.1034484 -16.228869369327768
22.206898 -3.275862 -16.06517872534506
22.206898 -3.4482758 -15.898734528314321
22.206898 -3.6206896 -15.730383119837844
22.206898 -3.7931035 -15.56072302707065
22.206898 -3.9655173 -15.390171026445259
22.206898 -4.1379309 -15.219013886797477
22.206898 -4.3103447 -15.047446992372919
22.206898 -4.4827585 -14.875603569237219
22.206898 -4.6551723 -14.703573694604888
22.206898 -4.8275862 -14.531418121028384
22.206898 -5.0 -14.35917809331566

22.551723 0.0 -17.718273915119777
22.551723 -0.1724138 -17.67665514748049
22.551723 -0.34482759 -17.63614261701207
22.551723 -0.51724136 -17.595818892139114
22.551723 -0.68965518 -17.555173475374932
22.551723 -0.86206895 -17.513895376166438
22.551723 -1.0344827 -17.471386267750365
22.551723 -1.2068965 -17.426283152120394
22.551723 -1.3793104 -17.376290136808827
22.551723 -1.5517242 -17.318419131463894
22.551723 -1.7241379 -17.249545128881554
22.551723 -1.8965517 -17.167090102061245
22.551723 -2.0689654 -17.06960871690895
22.551723 -2.2413793 -16.95705815858917
22.551723 -2.4137931 -16.830660613351647
22.551723 -2.5862069 -16.69246053307795
22.551723 -2.7586207 -16.54480462048269
22.551723 -2.9310346 -16.389933642763452
22.551723 -3.1034484 -16.22975731209173
22.551723 -3.275862 -16.065784168532716
22.551723 -3.4482758 -15.899145537369195
22.551723 -3.6206896 -15.730661281647565
22.551723 -3.7931035 -15.56091088332301
22.551723 -3.9655173 -15.390297711791971
22.551723 -4.1379309 -15.219099236225787
22.551723 -4.3103447 -15.047504455012453
22.551723 -4.4827585 -14.875642239325888
22.551723 -4.6551723 -14.703599710151973
22.551723 -4.8275862 -14.531435619569304
22.551723 -5.0 -14.359189861541665

22.896551 0.0 -17.81986592121116
22.896551 -0.1724138 -17.76922388529059
22.896551 -0.34482759 -17.71942909981428
22.896551 -0.51724136 -17.669414890819176
22.896551 -0.68965518 -17.618765551110524
22.896551 -0.86206895 -17.56751727973575
22.896551 -1.0344827 -17.51555717266202
22.896551 -1.2068965 -17.461954490442405
22.896551 -1.3793104 -17.40464889550285
22.896551 -1.5517242 -17.34067266220676
22.896551 -1.7241379 -17.266783611970975
22.896551 -1.8965517 -17.180245385128515
22.896551 -2.0689654 -17.079472708454727
22.896551 -2.2413793 -16.96431334900044
22.896551 -2.4137931 -16.83589636926582
22.896551 -2.5862069 -16.69617473172027
22.896551 -2.7586207 -16.547402079701786
22.896551 -2.9310346 -16.391729909106186
22.896551 -3.1034484 -16.230989144951693
22.896551 -3.275862 -16.066623811517704
22.896551 -3.4482758 -15.899715399476158
22.896551 -3.6206896 -15.731046888153545
22.896551 -3.7931035 -15.561171272722405
22.896551 -3.9655173 -15.390473298015817
22.896551 -4.1379309 -15.219217524542888
22.896551 -4.3103447 -15.047584091364902
22.896551 -4.4827585 -14.875695830160645
22.896551 -4.6551723 -14.703635763141262
22.896551 -4.8275862 -14.531459869215809
22.896551 -5.0 -14.359206169942704

23.241379 0.0 -17.941198584682958
23.241379 -0.1724138 -17.880342773524532
23.241379 -0.34482759 -17.820455757337573
23.241379 -0.51724136 -17.760054991244733
23.241379 -0.68965518 -17.698539973664946
23.241379 -0.86206895 -17.63609676848507
23.241379 -1.0344827 -17.573068294129634
23.241379 -1.2068965 -17.509089047727766
23.241379 -1.3793104 -17.44253211850411
23.241379 -1.5517242 -17.370614354948906
23.241379 -1.7241379 -17.290070939626485
23.241379 -1.8965517 -17.19804564890432
23.241379 -2.0689654 -17.09282011381372
23.241379 -2.2413793 -16.974122495892136
23.241379 -2.4137931 -16.842966896741434
23.241379 -2.5862069 -16.70118457833283
23.241379 -2.7586207 -16.55090204586857
23.241379 -2.9310346 -16.3941483380691
23.241379 -3.1034484 -16.232646630195937
23.241379 -3.275862 -16.067753089491845
23.241379 -3.4482758 -15.90048159655797
23.241379 -3.6206896 -15.731565235484327
23.241379 -3.7931035 -15.56152124611769
23.241379 -3.9655173 -15.390709268642798
23.241379 -4.1379309 -15.219376481419868
23.241379 -4.3103447 -15.047691102382212
23.241379 -4.4827585 -14.875767840344317
23.241379 -4.6551723 -14.703684206630035
23.241379 -4.8275862 -14.531492452383489
23.241379 -5.0 -14.359228082601255

23.586206 0.0 -18.085471332086698
23.586206 -0.1724138 -18.011957863194862
23.586206 -0.34482759 -17.93978969946792
23.586206 -0.51724136 -17.867363369790482
23.586206 -0.68965518 -17.793852878703216
23.586206 -0.86206895 -17.719288682985177
23.586206 -1.0344827 -17.644108290212298
23.586206 -1.2068965 -17.568330840274395
23.586206 -1.3793104 -17.490819795007972
23.586206 -1.5517242 -17.409154037905598
23.586206 -1.7241379 -17.32021715677834
23.586206 -1.8965517 -17.22114647381777
23.586206 -2.0689654 -17.110147877336722
23.586206 -2.2413793 -16.986845569491592
23.586206 -2.4137931 -16.85212512497141
23.586206 -2.5862069 -16.707664398303308
23.586206 -2.7586207 -16.55542330226658
23.586206 -2.9310346 -16.397269351084965
23.586206 -3.1034484 -16.234784031215476
23.586206 -3.275862 -16.06920855172822
23.586206 -3.4482758 -15.901468724634594
23.586206 -3.6206896 -15.732232868296265
23.586206 -3.7931035 -15.561971929875378
23.586206 -3.9655173 -15.391013105358075
23.586206 -4.1379309 -15.219581137455958
23.586206 -4.3103447 -15.047828870470788
23.586206 -4.4827585 -14.875860544052605
23.586206 -4.6551723 -14.703746569654234
23.586206 -4.8275862 -14.531534397108876
23.586206 -5.0 -14.359256290707917

23.931034 0.0 -18.252227208594753
23.931034 -0.1724138 -18.165892161567893
23.931034 -0.34482759 -18.079477535166557
23.931034 -0.51724136 -17.99229710430423
23.931034 -0.68965518 -17.90423575076258
23.931034 -0.86206895 -17.815680846288416
23.931034 -1.0344827 -17.727085121924038
23.931034 -1.2068965 -17.638429589000175
23.931034 -1.3793104 -17.548734832568034
23.931034 -1.5517242 -17.455882457650997
23.931034 -1.7241379 -17.35702485012142
23.931034 -1.8965517 -17.249447356134898
23.931034 -2.0689654 -17.13139204573751
23.931034 -2.2413793 -17.002431899839706
23.931034 -2.4137931 -16.863327944780078
23.931034 -2.5862069 -16.715578393377488
23.931034 -2.7586207 -16.56093753956543
23.931034 -2.9310346 -16.40107155102605
23.931034 -3.1034484 -16.23738573344603
23.931034 -3.275862 -16.07097909020452
23.931034 -3.4482758 -15.902669021856129
23.931034 -3.6206896 -15.733044429605295
23.931034 -3.7931035 -15.562519657931404
23.931034 -3.9655173 -15.391382313675019
23.931034 -4.1379309 -15.219829801936603
23.931034 -4.3103447 -15.047996252710258
23.931034 -4.4827585 -14.875973170043713
23.931034 -4.6551723 -14.703822332402702
23.931034 -4.8275862 -14.53158535332533
23.931034 -5.0 -14.359290558638133

24.275862 0.0 -18.427139696061676
24.275862 -0.1724138 -18.333264287536736
24.275862 -0.34482759 -18.235621436480514
24.275862 -0.51724136 -18.134035763378805
24.275862 -0.68965518 -18.029665587301757
24.275862 -0.86206895 -17.924475226848216
24.275862 -1.0344827 -17.82008801723617
24.275862 -1.2068965 -17.71687911318024
24.275862 -1.3793104 -17.613801262985348
24.275862 -1.5517242 -17.508691207550896
24.275862 -1.7241379 -17.398824090765686
24.275862 -1.8965517 -17.281667714142763
24.275862 -2.0689654 -17.155587560732084
24.275862 -2.2413793 -17.020165600273213
24.275862 -2.4137931 -16.87605349330982
24.275862 -2.5862069 -16.72455281123777
24.275862 -2.7586207 -16.56718130596684
24.275862 -2.9310346 -16.405371640574785
24.275862 -3.1034484 -16.240325477919342
24.275862 -3.275862 -16.072978372981844
24.275862 -3.4482758 -15.904023766554772
24.275862 -3.6206896 -15.73396012446183
24.275862 -3.7931035 -15.563137530170302
24.275862 -3.9655173 -15.391798741568476
24.275862 -4.1379309 -15.220110240476275
24.275862 -4.3103447 -15.04818500979561
24.275862 -4.4827585 -14.876100172527574
24.275862 -4.6551723 -14.703907763428248
24.275862 -4.8275862 -14.531642810973866
24.275862 -5.0 -14.359329198212903

24.620689 0.0 -18.59428953682292
24.620689 -0.1724138 -18.49485381105132
24.620689 -0.34482759 -18.390857891811788
24.620689 -0.51724136 -18.280235174110466
24.620689 -0.68965518 -18.163226621365272
24.620689 -0.86206895 -18.042357226519513
24.620689 -1.0344827 -17.921001026597875
24.620689 -1.2068965 -17.80132291137807
24.620689 -1.3793104 -17.683206751261327
24.620689 -1.5517242 -17.564670989751217
24.620689 -1.7241379 -17.44296555751792
24.620689 -1.8965517 -17.315595851939804
24.620689 -2.0689654 -17.18099343238731
24.620689 -2.2413793 -17.038732616394263
24.620689 -2.4137931 -16.889340688062347
24.620689 -2.5862069 -16.733901267357414
24.620689 -2.7586207 -16.573673024509485
24.620689 -2.9310346 -16.40983608096436
24.620689 -3.1034484 -16.243374377874833
24.620689 -3.275862 -16.075050341759976
24.620689 -3.4482758 -15.905427031079498
24.620689 -3.6206896 -15.734908272706456
24.620689 -3.7931035 -15.563777142708663
24.620689 -3.9655173 -15.392229749404363
24.620689 -4.1379309 -15.220400464673704
24.620689 -4.3103447 -15.04838033836478
24.620689 -4.4827585 -14.876231589716129
24.620689 -4.6551723 -14.703996161008954
24.620689 -4.8275862 -14.531702262413132
24.620689 -5.0 -14.359369177953683

24.965517 0.0 -18.759009376788555
24.965517 -0.1724138 -18.64593027198772
24.965517 -0.34482759 -18.53126586595581
24.965517 -0.51724136 -18.412250611410993
24.965517 -0.68965518 -18.287174924922255
24.965517 -0.86206895 -18.156286160070966
24.965517 -1.0344827 -18.021949442926292
24.965517 -1.2068965 -17.887250116379388
24.965517 -1.3793104 -17.753869143808625
24.965517 -1.5517242 -17.621181982656015
24.965517 -1.7241379 -17.48704263612568
24.965517 -1.8965517 -17.349132612222288
24.965517 -2.0689654 -17.20589328655297
24.965517 -2.2413793 -17.056805595449166
24.965517 -2.4137931 -16.9022054399217
24.965517 -2.5862069 -16.742916024365243
24.965517 -2.7586207 -16.579914463385567
24.965517 -2.9310346 -16.41411926902178
24.965517 -3.1034484 -16.246295111856316
24.965517 -3.275862 -16.077033145769864
24.965517 -3.4482758 -15.90676894673409
24.965517 -3.6206896 -15.735814526163344
24.965517 -3.7931035 -15.56438829045664
24.965517 -3.9655173 -15.392641483460343
24.965517 -4.1379309 -15.220677668548426
24.965517 -4.3103447 -15.048566884804849
24.965517 -4.4827585 -14.876357089621493
24.965517 -4.6551723 -14.704080574415357
24.965517 -4.8275862 -14.531759032536641
24.965517 -5.0 -14.359407353767436

25.310345 0.0 -18.923644145611743
25.310345 -0.1724138 -18.793587690003935
25.310345 -0.34482759 -18.661694736122758
25.310345 -0.51724136 -18.527580841558628
25.310345 -0.68965518 -18.390879183237615
25.310345 -0.86206895 -18.251222463420746
25.310345 -1.0344827 -18.10864318591373
25.310345 -1.2068965 -17.964126747493726
25.310345 -1.3793104 -17.819109798278877
25.310345 -1.5517242 -17.67415940280666
25.310345 -1.7241379 -17.52845830591883
25.310345 -1.8965517 -17.380496103332174
25.310345 -2.0689654 -17.22901375286541
25.310345 -2.2413793 -17.073468499696084
25.310345 -2.4137931 -16.91399539780235
25.310345 -2.5862069 -16.75113896622656
25.310345 -2.7586207 -16.585587880817048
25.310345 -2.9310346 -16.41800291228468
25.310345 -3.1034484 -16.248938731248938
25.310345 -3.275862 -16.078825633558147
25.310345 -3.4482758 -15.907981044085316
25.310345 -3.6206896 -15.736632639924368
25.310345 -3.7931035 -15.56493978566634
25.310345 -3.9655173 -15.393012931709311
25.310345 -4.1379309 -15.220927705298195
25.310345 -4.3103447 -15.048735128814906
25.310345 -4.4827585 -14.876470267377826
25.310345 -4.6551723 -14.704156695605533
25.310345 -4.8275862 -14.531810224070645
25.310345 -5.0 -14.359441777340948

25.655172 0.0 -19.06374943636237
25.655172 -0.1724138 -18.92375898795541
25.655172 -0.34482759 -18.779076150893015
25.655172 -0.51724136 -18.63039414634683
25.655172 -0.68965518 -18.479234349617055
25.655172 -0.86206895 -18.327227924038322
25.655172 -1.0344827 -18.175209466781656
25.655172 -1.2068965 -18.023072489426028
25.655172 -1.3793104 -17.870479287223187
25.655172 -1.5517242 -17.71723471768147
25.655172 -1.7241379 -17.5629738785096
25.655172 -1.8965517 -17.40702086130039
25.655172 -2.0689654 -17.248706092913537
25.655172 -2.2413793 -17.087697540325117
25.655172 -2.4137931 -16.924067156095713
25.655172 -2.5862069 -16.75816008984086
25.655172 -2.7586207 -16.590428613804804
25.655172 -2.9310346 -16.421314309777898
25.655172 -3.1034484 -16.25119158285996
25.655172 -3.275862 -16.08035253352317
25.655172 -3.4482758 -15.909013240841789
25.655172 -3.6206896 -15.737329182407787
25.655172 -3.7931035 -15.565409260757095
25.655172 -3.9655173 -15.393329105486423
25.655172 -4.1379309 -15.221140520130007
25.655172 -4.3103447 -15.04887832045349
25.655172 -4.4827585 -14.876566589402273
25.655172 -4.6551723 -14.704221478591487
25.655172 -4.8275862 -14.531853790039875
25.655172 -5.0 -14.359471072849637

26.0 0.0 -19.165320128307965
26.0 -0.1724138 -19.01762355486607
26.0 -0.34482759 -18.866162224925638
26.0 -0.51724136 -18.7103227453154
26.0 -0.68965518 -18.550709014936164
26.0 -0.86206895 -18.389021138383637
26.0 -1.0344827 -18.22727202018243
26.0 -1.2068965 -18.066655175115464
26.0 -1.3793104 -17.907076473074977
26.0 -1.5517242 -17.74770232611001
26.0 -1.7241379 -17.587661553576734
26.0 -1.8965517 -17.42630359087476
26.0 -2.0689654 -17.263229622784802
26.0 -2.2413793 -17.098305016007107
26.0 -2.4137931 -16.931631179169386
26.0 -2.5862069 -16.76345906678305
26.0 -2.7586207 -16.594093858207483
26.0 -2.9310346 -16.423826931512863
26.0 -3.1034484 -16.25290339969655
26.0 -3.275862 -16.081513817093683
26.0 -3.4482758 -15.909798762153867
26.0 -3.6206896 -15.737859482402728
26.0 -3.7931035 -15.56576678532551
26.0 -3.9655173 -15.393569929106752
26.0 -4.1379309 -15.221302637179928
26.0 -4.3103447 -15.048987409313836
26.0 -4.4827585 -14.876639975278461
26.0 -4.6551723 -14.704270837330597
26.0 -4.8275862 -14.53188698417597
26.0 -5.0 -14.359493394297179
