# KROME file, XRAY He rate
# Distance = 6 kpc
# Xray rate including primary He ionization in 1/s
# first line indicates the size of the table (30x30)
# then first column is the parameter log10(nH), where nH is the H column density in cm-2
# second column is log10(xHe), where xHe = nHe/nH both in cm-2
# third column is log10(rate), where rate is in units of 1/s
30, 30
16.0 0.0 -17.101704735613527
16.0 -0.1724138 -17.099474276524994
16.0 -0.34482759 -17.096203603928824
16.0 -0.51724136 -17.091405810479745
16.0 -0.68965518 -17.08438540196453
16.0 -0.86206895 -17.074165922180196
16.0 -1.0344827 -17.059411998393973
16.0 -1.2068965 -17.0383672114293
16.0 -1.3793104 -17.008848791426097
16.0 -1.5517242 -16.96835833819959
16.0 -1.7241379 -16.91436231393234
16.0 -1.8965517 -16.844737951352688
16.0 -2.0689654 -16.758267809300754
16.0 -2.2413793 -16.65497106905323
16.0 -2.4137931 -16.536098437492296
16.0 -2.5862069 -16.403791748089006
16.0 -2.7586207 -16.26058855676321
16.0 -2.9310346 -16.10898007832369
16.0 -3.1034484 -15.951136705554097
16.0 -3.275862 -15.788801553729567
16.0 -3.4482758 -15.62329778862974
16.0 -3.6206896 -15.45559244315883
16.0 -3.7931035 -15.28637315154515
16.0 -3.9655173 -15.116120487229862
16.0 -4.1379309 -14.945165964351595
16.0 -4.3103447 -14.773735918631212
16.0 -4.4827585 -14.60198478683062
16.0 -4.6551723 -14.43001709149244
16.0 -4.8275862 -14.257903381574607
16.0 -5.0 -14.085691526673225

16.344828 0.0 -17.101838331496097
16.344828 -0.1724138 -17.099586728462107
16.344828 -0.34482759 -17.096297544093357
16.344828 -0.51724136 -17.09148330702494
16.344828 -0.68965518 -17.084448335969988
16.344828 -0.86206895 -17.07421622463519
16.344828 -1.0344827 -17.05945168308727
16.344828 -1.2068965 -17.038398252746877
16.344828 -1.3793104 -17.008872962852795
16.344828 -1.5517242 -16.968377106810372
16.344828 -1.7241379 -16.914376822744305
16.344828 -1.8965517 -16.844749070293414
16.344828 -2.0689654 -16.758276214306015
16.344828 -2.2413793 -16.654977311806597
16.344828 -2.4137931 -16.536102986464794
16.344828 -2.5862069 -16.40379500274972
16.344828 -2.7586207 -16.26059084869421
16.344828 -2.9310346 -16.108981671760667
16.344828 -3.1034484 -15.951137802584725
16.344828 -3.275862 -15.788802303590447
16.344828 -3.4482758 -15.623298298560654
16.344828 -3.6206896 -15.455592788682754
16.344828 -3.7931035 -15.28637338508617
16.344828 -3.9655173 -15.116120644812009
16.344828 -4.1379309 -14.945166070556885
16.344828 -4.3103447 -14.773735990153703
16.344828 -4.4827585 -14.601984834970779
16.344828 -4.6551723 -14.43001712388282
16.344828 -4.8275862 -14.257903403362695
16.344828 -5.0 -14.08569154132706

16.689655 0.0 -17.102036972841717
16.689655 -0.1724138 -17.09975393900938
16.689655 -0.34482759 -17.096437234128036
16.689655 -0.51724136 -17.09159854924787
16.689655 -0.68965518 -17.08454192562232
16.689655 -0.86206895 -17.074291031729228
16.689655 -1.0344827 -17.059510701245976
16.689655 -1.2068965 -17.038444417411835
16.689655 -1.3793104 -17.008908911021976
16.689655 -1.5517242 -16.96840502002602
16.689655 -1.7241379 -16.914398400758266
16.689655 -1.8965517 -16.84476560680403
16.689655 -2.0689654 -16.758288714552826
16.689655 -2.2413793 -16.654986596263488
16.689655 -2.4137931 -16.536109751860156
16.689655 -2.5862069 -16.403799843192648
16.689655 -2.7586207 -16.260594257329082
16.689655 -2.9310346 -16.10898404157041
16.689655 -3.1034484 -15.951139434122261
16.689655 -3.275862 -15.788803418805994
16.689655 -3.4482758 -15.623299056944928
16.689655 -3.6206896 -15.455593302555993
16.689655 -3.7931035 -15.286373732415118
16.689655 -3.9655173 -15.116120879172703
16.689655 -4.1379309 -14.945166228508429
16.689655 -4.3103447 -14.773736096523992
16.689655 -4.4827585 -14.601984906566193
16.689655 -4.6551723 -14.430017172054717
16.689655 -4.8275862 -14.257903435766558
16.689655 -5.0 -14.08569156312066

17.034483 0.0 -17.102332285950837
17.034483 -0.1724138 -17.10000254218257
17.034483 -0.34482759 -17.096644933048452
17.034483 -0.51724136 -17.091769906695717
17.034483 -0.68965518 -17.08468109342457
17.034483 -0.86206895 -17.074402274110838
17.034483 -1.0344827 -17.059598467297917
17.034483 -1.2068965 -17.03851307062541
17.034483 -1.3793104 -17.00896237180549
17.034483 -1.5517242 -16.968446531986665
17.034483 -1.7241379 -16.9144304913431
17.034483 -1.8965517 -16.844790199791433
17.034483 -2.0689654 -16.75830730484468
17.034483 -2.2413793 -16.655000404039047
17.034483 -2.4137931 -16.536119813290338
17.034483 -2.5862069 -16.403807041840256
17.034483 -2.7586207 -16.260599326601636
17.034483 -2.9310346 -16.10898756591293
17.034483 -3.1034484 -15.951141860516108
17.034483 -3.275862 -15.78880507733376
17.034483 -3.4482758 -15.62330018479933
17.034483 -3.6206896 -15.455594066778064
17.034483 -3.7931035 -15.286374248955708
17.034483 -3.9655173 -15.116121227709133
17.034483 -4.1379309 -14.945166463410708
17.034483 -4.3103447 -14.77373625471568
17.034483 -4.4827585 -14.601985013041404
17.034483 -4.6551723 -14.430017243694957
17.034483 -4.8275862 -14.257903483956909
17.034483 -5.0 -14.085691595531646

17.379311 0.0 -17.10277121745837
17.379311 -0.1724138 -17.100372085275843
17.379311 -0.34482759 -17.096953700116213
17.379311 -0.51724136 -17.092024667839222
17.379311 -0.68965518 -17.084888011316625
17.379311 -0.86206895 -17.074567681212542
17.379311 -1.0344827 -17.05972897326356
17.379311 -1.2068965 -17.038615159858924
17.379311 -1.3793104 -17.009041871476143
17.379311 -1.5517242 -16.96850826399961
17.379311 -1.7241379 -16.914478213379393
17.379311 -1.8965517 -16.844826772277298
17.379311 -2.0689654 -16.758334950679426
17.379311 -2.2413793 -16.655020937710844
17.379311 -2.4137931 -16.536134775702223
17.379311 -2.5862069 -16.403817746964737
17.379311 -2.7586207 -16.26060686511103
17.379311 -2.9310346 -16.108992806949153
17.379311 -3.1034484 -15.95114546879209
17.379311 -3.275862 -15.788807543718123
17.379311 -3.4482758 -15.623301862022055
17.379311 -3.6206896 -15.455595203245657
17.379311 -3.7931035 -15.286375017098187
17.379311 -3.9655173 -15.116121746014139
17.379311 -4.1379309 -14.94516681273146
17.379311 -4.3103447 -14.773736489960879
17.379311 -4.4827585 -14.60198517137956
17.379311 -4.6551723 -14.430017350230393
17.379311 -4.8275862 -14.25790355562026
17.379311 -5.0 -14.085691643729673

17.724138 0.0 -17.103423392165897
17.724138 -0.1724138 -17.100921244220544
17.724138 -0.34482759 -17.09741260295688
17.724138 -0.51724136 -17.09240334804811
17.724138 -0.68965518 -17.08519560726132
17.724138 -0.86206895 -17.07481358953464
17.724138 -1.0344827 -17.0599230077975
17.724138 -1.2068965 -17.03876695270088
17.724138 -1.3793104 -17.009160081125017
17.724138 -1.5517242 -16.968600056818616
17.724138 -1.7241379 -16.914549174977758
17.724138 -1.8965517 -16.844881155089727
17.724138 -2.0689654 -16.758376059720252
17.724138 -2.2413793 -16.65505147098342
17.724138 -2.4137931 -16.536157024515063
17.724138 -2.5862069 -16.40383366521585
17.724138 -2.7586207 -16.260618074647876
17.724138 -2.9310346 -16.109000600191465
17.724138 -3.1034484 -15.951150834164515
17.724138 -3.275862 -15.78881121113459
17.724138 -3.4482758 -15.623304355983556
17.724138 -3.6206896 -15.455596893125161
17.724138 -3.7931035 -15.286376159293152
17.724138 -3.9655173 -15.116122516711211
17.724138 -4.1379309 -14.945167332156148
17.724138 -4.3103447 -14.773736839760149
17.724138 -4.4827585 -14.601985406821411
17.724138 -4.6551723 -14.430017508643873
17.724138 -4.8275862 -14.257903662180489
17.724138 -5.0 -14.085691715398003

18.068966 0.0 -17.104391934546804
18.068966 -0.1724138 -17.10173698096473
18.068966 -0.34482759 -17.098094402630984
18.068966 -0.51724136 -17.092966054887466
18.068966 -0.68965518 -17.08565275243584
18.068966 -0.86206895 -17.075179100926082
18.068966 -1.0344827 -17.06021144457329
18.068966 -1.2068965 -17.038992613727842
18.068966 -1.3793104 -17.009335825858905
18.068966 -1.5517242 -16.968736532083533
18.068966 -1.7241379 -16.91465468112504
18.068966 -1.8965517 -16.844962012557293
18.068966 -2.0689654 -16.758437181569356
18.068966 -2.2413793 -16.655096868401923
18.068966 -2.4137931 -16.53619010427969
18.068966 -2.5862069 -16.403857332505655
18.068966 -2.7586207 -16.260634740928978
18.068966 -2.9310346 -16.109012187097175
18.068966 -3.1034484 -15.951158811315986
18.068966 -3.275862 -15.788816663779604
18.068966 -3.4482758 -15.623308063952154
18.068966 -3.6206896 -15.45559940559905
18.068966 -3.7931035 -15.286377857480987
18.068966 -3.9655173 -15.116123662564368
18.068966 -4.1379309 -14.945168104423523
18.068966 -4.3103447 -14.773737359832655
18.068966 -4.4827585 -14.601985756870208
18.068966 -4.6551723 -14.430017744168874
18.068966 -4.8275862 -14.257903820611425
18.068966 -5.0 -14.08569182195258

18.413794 0.0 -17.105829258642885
18.413794 -0.1724138 -17.102947940432056
18.413794 -0.34482759 -17.099106822234024
18.413794 -0.51724136 -17.093801840092457
18.413794 -0.68965518 -17.086331895484832
18.413794 -0.86206895 -17.07572221148499
18.413794 -1.0344827 -17.060640094784365
18.413794 -1.2068965 -17.039328010513238
18.413794 -1.3793104 -17.009597054291255
18.413794 -1.5517242 -16.968939401032674
18.413794 -1.7241379 -16.914811519723482
18.413794 -1.8965517 -16.8450822117071
18.413794 -2.0689654 -16.758528042823805
18.413794 -2.2413793 -16.655164354047418
18.413794 -2.4137931 -16.536239278709477
18.413794 -2.5862069 -16.40389251461659
18.413794 -2.7586207 -16.26065951565607
18.413794 -2.9310346 -16.10902941113858
18.413794 -3.1034484 -15.951170669370764
18.413794 -3.275862 -15.788824769122517
18.413794 -3.4482758 -15.623313575824964
18.413794 -3.6206896 -15.455603140370055
18.413794 -3.7931035 -15.28638038181984
18.413794 -3.9655173 -15.116125365862034
18.413794 -4.1379309 -14.945169252389569
18.413794 -4.3103447 -14.773738132913822
18.413794 -4.4827585 -14.60198627721317
18.413794 -4.6551723 -14.430018094273649
18.413794 -4.8275862 -14.257904056116875
18.413794 -5.0 -14.085691980344508

18.758621 0.0 -17.107959956912918
18.758621 -0.1724138 -17.10474394607483
18.758621 -0.34482759 -17.100609000257386
18.758621 -0.51724136 -17.095042394524064
18.758621 -0.68965518 -17.087340270580786
18.758621 -0.86206895 -17.07652882900801
18.758621 -1.0344827 -17.06127685913171
18.758621 -1.2068965 -17.03982633074612
18.758621 -1.3793104 -17.00998522529562
18.758621 -1.5517242 -16.9692408772562
18.758621 -1.7241379 -16.915044602682684
18.758621 -1.8965517 -16.84526084728244
18.758621 -2.0689654 -16.758663077940245
18.758621 -2.2413793 -16.65526464838627
18.758621 -2.4137931 -16.53631235885311
18.758621 -2.5862069 -16.403944799562215
18.758621 -2.7586207 -16.260696333546733
18.758621 -2.9310346 -16.109055007676925
18.758621 -3.1034484 -15.951188291431405
18.758621 -3.275862 -15.78883681428004
18.758621 -3.4482758 -15.623321766859341
18.758621 -3.6206896 -15.455608690491305
18.758621 -3.7931035 -15.286384133151016
18.758621 -3.9655173 -15.116127897069846
18.758621 -4.1379309 -14.945170958338204
18.758621 -4.3103447 -14.773739281759696
18.758621 -4.4827585 -14.601987050474337
18.758621 -4.6551723 -14.430018614550432
18.758621 -4.8275862 -14.257904406092099
18.758621 -5.0 -14.08569221572439

19.103449 0.0 -17.111113563988958
19.103449 -0.1724138 -17.10740406664925
19.103449 -0.34482759 -17.10283529524856
19.103449 -0.51724136 -17.096881948032912
19.103449 -0.68965518 -17.088836245171102
19.103449 -0.86206895 -17.077725967692256
19.103449 -1.0344827 -17.062222220090145
19.103449 -1.2068965 -17.040566339195767
19.103449 -1.3793104 -17.010561765577137
19.103449 -1.5517242 -16.969688705179376
19.103449 -1.7241379 -16.915390859496807
19.103449 -1.8965517 -16.845526227793336
19.103449 -2.0689654 -16.758863686693346
19.103449 -2.2413793 -16.65541364455874
19.103449 -2.4137931 -16.536420924069656
19.103449 -2.5862069 -16.4040224707765
19.103449 -2.7586207 -16.260751026992256
19.103449 -2.9310346 -16.10909303115945
19.103449 -3.1034484 -15.951214468618783
19.103449 -3.275862 -15.788854706967681
19.103449 -3.4482758 -15.623333934309375
19.103449 -3.6206896 -15.45561693494162
19.103449 -3.7931035 -15.286389705567196
19.103449 -3.9655173 -15.11613165704686
19.103449 -4.1379309 -14.945173492432835
19.103449 -4.3103447 -14.773740988306882
19.103449 -4.4827585 -14.601988199110536
19.103449 -4.6551723 -14.430019387392203
19.103449 -4.8275862 -14.257904925960398
19.103449 -5.0 -14.085692565367761

19.448277 0.0 -17.11577047358024
19.448277 -0.1724138 -17.111336285934172
19.448277 -0.34482759 -17.106129179547043
19.448277 -0.51724136 -17.099605786402112
19.448277 -0.68965518 -17.091052878397825
19.448277 -0.86206895 -17.079500853457617
19.448277 -1.0344827 -17.06362449305768
19.448277 -1.2068965 -17.04166441537177
19.448277 -1.3793104 -17.011417504068493
19.448277 -1.5517242 -16.970353516830105
19.448277 -1.7241379 -16.91590493817134
19.448277 -1.8965517 -16.845920249185177
19.448277 -2.0689654 -16.759161540825076
19.448277 -2.2413793 -16.65563486342429
19.448277 -2.4137931 -16.536582109856564
19.448277 -2.5862069 -16.404137785406597
19.448277 -2.7586207 -16.260832225697754
19.448277 -2.9310346 -16.109149480282717
19.448277 -3.1034484 -15.951253330319549
19.448277 -3.275862 -15.788881269510942
19.448277 -3.4482758 -15.623351997325383
19.448277 -3.6206896 -15.455629174057304
19.448277 -3.7931035 -15.286397977942894
19.448277 -3.9655173 -15.116137238802006
19.448277 -4.1379309 -14.94517725433643
19.448277 -4.3103447 -14.773743521700196
19.448277 -4.4827585 -14.60198990427578
19.448277 -4.6551723 -14.430020534685154
19.448277 -4.8275862 -14.257905697710893
19.448277 -5.0 -14.08569308441726

19.793104 0.0 -17.122624665467324
19.793104 -0.1724138 -17.117132373373614
19.793104 -0.34482759 -17.110990627950667
19.793104 -0.51724136 -17.10363050054872
19.793104 -0.68965518 -17.094331446717035
19.793104 -0.86206895 -17.08212830337134
19.793104 -1.0344827 -17.06570180720512
19.793104 -1.2068965 -17.043291978944307
19.793104 -1.3793104 -17.012686371806048
19.793104 -1.5517242 -16.971339536701656
19.793104 -1.7241379 -16.916667510391342
19.793104 -1.8965517 -16.846504769678862
19.793104 -2.0689654 -16.75960340391878
19.793104 -2.2413793 -16.655963031367293
19.793104 -2.4137931 -16.536821212458445
19.793104 -2.5862069 -16.404308835969083
19.793104 -2.7586207 -16.260952666487007
19.793104 -2.9310346 -16.109233207958198
19.793104 -3.1034484 -15.951310970322398
19.793104 -3.275862 -15.788920666659623
19.793104 -3.4482758 -15.623378787798535
19.793104 -3.6206896 -15.455647326565849
19.793104 -3.7931035 -15.286410247091897
19.793104 -3.9655173 -15.116145517333718
19.793104 -4.1379309 -14.94518283375664
19.793104 -4.3103447 -14.773747279064166
19.793104 -4.4827585 -14.601992433262808
19.793104 -4.6551723 -14.43002223627195
19.793104 -4.8275862 -14.257906842318066
19.793104 -5.0 -14.085693854235444

20.137932 0.0 -17.132665954492943
20.137932 -0.1724138 -17.125641162741243
20.137932 -0.34482759 -17.11814041446706
20.137932 -0.51724136 -17.109559359915526
20.137932 -0.68965518 -17.099168129769836
20.137932 -0.86206895 -17.086009248082046
20.137932 -1.0344827 -17.06877329320662
20.137932 -1.2068965 -17.0457003743073
20.137932 -1.3793104 -17.014565057069415
20.137932 -1.5517242 -16.972799986574127
20.137932 -1.7241379 -16.917797243643008
20.137932 -1.8965517 -16.84737080599126
20.137932 -2.0689654 -16.760258084852403
20.137932 -2.2413793 -16.65644924013575
20.137932 -2.4137931 -16.537175443284553
20.137932 -2.5862069 -16.404562232425857
20.137932 -2.7586207 -16.261131079449278
20.137932 -2.9310346 -16.10935723118825
20.137932 -3.1034484 -15.951396347869448
20.137932 -3.275862 -15.788979021111809
20.137932 -3.4482758 -15.623418468755377
20.137932 -3.6206896 -15.455674212999309
20.137932 -3.7931035 -15.286428419287194
20.137932 -3.9655173 -15.116157778839705
20.137932 -4.1379309 -14.945191097520484
20.137932 -4.3103447 -14.773752844138382
20.137932 -4.4827585 -14.601996178967461
20.137932 -4.6551723 -14.43002475650394
20.137932 -4.8275862 -14.257908537602319
20.137932 -5.0 -14.085694994416956

20.482758 0.0 -17.147280906209108
20.482758 -0.1724138 -17.13806101062636
20.482758 -0.34482759 -17.128603193498442
20.482758 -0.51724136 -17.118255362415177
20.482758 -0.68965518 -17.106276721493234
20.482758 -0.86206895 -17.091723278101547
20.482758 -1.0344827 -17.07330216045826
20.482758 -1.2068965 -17.049255574396827
20.482758 -1.3793104 -17.01734060615553
20.482758 -1.5517242 -16.974958815355166
20.482758 -1.7241379 -16.9194677317583
20.482758 -1.8965517 -16.848651551865178
20.482758 -2.0689654 -16.76122628164601
20.482758 -2.2413793 -16.657168247406926
20.482758 -2.4137931 -16.53769923665131
20.482758 -2.5862069 -16.40493689074785
20.482758 -2.7586207 -16.261394850244873
20.482758 -2.9310346 -16.109540578861115
20.482758 -3.1034484 -15.951522558161798
20.482758 -3.275862 -15.789065281131677
20.482758 -3.4482758 -15.623477123971334
20.482758 -3.6206896 -15.455713955022956
20.482758 -3.7931035 -15.286455280081514
20.482758 -3.9655173 -15.116175902738467
20.482758 -4.1379309 -14.945203312232515
20.482758 -4.3103447 -14.773761069871533
20.482758 -4.4827585 -14.60200171547699
20.482758 -4.6551723 -14.430028481641157
20.482758 -4.8275862 -14.2579110433871
20.482758 -5.0 -14.0856966797079

20.827587 0.0 -17.168365846622834
20.827587 -0.1724138 -17.15604812855388
20.827587 -0.34482759 -17.14380848089376
20.827587 -0.51724136 -17.130932820081185
20.827587 -0.68965518 -17.116669372856506
20.827587 -0.86206895 -17.100097836560504
20.827587 -1.0344827 -17.07995346704896
20.827587 -1.2068965 -17.054485379893705
20.827587 -1.3793104 -17.021428341388724
20.827587 -1.5517242 -16.978140746975978
20.827587 -1.7241379 -16.9219309912104
20.827587 -1.8965517 -16.850540470725466
20.827587 -2.0689654 -16.762654260735218
20.827587 -2.2413793 -16.658228612047743
20.827587 -2.4137931 -16.53847160865745
20.827587 -2.5862069 -16.40548927846466
20.827587 -2.7586207 -16.26178370191162
20.827587 -2.9310346 -16.109810844713305
20.827587 -3.1034484 -15.95170858645972
20.827587 -3.275862 -15.789192417780791
20.827587 -3.4482758 -15.623563571278346
20.827587 -3.6206896 -15.455772526122166
20.827587 -3.7931035 -15.28649486633154
20.827587 -3.9655173 -15.11620261260675
20.827587 -4.1379309 -14.945221313359008
20.827587 -4.3103447 -14.773773192270745
20.827587 -4.4827585 -14.602009874691245
20.827587 -4.6551723 -14.43003397140203
20.827587 -4.8275862 -14.257914736173232
20.827587 -5.0 -14.085699163325685

21.172413 0.0 -17.198427517666943
21.172413 -0.1724138 -17.181823815784938
21.172413 -0.34482759 -17.165698135042348
21.172413 -0.51724136 -17.149260364407667
21.172413 -0.68965518 -17.131751506521077
21.172413 -0.86206895 -17.112292531159603
21.172413 -1.0344827 -17.08966655428954
21.172413 -1.2068965 -17.062139899250685
21.172413 -1.3793104 -17.027421202846888
21.172413 -1.5517242 -16.982810769275655
21.172413 -1.7241379 -16.925548505265546
21.172413 -1.8965517 -16.8533152454728
21.172413 -2.0689654 -16.76475195610273
21.172413 -2.2413793 -16.65978607972031
21.172413 -2.4137931 -16.539605853073947
21.172413 -2.5862069 -16.40630030981539
21.172413 -2.7586207 -16.26235452458967
21.172413 -2.9310346 -16.11020753075831
21.172413 -3.1034484 -15.951981602442613
21.172413 -3.275862 -15.789378989474473
21.172413 -3.4482758 -15.623690424720493
21.172413 -3.6206896 -15.45585847045982
21.172413 -3.7931035 -15.28655295168154
21.172413 -3.9655173 -15.116241803578228
21.172413 -4.1379309 -14.945247725800616
21.172413 -4.3103447 -14.773790978905158
21.172413 -4.4827585 -14.602021846259722
21.172413 -4.6551723 -14.43004202619664
21.172413 -4.8275862 -14.257920154361251
21.172413 -5.0 -14.085702807372249

21.517242 0.0 -17.240618766634842
21.517242 -0.1724138 -17.218245178108667
21.517242 -0.34482759 -17.196816454434707
21.517242 -0.51724136 -17.175459551029345
21.517242 -0.68965518 -17.153420909027457
21.517242 -0.86206895 -17.12989278121002
21.517242 -1.0344827 -17.103739265110217
21.517242 -1.2068965 -17.073264249980408
21.517242 -1.3793104 -17.03615044203748
21.517242 -1.5517242 -16.989623412376762
21.517242 -1.7241379 -16.93083025203046
21.517242 -1.8965517 -16.85736795082183
21.517242 -2.0689654 -16.767815736120486
21.517242 -2.2413793 -16.6620603604159
21.517242 -2.4137931 -16.541261641343727
21.517242 -2.5862069 -16.407483914026237
21.517242 -2.7586207 -16.263187355168125
21.517242 -2.9310346 -16.11078617463212
21.517242 -3.1034484 -15.952379786237662
21.517242 -3.275862 -15.789651065977123
21.517242 -3.4482758 -15.623875399228728
21.517242 -3.6206896 -15.455983785161232
21.517242 -3.7931035 -15.286637642089431
21.517242 -3.9655173 -15.116298943800405
21.517242 -4.1379309 -14.945286234289599
21.517242 -4.3103447 -14.773816910922834
21.517242 -4.4827585 -14.602039300057372
21.517242 -4.6551723 -14.430053769516567
21.517242 -4.8275862 -14.25792805366539
21.517242 -5.0 -14.08570812010004

21.862068 0.0 -17.298557274234174
21.862068 -0.1724138 -17.268734656789196
21.862068 -0.34482759 -17.24031125604001
21.862068 -0.51724136 -17.21234990449695
21.862068 -0.68965518 -17.184137055728623
21.862068 -0.86206895 -17.154989296802192
21.862068 -1.0344827 -17.12390772834518
21.862068 -1.2068965 -17.089272321144055
21.862068 -1.3793104 -17.04874991518174
21.862068 -1.5517242 -16.999476279835097
21.862068 -1.7241379 -16.938477602103394
21.862068 -1.8965517 -16.863238280423325
21.862068 -2.0689654 -16.772253356309832
21.862068 -2.2413793 -16.66535336068608
21.862068 -2.4137931 -16.543658042400878
21.862068 -2.5862069 -16.409196167524605
21.862068 -2.7586207 -16.264391698359482
21.862068 -2.9310346 -16.1116226840479
21.862068 -3.1034484 -15.952955281520438
21.862068 -3.275862 -15.790044231613434
21.862068 -3.4482758 -15.624142665503024
21.862068 -3.6206896 -15.456164834897024
21.862068 -3.7931035 -15.286759992383654
21.862068 -3.9655173 -15.116381489714152
21.862068 -4.1379309 -14.945341862934649
21.862068 -4.3103447 -14.77385437115128
21.862068 -4.4827585 -14.60206451272027
21.862068 -4.6551723 -14.430070733040507
21.862068 -4.8275862 -14.25793946434719
21.862068 -5.0 -14.085715794398617

22.206898 0.0 -17.375625266776076
22.206898 -0.1724138 -17.336838315264337
22.206898 -0.34482759 -17.299684380216842
22.206898 -0.51724136 -17.263232791057895
22.206898 -0.68965518 -17.226890624464055
22.206898 -0.86206895 -17.190197369155328
22.206898 -1.0344827 -17.152390513907562
22.206898 -1.2068965 -17.111999686310227
22.206898 -1.3793104 -17.066708075443305
22.206898 -1.5517242 -17.01355592671363
22.206898 -1.7241379 -16.94942091581822
22.206898 -1.8965517 -16.87164263681888
22.206898 -2.0689654 -16.778605444229218
22.206898 -2.2413793 -16.67006448226005
22.206898 -2.4137931 -16.547084131053058
22.206898 -2.5862069 -16.411642524228633
22.206898 -2.7586207 -16.266111406469403
22.206898 -2.9310346 -16.112816614648818
22.206898 -3.1034484 -15.953776393500346
22.206898 -3.275862 -15.790605058793327
22.206898 -3.4482758 -15.624523838234007
22.206898 -3.6206896 -15.456423014994616
22.206898 -3.7931035 -15.286934451447742
22.206898 -3.9655173 -15.116499185055345
22.206898 -4.1379309 -14.945421176103679
22.206898 -4.3103447 -14.773907779090022
22.206898 -4.4827585 -14.602100458374567
22.206898 -4.6551723 -14.43009491762026
22.206898 -4.8275862 -14.25795573221203
22.206898 -5.0 -14.08572673535509

22.551723 0.0 -17.473477952565613
22.551723 -0.1724138 -17.425044424696924
22.551723 -0.34482759 -17.377948517926416
22.551723 -0.51724136 -17.331345996750862
22.551723 -0.68965518 -17.284884860345468
22.551723 -0.86206895 -17.238490416578212
22.551723 -1.0344827 -17.191813288686237
22.551723 -1.2068965 -17.143677371711192
22.551723 -1.3793104 -17.09186512381893
22.551723 -1.5517242 -17.033343826709785
22.551723 -1.7241379 -16.964826819199562
22.551723 -1.8965517 -16.883479542954205
22.551723 -2.0689654 -16.78754836377946
22.551723 -2.2413793 -16.676691440240806
22.551723 -2.4137931 -16.55189858201808
22.551723 -2.5862069 -16.415076879879987
22.551723 -2.7586207 -16.268523648815798
22.551723 -2.9310346 -16.114490255051006
22.551723 -3.1034484 -15.95492685846115
22.551723 -3.275862 -15.791390559597117
22.551723 -3.4482758 -15.625057579756357
22.551723 -3.6206896 -15.456784471913034
22.551723 -3.7931035 -15.287178668210624
22.551723 -3.9655173 -15.11666392761365
22.551723 -4.1379309 -14.945532187557424
22.551723 -4.3103447 -14.773982529232322
22.551723 -4.4827585 -14.602150766901724
22.551723 -4.6551723 -14.430128765100077
22.551723 -4.8275862 -14.25797849960748
22.551723 -5.0 -14.08574204745383

22.896551 0.0 -17.59083048857782
22.896551 -0.1724138 -17.53315568811678
22.896551 -0.34482759 -17.476040139407466
22.896551 -0.51724136 -17.41856767195855
22.896551 -0.68965518 -17.36060770696372
22.896551 -0.86206895 -17.302599062489552
22.896551 -1.0344827 -17.244842975478427
22.896551 -1.2068965 -17.18671241676468
22.896551 -1.3793104 -17.126276993725245
22.896551 -1.5517242 -17.060525945727615
22.896551 -1.7241379 -16.98603283827378
22.896551 -1.8965517 -16.899779137512517
22.896551 -2.0689654 -16.799853974700458
22.896551 -2.2413793 -16.685798289794935
22.896551 -2.4137931 -16.55850483447044
22.896551 -2.5862069 -16.41978284166937
22.896551 -2.7586207 -16.271825180364008
22.896551 -2.9310346 -16.11677879607995
22.896551 -3.1034484 -15.956498933419281
22.896551 -3.275862 -15.79246339347143
22.896551 -3.4482758 -15.625786308529708
22.896551 -3.6206896 -15.457277857744561
22.896551 -3.7931035 -15.287511966888594
22.896551 -3.9655173 -15.116888737182828
22.896551 -4.1379309 -14.945683663413028
22.896551 -4.3103447 -14.774084520987715
22.896551 -4.4827585 -14.602219407236834
22.896551 -4.6551723 -14.430174945091233
22.896551 -4.8275862 -14.258009561930349
22.896551 -5.0 -14.085762938040423

23.241379 0.0 -17.725770668816025
23.241379 -0.1724138 -17.65867266569856
23.241379 -0.34482759 -17.591852369716573
23.241379 -0.51724136 -17.523812132615816
23.241379 -0.68965518 -17.454185297781702
23.241379 -0.86206895 -17.383659866269134
23.241379 -1.0344827 -17.313214762759408
23.241379 -1.2068965 -17.243028993897855
23.241379 -1.3793104 -17.17177063322169
23.241379 -1.5517242 -17.096682262760837
23.241379 -1.7241379 -17.014321023890663
23.241379 -1.8965517 -16.92153285749657
23.241379 -2.0689654 -16.816260097896553
23.241379 -2.2413793 -16.69791760594016
23.241379 -2.4137931 -16.567278501379057
23.241379 -2.5862069 -16.4260209646415
23.241379 -2.7586207 -16.276194727402363
23.241379 -2.9310346 -16.119803944596377
23.241379 -3.1034484 -15.95857511477977
23.241379 -3.275862 -15.793879316365166
23.241379 -3.4482758 -15.626747638465464
23.241379 -3.6206896 -15.45792851773572
23.241379 -3.7931035 -15.287951412870518
23.241379 -3.9655173 -15.117185098529829
23.241379 -4.1379309 -14.945883330262179
23.241379 -4.3103447 -14.77421895145144
23.241379 -4.4827585 -14.602309874576976
23.241379 -4.6551723 -14.430235807992203
23.241379 -4.8275862 -14.258050499641323
23.241379 -5.0 -14.085790469807224

23.586206 0.0 -17.880706471263146
23.586206 -0.1724138 -17.801434480684367
23.586206 -0.34482759 -17.723105371207108
23.586206 -0.51724136 -17.643797505754772
23.586206 -0.68965518 -17.56256163948275
23.586206 -0.86206895 -17.479659401854533
23.586206 -1.0344827 -17.3961330685829
23.586206 -1.2068965 -17.31275344896691
23.586206 -1.3793104 -17.22896226099879
23.586206 -1.5517242 -17.14257446286507
23.586206 -1.7241379 -17.050399414304714
23.586206 -1.8965517 -16.94931255975107
23.586206 -2.0689654 -16.83719037251609
23.586206 -2.2413793 -16.713346100515263
23.586206 -2.4137931 -16.578420307815403
23.586206 -2.5862069 -16.433924528203782
23.586206 -2.7586207 -16.281720127161634
23.586206 -2.9310346 -16.12362354802254
23.586206 -3.1034484 -15.961193598402142
23.586206 -3.275862 -15.795663641281585
23.586206 -3.4482758 -15.627958404852997
23.586206 -3.6206896 -15.458747682238789
23.586206 -3.7931035 -15.28850451487519
23.586206 -3.9655173 -15.117558040558718
23.586206 -4.1379309 -14.946134560241111
23.586206 -4.3103447 -14.774388083719753
23.586206 -4.4827585 -14.602423688607757
23.586206 -4.6551723 -14.430312374689407
23.586206 -4.8275862 -14.258101998731778
23.586206 -5.0 -14.085825103795399

23.931034 0.0 -18.057076060477684
23.931034 -0.1724138 -17.964201121053733
23.931034 -0.34482759 -17.871301100817774
23.931034 -0.51724136 -17.777497932293326
23.931034 -0.68965518 -17.68240900371037
23.931034 -0.86206895 -17.586234764244214
23.931034 -1.0344827 -17.489554037305492
23.931034 -1.2068965 -17.392871038859546
23.931034 -1.3793104 -17.29589268003224
23.931034 -1.5517242 -17.19700430983657
23.931034 -1.7241379 -17.09352249662207
23.931034 -1.8965517 -16.982618660937206
23.931034 -2.0689654 -16.862282132540088
23.931034 -2.2413793 -16.73180873620895
23.931034 -2.4137931 -16.591720720550185
23.931034 -2.5862069 -16.44333661045912
23.931034 -2.7586207 -16.28828658400397
23.931034 -2.9310346 -16.128155453326976
23.931034 -3.1034484 -15.964296628945844
23.931034 -3.275862 -15.797776305264657
23.931034 -3.4482758 -15.629391084842272
23.931034 -3.6206896 -15.459716571626124
23.931034 -3.7931035 -15.289158519335036
23.931034 -3.9655173 -15.117998930078507
23.931034 -4.1379309 -14.946431522204083
23.931034 -4.3103447 -14.774587985128106
23.931034 -4.4827585 -14.602558199726534
23.931034 -4.6551723 -14.430402861251416
23.931034 -4.8275862 -14.258162858664479
23.931034 -5.0 -14.085866032326276

24.275862 0.0 -18.24008054033398
24.275862 -0.1724138 -18.1390355152487
24.275862 -0.34482759 -18.03391263678258
24.275862 -0.51724136 -17.924832466240186
24.275862 -0.68965518 -17.813105464960312
24.275862 -0.86206895 -17.700636480379128
24.275862 -1.0344827 -17.58887491999224
24.275862 -1.2068965 -17.478184185925535
24.275862 -1.3793104 -17.367834929286772
24.275862 -1.5517242 -17.25614893387904
24.275862 -1.7241379 -17.140764456023632
24.275862 -1.8965517 -17.019261126601823
24.275862 -2.0689654 -16.88991453109622
24.275862 -2.2413793 -16.752119815157076
24.275862 -2.4137931 -16.606324630246295
24.275862 -2.5862069 -16.453649732260846
24.275862 -2.7586207 -16.29546843824126
24.275862 -2.9310346 -16.133104770549618
24.275862 -3.1034484 -15.967681691627737
24.275862 -3.275862 -15.800079124905062
24.275862 -3.4482758 -15.630951823594668
24.275862 -3.6206896 -15.460771644233585
24.275862 -3.7931035 -15.289870502848522
24.275862 -3.9655173 -15.118478815778236
24.275862 -4.1379309 -14.946754709068816
24.275862 -4.3103447 -14.774805521252915
24.275862 -4.4827585 -14.602704568520666
24.275862 -4.6551723 -14.430501320696903
24.275862 -4.8275862 -14.258229079293779
24.275862 -5.0 -14.085910565154194

24.620689 0.0 -18.40945981139632
24.620689 -0.1724138 -18.30353837489735
24.620689 -0.34482759 -18.192183323011353
24.620689 -0.51724136 -18.07365828464247
24.620689 -0.68965518 -17.948657197321502
24.620689 -0.86206895 -17.820089169325023
24.620689 -1.0344827 -17.69145887323072
24.620689 -1.2068965 -17.564834796152617
24.620689 -1.3793104 -17.440030233498838
24.620689 -1.5517242 -17.315206059489
24.620689 -1.7241379 -17.187888405325193
24.620689 -1.8965517 -17.055801491361237
24.620689 -2.0689654 -16.917442723872057
24.620689 -2.2413793 -16.772318929785722
24.620689 -2.4137931 -16.620817858071828
24.620689 -2.5862069 -16.46386419002628
24.620689 -2.7586207 -16.302569459417377
24.620689 -2.9310346 -16.13799182355991
24.620689 -3.1034484 -15.971020824671678
24.620689 -3.275862 -15.802349059860722
24.620689 -3.4482758 -15.632489492211059
24.620689 -3.6206896 -15.461810754310134
24.620689 -3.7931035 -15.290571544532815
24.620689 -3.9655173 -15.118951248417309
24.620689 -4.1379309 -14.94707284083338
24.620689 -4.3103447 -14.775019638538836
24.620689 -4.4827585 -14.602848629565214
24.620689 -4.6551723 -14.430598224412199
24.620689 -4.8275862 -14.258294252070797
24.620689 -5.0 -14.08595439262256

24.965517 0.0 -18.568936511370186
24.965517 -0.1724138 -18.449978197971234
24.965517 -0.34482759 -18.32884947595945
24.965517 -0.51724136 -18.20282569207689
24.965517 -0.68965518 -18.070369039319125
24.965517 -0.86206895 -17.932036290639882
24.965517 -1.0344827 -17.790533170077047
24.965517 -1.2068965 -17.64914161183013
24.965517 -1.3793104 -17.509561030751993
24.965517 -1.5517242 -17.3711567776693
24.965517 -1.7241379 -17.23186551266575
24.965517 -1.8965517 -17.089507260500298
24.965517 -2.0689654 -16.942616183645548
24.965517 -2.2413793 -16.790670086560286
24.965517 -2.4137931 -16.633920367256216
24.965517 -2.5862069 -16.473064546658136
24.965517 -2.7586207 -16.308948251767664
24.965517 -2.9310346 -16.14237333828553
24.965517 -3.1034484 -15.97401046346371
24.965517 -3.275862 -15.804379484107722
24.965517 -3.4482758 -15.633864018101272
24.965517 -3.6206896 -15.462739203795484
24.965517 -3.7931035 -15.291197738801008
24.965517 -3.9655173 -15.119373154796477
24.965517 -4.1379309 -14.94735690932403
24.965517 -4.3103447 -14.775210811809316
24.965517 -4.4827585 -14.60297724546136
24.965517 -4.6551723 -14.43068473516667
24.965517 -4.8275862 -14.258352433381754
24.965517 -5.0 -14.085993517710012

25.310345 0.0 -18.722456133283522
25.310345 -0.1724138 -18.586605655824656
25.310345 -0.34482759 -18.448937638459917
25.310345 -0.51724136 -18.30905096985748
25.310345 -0.68965518 -18.166501365273596
25.310345 -0.86206895 -18.020862492196812
25.310345 -1.0344827 -17.8722405915176
25.310345 -1.2068965 -17.721826149272673
25.310345 -1.3793104 -17.57126243151092
25.310345 -1.5517242 -17.421244834403254
25.310345 -1.7241379 -17.27103969332737
25.310345 -1.8965517 -17.119211986430344
25.310345 -2.0689654 -16.964550859824563
25.310345 -2.2413793 -16.806504155773794
25.310345 -2.4137931 -16.645138995553406
25.310345 -2.5862069 -16.480897041205033
25.310345 -2.7586207 -16.314356293818495
25.310345 -2.9310346 -16.146077257165388
25.310345 -3.1034484 -15.976532654112368
25.310345 -3.275862 -15.806090060738933
25.310345 -3.4482758 -15.63502092080138
25.310345 -3.6206896 -15.463520152447435
25.310345 -3.7931035 -15.291724221295786
25.310345 -3.9655173 -15.119727774646378
25.310345 -4.1379309 -14.94759562654764
25.310345 -4.3103447 -14.775371442950291
25.310345 -4.4827585 -14.603085303751998
25.310345 -4.6551723 -14.430757413876911
25.310345 -4.8275862 -14.258401310196865
25.310345 -5.0 -14.086026384917108

25.655172 0.0 -18.847793382423596
25.655172 -0.1724138 -18.702140743089583
25.655172 -0.34482759 -18.552301148551706
25.655172 -0.51724136 -18.39901267841257
25.655172 -0.68965518 -18.243637082658882
25.655172 -0.86206895 -18.087524960740826
25.655172 -1.0344827 -17.931281538058844
25.655172 -1.2068965 -17.774769903200724
25.655172 -1.3793104 -17.617815449814344
25.655172 -1.5517242 -17.460449585704666
25.655172 -1.7241379 -17.30249097932299
25.655172 -1.8965517 -17.14337593223232
25.655172 -2.0689654 -16.98247879154861
25.655172 -2.2413793 -16.81945013086045
25.655172 -2.4137931 -16.654298071166757
25.655172 -2.5862069 -16.487279687281248
25.655172 -2.7586207 -16.318755762322848
25.655172 -2.9310346 -16.149086304324996
25.655172 -3.1034484 -15.978579579680622
25.655172 -3.275862 -15.807477287899088
25.655172 -3.4482758 -15.63595865045698
25.655172 -3.6206896 -15.464152925663985
25.655172 -3.7931035 -15.292150705708135
25.655172 -3.9655173 -15.120014991433827
25.655172 -4.1379309 -14.947788948603204
25.655172 -4.3103447 -14.775501518051396
25.655172 -4.4827585 -14.603172802149457
25.655172 -4.6551723 -14.430816262201528
25.655172 -4.8275862 -14.258440885077247
25.655172 -5.0 -14.086052996619708

26.0 0.0 -18.934075206298104
26.0 -0.1724138 -18.781512023495903
26.0 -0.34482759 -18.625658402413748
26.0 -0.51724136 -18.46610982220349
26.0 -0.68965518 -18.303457775714957
26.0 -0.86206895 -18.139161167838104
26.0 -1.0344827 -17.974884663094826
26.0 -1.2068965 -17.811570368987798
26.0 -1.3793104 -17.649100293776453
26.0 -1.5517242 -17.48680474069644
26.0 -1.7241379 -17.324028061917762
26.0 -1.8965517 -17.160282377832967
26.0 -2.0689654 -16.995245892648104
26.0 -2.2413793 -16.828786387005987
26.0 -2.4137931 -16.660959228628244
26.0 -2.5862069 -16.49194715608038
26.0 -2.7586207 -16.32198441888776
26.0 -2.9310346 -16.15129965499545
26.0 -3.1034484 -15.980087491324507
26.0 -3.275862 -15.808500228578577
26.0 -3.4482758 -15.636650583790825
26.0 -3.6206896 -15.4646200400386
26.0 -3.7931035 -15.292465628457592
26.0 -3.9655173 -15.120227117845998
26.0 -4.1379309 -14.947931746767663
26.0 -4.3103447 -14.775597606933795
26.0 -4.4827585 -14.603237442604334
26.0 -4.6551723 -14.430859738786273
26.0 -4.8275862 -14.258470123393419
26.0 -5.0 -14.08607265795858
