# KROME file, XRAY He rate
# Distance = 2 kpc
# Xray rate including primary He ionization in 1/s
# first line indicates the size of the table (30x30)
# then first column is the parameter log10(nH), where nH is the H column density in cm-2
# second column is log10(xHe), where xHe = nHe/nH both in cm-2
# third column is log10(rate), where rate is in units of 1/s
30, 30
16.0 0.0 -12.995332648536362
16.0 -0.1724138 -12.995283419638882
16.0 -0.34482759 -12.995248775269753
16.0 -0.51724136 -12.995223185404889
16.0 -0.68965518 -12.995202564708194
16.0 -0.86206895 -12.99518362089032
16.0 -1.0344827 -12.9951633293119
16.0 -1.2068965 -12.995138450302377
16.0 -1.3793104 -12.995105012257154
16.0 -1.5517242 -12.995057678341475
16.0 -1.7241379 -12.994988896041146
16.0 -1.8965517 -12.994887695064934
16.0 -2.0689654 -12.994737944798914
16.0 -2.2413793 -12.994515797513333
16.0 -2.4137931 -12.994185924925564
16.0 -2.5862069 -12.993695971817349
16.0 -2.7586207 -12.992968408003831
16.0 -2.9310346 -12.991888612608685
16.0 -3.1034484 -12.990287593743838
16.0 -3.275862 -12.987917227345234
16.0 -3.4482758 -12.984415443889624
16.0 -3.6206896 -12.979258756470955
16.0 -3.7931035 -12.97170046323337
16.0 -3.9655173 -12.96069648509821
16.0 -4.1379309 -12.944828770919377
16.0 -4.3103447 -12.922251002244547
16.0 -4.4827585 -12.890702056840347
16.0 -4.6551723 -12.847647932615342
16.0 -4.8275862 -12.790599562431742
16.0 -5.0 -12.717582411974051

16.344828 0.0 -12.995514180161528
16.344828 -0.1724138 -12.99540759885982
16.344828 -0.34482759 -12.99533438598359
16.344828 -0.51724136 -12.995282861296019
16.344828 -0.68965518 -12.995244801914916
16.344828 -0.86206895 -12.99521413259646
16.344828 -1.0344827 -12.995185957081361
16.344828 -1.2068965 -12.995155777091767
16.344828 -1.3793104 -12.995118774686485
16.344828 -1.5517242 -12.995069043924325
16.344828 -1.7241379 -12.99499864957583
16.344828 -1.8965517 -12.994896363938928
16.344828 -2.0689654 -12.994745883201766
16.344828 -2.2413793 -12.99452324299118
16.344828 -2.4137931 -12.994193036317204
16.344828 -2.5862069 -12.993702854621885
16.344828 -2.7586207 -12.99297513123905
16.344828 -2.9310346 -12.991895219857302
16.344828 -3.1034484 -12.990294110168293
16.344828 -3.275862 -12.987923663825347
16.344828 -3.4482758 -12.984421799017982
16.344828 -3.6206896 -12.979265016878792
16.344828 -3.7931035 -12.971706602608057
16.344828 -3.9655173 -12.960702462333392
16.344828 -4.1379309 -12.94483452817287
16.344828 -4.3103447 -12.922256464307896
16.344828 -4.4827585 -12.890707133975988
16.344828 -4.6551723 -12.847652529222609
16.344828 -4.8275862 -12.790603592415879
16.344828 -5.0 -12.717585817846984

16.689655 0.0 -12.995915564726912
16.689655 -0.1724138 -12.995682214934844
16.689655 -0.34482759 -12.995523729879976
16.689655 -0.51724136 -12.99541485497943
16.689655 -0.68965518 -12.99533822846201
16.689655 -0.86206895 -12.995281625115329
16.689655 -1.0344827 -12.995236011258333
16.689655 -1.2068965 -12.995194105697333
16.689655 -1.3793104 -12.99514921886706
16.689655 -1.5517242 -12.995094186152622
16.689655 -1.7241379 -12.995020225828139
16.689655 -1.8965517 -12.994915540819475
16.689655 -2.0689654 -12.99476344420305
16.689655 -2.2413793 -12.99453971358648
16.689655 -2.4137931 -12.994208767874024
16.689655 -2.5862069 -12.993718080515661
16.689655 -2.7586207 -12.99299000414479
16.689655 -2.9310346 -12.991909836184709
16.689655 -3.1034484 -12.990308525579032
16.689655 -3.275862 -12.987937902385907
16.689655 -3.4482758 -12.984435857613503
16.689655 -3.6206896 -12.979278865933821
16.689655 -3.7931035 -12.971720183912916
16.689655 -3.9655173 -12.960715684951904
16.689655 -4.1379309 -12.944847264146174
16.689655 -4.3103447 -12.922268547260128
16.689655 -4.4827585 -12.89071836539117
16.689655 -4.6551723 -12.847662697616203
16.689655 -4.8275862 -12.790612507334421
16.689655 -5.0 -12.717593352122257

17.034483 0.0 -12.99680253262424
17.034483 -0.1724138 -12.996289265597513
17.034483 -0.34482759 -12.995942381104163
17.034483 -0.51724136 -12.995706747423423
17.034483 -0.68965518 -12.995544855032218
17.034483 -0.86206895 -12.99543090543163
17.034483 -1.0344827 -12.995346726676788
17.034483 -1.2068965 -12.995278887926723
17.034483 -1.3793104 -12.995216562343954
17.034483 -1.5517242 -12.995149802357648
17.034483 -1.7241379 -12.995067954336104
17.034483 -1.8965517 -12.994957961992185
17.034483 -2.0689654 -12.99480229106129
17.034483 -2.2413793 -12.994576148454948
17.034483 -2.4137931 -12.994243567971989
17.034483 -2.5862069 -12.993751762069486
17.034483 -2.7586207 -12.993022904872495
17.034483 -2.9310346 -12.99194216934453
17.034483 -3.1034484 -12.990340414292758
17.034483 -3.275862 -12.98796939988437
17.034483 -3.4482758 -12.98446695699932
17.034483 -3.6206896 -12.979309501774848
17.034483 -3.7931035 -12.971750227433239
17.034483 -3.9655173 -12.96074493497887
17.034483 -4.1379309 -12.944875437607042
17.034483 -4.3103447 -12.922295276099137
17.034483 -4.4827585 -12.890743210457932
17.034483 -4.6551723 -12.847685191080052
17.034483 -4.8275862 -12.79063222789993
17.034483 -5.0 -12.717610018501388

17.379311 0.0 -12.998759896930043
17.379311 -0.1724138 -12.997629941461847
17.379311 -0.34482759 -12.996867455682262
17.379311 -0.51724136 -12.996351954272132
17.379311 -0.68965518 -12.996001695266882
17.379311 -0.86206895 -12.995761008351652
17.379311 -1.0344827 -12.995591577225635
17.379311 -1.2068965 -12.995466399830182
17.379311 -1.3793104 -12.995365512309982
17.379311 -1.5517242 -12.995272817974483
17.379311 -1.7241379 -12.995173525711273
17.379311 -1.8965517 -12.995051795363276
17.379311 -2.0689654 -12.994888219079309
17.379311 -2.2413793 -12.994656741755033
17.379311 -2.4137931 -12.994320545522553
17.379311 -2.5862069 -12.99382626562135
17.379311 -2.7586207 -12.99309568136975
17.379311 -2.9310346 -12.99201369045588
17.379311 -3.1034484 -12.99041095232097
17.379311 -3.275862 -12.988039072540715
17.379311 -3.4482758 -12.984535748992833
17.379311 -3.6206896 -12.979377268332584
17.379311 -3.7931035 -12.971816683659338
17.379311 -3.9655173 -12.960809635827761
17.379311 -4.1379309 -12.944937756863588
17.379311 -4.3103447 -12.922354399566567
17.379311 -4.4827585 -12.890798166694237
17.379311 -4.6551723 -12.847734945240504
17.379311 -4.8275862 -12.790675848134025
17.379311 -5.0 -12.71764688271644

17.724138 0.0 -13.003066642065413
17.724138 -0.1724138 -13.000584819656636
17.724138 -0.34482759 -12.998908676871121
17.724138 -0.51724136 -12.997776732648504
17.724138 -0.68965518 -12.9970110368679
17.724138 -0.86206895 -12.996490591667643
17.724138 -1.0344827 -12.996132865532989
17.724138 -1.2068965 -12.995880995749713
17.724138 -1.3793104 -12.995694881312588
17.724138 -1.5517242 -12.995544858482669
17.724138 -1.7241379 -12.995407000691861
17.724138 -1.8965517 -12.995259318003868
17.724138 -2.0689654 -12.995078262285425
17.724138 -2.2413793 -12.994834988978406
17.724138 -2.4137931 -12.994490797473476
17.724138 -2.5862069 -12.99399104684567
17.724138 -2.7586207 -12.993256643471915
17.724138 -2.9310346 -12.992171876351582
17.724138 -3.1034484 -12.990566964060742
17.724138 -3.275862 -12.988193170296821
17.724138 -3.4482758 -12.984687898779788
17.724138 -3.6206896 -12.97952714977099
17.724138 -3.7931035 -12.971963666424635
17.724138 -3.9655173 -12.960952735348252
17.724138 -4.1379309 -12.945075587838115
17.724138 -4.3103447 -12.922485160934004
17.724138 -4.4827585 -12.890919709688747
17.724138 -4.6551723 -12.8478449810531
17.724138 -4.8275862 -12.790772316035763
17.724138 -5.0 -12.717728407378603

18.068966 0.0 -13.01248142120304
18.068966 -0.1724138 -13.007068459854045
18.068966 -0.34482759 -13.003398851208019
18.068966 -0.51724136 -13.000916217753096
18.068966 -0.68965518 -12.999237659413684
18.068966 -0.86206895 -12.998101304794575
18.068966 -1.0344827 -12.99732849695763
18.068966 -1.2068965 -12.996797100878593
18.068966 -1.3793104 -12.996422837064662
18.068966 -1.5517242 -12.99614620443173
18.068966 -1.7241379 -12.995923152240007
18.068966 -1.8965517 -12.995718128470715
18.068966 -2.0689654 -12.995498447666767
18.068966 -2.2413793 -12.995229106052555
18.068966 -2.4137931 -12.99486724444413
18.068966 -2.5862069 -12.994355402479624
18.068966 -2.7586207 -12.993612557612924
18.068966 -2.9310346 -12.99252165364751
18.068966 -3.1034484 -12.990911934718236
18.068966 -3.275862 -12.98853390875173
18.068966 -3.4482758 -12.985024329072749
18.068966 -3.6206896 -12.979858562607008
18.068966 -3.7931035 -12.97228866701718
18.068966 -3.9655173 -12.961269145420871
18.068966 -4.1379309 -12.945380342883228
18.068966 -4.3103447 -12.922774277154025
18.068966 -4.4827585 -12.89118843484251
18.068966 -4.6551723 -12.848088254154002
18.068966 -4.8275862 -12.790985581811537
18.068966 -5.0 -12.717908627553175

18.413794 0.0 -13.032774373382622
18.413794 -0.1724138 -13.021156780762007
18.413794 -0.34482759 -13.01320930810688
18.413794 -0.51724136 -13.007801175910433
18.413794 -0.68965518 -13.00413299279721
18.413794 -0.86206895 -13.001648549484935
18.413794 -1.0344827 -12.999964628630392
18.413794 -1.2068965 -12.998818488567665
18.413794 -1.3793104 -12.998029905571826
18.413794 -1.5517242 -12.997474226226132
18.413794 -1.7241379 -12.997063296560762
18.413794 -1.8965517 -12.996731769740267
18.413794 -2.0689654 -12.99642685331896
18.413794 -2.2413793 -12.996099974937632
18.413794 -2.4137931 -12.995699107304198
18.413794 -2.5862069 -12.995160571020545
18.413794 -2.7586207 -12.994399087169928
18.413794 -2.9310346 -12.993294630326057
18.413794 -3.1034484 -12.991674293101855
18.413794 -3.275862 -12.989286914131704
18.413794 -3.4482758 -12.985767809620466
18.413794 -3.6206896 -12.980590946548134
18.413794 -3.7931035 -12.973006866981843
18.413794 -3.9655173 -12.961968341686989
18.413794 -4.1379309 -12.946053756521763
18.413794 -4.3103447 -12.923413097834723
18.413794 -4.4827585 -12.891782155971919
18.413794 -4.6551723 -12.848625691314899
18.413794 -4.8275862 -12.791456674957429
18.413794 -5.0 -12.718306676162511

18.758621 0.0 -13.075227272885886
18.758621 -0.1724138 -13.05113352360107
18.758621 -0.34482759 -13.034330479596681
18.758621 -0.51724136 -13.022743827830398
18.758621 -0.68965518 -13.014815896096334
18.758621 -0.86206895 -13.009418381492933
18.758621 -1.0344827 -13.005753288984913
18.758621 -1.2068965 -13.00326476303594
18.758621 -1.3793104 -13.001568874416243
18.758621 -1.5517242 -13.000400946661834
18.758621 -1.7241379 -12.999577267874713
18.758621 -1.8965517 -12.998967583429856
18.758621 -2.0689654 -12.998475138018701
18.758621 -2.2413793 -12.998021619431245
18.758621 -2.4137931 -12.997534872123932
18.758621 -2.5862069 -12.996937547338536
18.758621 -2.7586207 -12.996135002902662
18.758621 -2.9310346 -12.995000677163697
18.758621 -3.1034484 -12.993356923362139
18.758621 -3.275862 -12.99094890016452
18.758621 -3.4482758 -12.98740875283591
18.758621 -3.6206896 -12.982207356901279
18.758621 -3.7931035 -12.974591905822079
18.758621 -3.9655173 -12.96351134243642
18.758621 -4.1379309 -12.947539724940091
18.758621 -4.3103447 -12.924822556905038
18.758621 -4.4827585 -12.89309189429229
18.758621 -4.6551723 -12.849811023336336
18.758621 -4.8275862 -12.792495429866301
18.758621 -5.0 -12.71918413256126

19.103449 0.0 -13.158968475975755
19.103449 -0.1724138 -13.112220559273675
19.103449 -0.34482759 -13.078409990565941
19.103449 -0.51724136 -13.054459152437616
19.103449 -0.68965518 -13.037756685169471
19.103449 -0.86206895 -13.026237811591942
19.103449 -1.0344827 -13.018352607587378
19.103449 -1.2068965 -13.012978159056665
19.103449 -1.3793104 -13.00931950136662
19.103449 -1.5517242 -13.006821513323565
19.103449 -1.7241379 -13.005098620367582
19.103449 -1.8965517 -13.003881778483192
19.103449 -2.0689654 -13.002979463469245
19.103449 -2.2413793 -13.002248904420506
19.103449 -2.4137931 -13.001574158572563
19.103449 -2.5862069 -13.000848065063638
19.103449 -2.7586207 -12.99995552328576
19.103449 -2.9310346 -12.998755668592437
19.103449 -3.1034484 -12.997060467788572
19.103449 -3.275862 -12.9946070009702
19.103449 -3.4482758 -12.99102043870782
19.103449 -3.6206896 -12.985764844354515
19.103449 -3.7931035 -12.97808002402847
19.103449 -3.9655173 -12.966906473867263
19.103449 -4.1379309 -12.95080871024059
19.103449 -4.3103447 -12.927922374212763
19.103449 -4.4827585 -12.895971348914589
19.103449 -4.6551723 -12.852415782897268
19.103449 -4.8275862 -12.794776857986871
19.103449 -5.0 -12.72111015623737

19.448277 0.0 -13.309699915906132
19.448277 -0.1724138 -13.227383433139229
19.448277 -0.34482759 -13.164974722847294
19.448277 -0.51724136 -13.118769674416825
19.448277 -0.68965518 -13.085381479080077
19.448277 -0.86206895 -13.061741075364385
19.448277 -1.0344827 -13.045257004533491
19.448277 -1.2068965 -13.03388505707821
19.448277 -1.3793104 -13.026092053965911
19.448277 -1.5517242 -13.020766696706035
19.448277 -1.7241379 -13.017120423773509
19.448277 -1.8965517 -13.014599437173425
19.448277 -2.0689654 -13.012814220813382
19.448277 -2.2413793 -13.01148569799279
19.448277 -2.4137931 -13.010404574776791
19.448277 -2.5862069 -13.009399775388513
19.448277 -2.7586207 -13.00831215885322
19.448277 -2.9310346 -13.006969968110294
19.448277 -3.1034484 -13.005162662770799
19.448277 -3.275862 -13.00260975027024
19.448277 -3.4482758 -12.998921164359963
19.448277 -3.6206896 -12.993546027591506
19.448277 -3.7931035 -12.985707903229756
19.448277 -3.9655173 -12.974328706830894
19.448277 -4.1379309 -12.9579520029316
19.448277 -4.3103447 -12.934691881050567
19.448277 -4.4827585 -12.90225457557837
19.448277 -4.6551723 -12.858093891921662
19.448277 -4.8275862 -12.799744249752449
19.448277 -5.0 -12.72529826331062

19.793104 0.0 -13.560988677105792
19.793104 -0.1724138 -13.425351646272796
19.793104 -0.34482759 -13.319936332595972
19.793104 -0.51724136 -13.239065483558322
19.793104 -0.68965518 -13.178019475967242
19.793104 -0.86206895 -13.132965954535209
19.793104 -1.0344827 -13.100474578090166
19.793104 -1.2068965 -13.077493479410675
19.793104 -1.3793104 -13.061472724111555
19.793104 -1.5517242 -13.050411314836147
19.793104 -1.7241379 -13.042811151964841
19.793104 -1.8965517 -13.037584991782223
19.793104 -2.0689654 -13.0339570537998
19.793104 -2.2413793 -13.031375111252736
19.793104 -2.4137931 -13.029439407215289
19.793104 -2.5862069 -13.0278468434369
19.793104 -2.7586207 -13.026346491838504
19.793104 -2.9310346 -13.024701736467538
19.793104 -3.1034484 -13.022654437366127
19.793104 -3.275862 -13.019886625140167
19.793104 -3.4482758 -13.015975430896123
19.793104 -3.6206896 -13.010337535855285
19.793104 -3.7931035 -13.002161048696474
19.793104 -3.9655173 -12.99032729618172
19.793104 -4.1379309 -12.973334264959085
19.793104 -4.3103447 -12.949249673722685
19.793104 -4.4827585 -12.915742806256977
19.793104 -4.6551723 -12.87025629544965
19.793104 -4.8275862 -12.810356823861474
19.793104 -5.0 -12.734220643057236

20.137932 0.0 -13.931707663822463
20.137932 -0.1724138 -13.74283220387016
20.137932 -0.34482759 -13.577448164474204
20.137932 -0.51724136 -13.444603495334995
20.137932 -0.68965518 -13.34202518626657
20.137932 -0.86206895 -13.264078744170693
20.137932 -1.0344827 -13.205775822756918
20.137932 -1.2068965 -13.1630412932443
20.137932 -1.3793104 -13.132358492788827
20.137932 -1.5517242 -13.11070723755161
20.137932 -1.7241379 -13.095618255017197
20.137932 -1.8965517 -13.085175272381605
20.137932 -2.0689654 -13.077948725123587
20.137932 -2.2413793 -13.072897025573688
20.137932 -2.4137931 -13.069265939370629
20.137932 -2.5862069 -13.066500137354735
20.137932 -2.7586207 -13.064169947960629
20.137932 -2.9310346 -13.061910430562579
20.137932 -3.1034484 -13.059367752807306
20.137932 -3.275862 -13.05614720520953
20.137932 -3.4482758 -13.051757375522847
20.137932 -3.6206896 -13.045545940666996
20.137932 -3.7931035 -13.036624812190443
20.137932 -3.9655173 -13.02378803193306
20.137932 -4.1379309 -13.005436564499073
20.137932 -4.3103447 -12.979541919761626
20.137932 -4.4827585 -12.943701634688395
20.137932 -4.6551723 -12.895346876072038
20.137932 -4.8275862 -12.832128813413531
20.137932 -5.0 -12.752415166726319

20.482758 0.0 -14.334872840567824
20.482758 -0.1724138 -14.140431372591602
20.482758 -0.34482759 -13.952246448273248
20.482758 -0.51724136 -13.771260884694634
20.482758 -0.68965518 -13.612729443021822
20.482758 -0.86206895 -13.485633789124384
20.482758 -1.0344827 -13.388503856578486
20.482758 -1.2068965 -13.315924073800044
20.482758 -1.3793104 -13.262566712287617
20.482758 -1.5517242 -13.223995583227627
20.482758 -1.7241379 -13.196557742098147
20.482758 -1.8965517 -13.17728554819941
20.482758 -2.0689654 -13.163845524421578
20.482758 -2.2413793 -13.1544640523611
20.482758 -2.4137931 -13.147823604046009
20.482758 -2.5862069 -13.142949686466224
20.482758 -2.7586207 -13.139105100713364
20.482758 -2.9310346 -13.135697230855358
20.482758 -3.1034484 -13.132196827229023
20.482758 -3.275862 -13.128063041233439
20.482758 -3.4482758 -13.122668529342002
20.482758 -3.6206896 -13.115219510498358
20.482758 -3.7931035 -13.104669079561239
20.482758 -3.9655173 -13.089630007004601
20.482758 -4.1379309 -13.068307081014044
20.482758 -4.3103447 -13.038489341064832
20.482758 -4.4827585 -12.997661269960169
20.482758 -4.6551723 -12.943285410565096
20.482758 -4.8275862 -12.873249830817205
20.482758 -5.0 -12.786360400082247

20.827587 0.0 -14.768004037577564
20.827587 -0.1724138 -14.559014126315672
20.827587 -0.34482759 -14.355795412859788
20.827587 -0.51724136 -14.169612106313046
20.827587 -0.68965518 -13.994783735084633
20.827587 -0.86206895 -13.829867913850206
20.827587 -1.0344827 -13.68558999730034
20.827587 -1.2068965 -13.569853637244014
20.827587 -1.3793104 -13.482243734444678
20.827587 -1.5517242 -13.41806252380585
20.827587 -1.7241379 -13.371967786579397
20.827587 -1.8965517 -13.33931531855357
20.827587 -2.0689654 -13.316393261605553
20.827587 -2.2413793 -13.300343393299231
20.827587 -2.4137931 -13.289013878489754
20.827587 -2.5862069 -13.280799467845128
20.827587 -2.7586207 -13.274488409256506
20.827587 -2.9310346 -13.269124321453717
20.827587 -3.1034484 -13.26388392420423
20.827587 -3.275862 -13.25796615381952
20.827587 -3.4482758 -13.250486438675072
20.827587 -3.6206896 -13.24037180704667
20.827587 -3.7931035 -13.226258730735982
20.827587 -3.9655173 -13.20640851724679
20.827587 -4.1379309 -13.178674215497434
20.827587 -4.3103447 -13.140573635905223
20.827587 -4.4827585 -13.089526346644297
20.827587 -4.6551723 -13.023266532288217
20.827587 -4.8275862 -12.940340305339062
20.827587 -5.0 -12.840488453631567

21.172413 0.0 -15.217176192239174
21.172413 -0.1724138 -14.992185570302903
21.172413 -0.34482759 -14.788965695422728
21.172413 -0.51724136 -14.590576608961204
21.172413 -0.68965518 -14.39968699241054
21.172413 -0.86206895 -14.228711431720376
21.172413 -1.0344827 -14.076953590573659
21.172413 -1.2068965 -13.940920814050031
21.172413 -1.3793104 -13.823852723246072
21.172413 -1.5517242 -13.729697096478876
21.172413 -1.7241379 -13.658241104040963
21.172413 -1.8965517 -13.606089022742326
21.172413 -2.0689654 -13.568887749884873
21.172413 -2.2413793 -13.542606968651974
21.172413 -2.4137931 -13.523958284763443
21.172413 -2.5862069 -13.510394081960676
21.172413 -2.7586207 -13.499954829670296
21.172413 -2.9310346 -13.491080978790684
21.172413 -3.1034484 -13.482430428682456
21.172413 -3.275862 -13.472710826250282
21.172413 -3.4482758 -13.460526687930509
21.172413 -3.6206896 -13.444244878689691
21.172413 -3.7931035 -13.421895124532337
21.172413 -3.9655173 -13.391143523858982
21.172413 -4.1379309 -13.349395173602188
21.172413 -4.3103447 -13.294075044351702
21.172413 -4.4827585 -13.223074506378811
21.172413 -4.6551723 -13.135235223584187
21.172413 -4.8275862 -13.030656207668994
21.172413 -5.0 -12.9106581421788

21.517242 0.0 -15.702235282997979
21.517242 -0.1724138 -15.475194220849367
21.517242 -0.34482759 -15.240566467291375
21.517242 -0.51724136 -15.02340349302256
21.517242 -0.68965518 -14.832252571787683
21.517242 -0.86206895 -14.654004531770115
21.517242 -1.0344827 -14.486767503725623
21.517242 -1.2068965 -14.34057934189025
21.517242 -1.3793104 -14.219634866074664
21.517242 -1.5517242 -14.121456968273419
21.517242 -1.7241379 -14.042985059136614
21.517242 -1.8965517 -13.981917875907312
21.517242 -2.0689654 -13.935740440375843
21.517242 -2.2413793 -13.901465499872785
21.517242 -2.4137931 -13.876004693268047
21.517242 -2.5862069 -13.85651023197445
21.517242 -2.7586207 -13.84048460180885
21.517242 -2.9310346 -13.825713213418195
21.517242 -3.1034484 -13.810111602989053
21.517242 -3.275862 -13.791552458819163
21.517242 -3.4482758 -13.767720184928251
21.517242 -3.6206896 -13.7360429625581
21.517242 -3.7931035 -13.693761390296283
21.517242 -3.9655173 -13.638183450913838
21.517242 -4.1379309 -13.5671121700214
21.517242 -4.3103447 -13.479318792091048
21.517242 -4.4827585 -13.374846746628357
21.517242 -4.6551723 -13.25497575541551
21.517242 -4.8275862 -13.12186129658978
21.517242 -5.0 -12.97803341035352

21.862068 0.0 -16.19437603454509
21.862068 -0.1724138 -15.944727548161328
21.862068 -0.34482759 -15.721979048114099
21.862068 -0.51724136 -15.507385870211374
21.862068 -0.68965518 -15.289226893942853
21.862068 -0.86206895 -15.087688427509928
21.862068 -1.0344827 -14.916323424065087
21.862068 -1.2068965 -14.769387102264531
21.862068 -1.3793104 -14.640727158512686
21.862068 -1.5517242 -14.531570570220861
21.862068 -1.7241379 -14.443970762205337
21.862068 -1.8965517 -14.376694027324515
21.862068 -2.0689654 -14.3261532849612
21.862068 -2.2413793 -14.288113791540322
21.862068 -2.4137931 -14.258552495235532
21.862068 -2.5862069 -14.233874713261253
21.862068 -2.7586207 -14.210843419832134
21.862068 -2.9310346 -14.186408549433276
21.862068 -3.1034484 -14.157538433336669
21.862068 -3.275862 -14.121132847790363
21.862068 -3.4482758 -14.074091236755468
21.862068 -3.6206896 -14.01358065244315
21.862068 -3.7931035 -13.937463372885226
21.862068 -3.9655173 -13.844725976169277
21.862068 -4.1379309 -13.73568780391483
21.862068 -4.3103447 -13.611857764467382
21.862068 -4.4827585 -13.475507736374595
21.862068 -4.6551723 -13.32916548623303
21.862068 -4.8275862 -13.175214926934663
21.862068 -5.0 -13.015676361085482

22.206898 0.0 -16.700784028522456
22.206898 -0.1724138 -16.45938206444798
22.206898 -0.34482759 -16.21215586721561
22.206898 -0.51724136 -15.972752968735161
22.206898 -0.68965518 -15.761959057359066
22.206898 -0.86206895 -15.569695730315068
22.206898 -1.0344827 -15.382792421164101
22.206898 -1.2068965 -15.210801709894715
22.206898 -1.3793104 -15.066927071894346
22.206898 -1.5517242 -14.952867566272678
22.206898 -1.7241379 -14.863563044983266
22.206898 -1.8965517 -14.79347102681717
22.206898 -2.0689654 -14.737969096319205
22.206898 -2.2413793 -14.69280311919408
22.206898 -2.4137931 -14.653732311576528
22.206898 -2.5862069 -14.616513849350621
22.206898 -2.7586207 -14.576962402193319
22.206898 -2.9310346 -14.5310255869043
22.206898 -3.1034484 -14.474952841037101
22.206898 -3.275862 -14.405615872242766
22.206898 -3.4482758 -14.320922895052126
22.206898 -3.6206896 -14.220143960894623
22.206898 -3.7931035 -14.103947381951382
22.206898 -3.9655173 -13.97409605277233
22.206898 -4.1379309 -13.832942185426077
22.206898 -4.3103447 -13.682935232882382
22.206898 -4.4827585 -13.526286759263371
22.206898 -4.6551723 -13.364814430948616
22.206898 -4.8275862 -13.19991990433401
22.206898 -5.0 -13.032638102067223

22.551723 0.0 -17.198741482042934
22.551723 -0.1724138 -16.944866454867633
22.551723 -0.34482759 -16.69971047561176
22.551723 -0.51724136 -16.472162442352598
22.551723 -0.68965518 -16.24544998932179
22.551723 -0.86206895 -16.026687221856168
22.551723 -1.0344827 -15.835880989651649
22.551723 -1.2068965 -15.674290911440375
22.551723 -1.3793104 -15.53233529519012
22.551723 -1.5517242 -15.406786228719112
22.551723 -1.7241379 -15.299860489234636
22.551723 -1.8965517 -15.211775423839136
22.551723 -2.0689654 -15.138953310019277
22.551723 -2.2413793 -15.07570063205374
22.551723 -2.4137931 -15.01580752797791
22.551723 -2.5862069 -14.95338946061535
22.551723 -2.7586207 -14.883351174585254
22.551723 -2.9310346 -14.801775808219091
22.551723 -3.1034484 -14.706268314745975
22.551723 -3.275862 -14.596103377485175
22.551723 -3.4482758 -14.472046127074252
22.551723 -3.6206896 -14.335886248116811
22.551723 -3.7931035 -14.189874182813652
22.551723 -3.9655173 -14.036256868315693
22.551723 -4.1379309 -13.877000149588463
22.551723 -4.3103447 -13.713683006161206
22.551723 -4.4827585 -13.547503895840169
22.551723 -4.6551723 -13.379337261480547
22.551723 -4.8275862 -13.209804451132428
22.551723 -5.0 -13.039339435829154

22.896551 0.0 -17.58386021320843
22.896551 -0.1724138 -17.36548891787393
22.896551 -0.34482759 -17.14763036893575
22.896551 -0.51724136 -16.916071375316342
22.896551 -0.68965518 -16.691048434132775
22.896551 -0.86206895 -16.48627298416333
22.896551 -1.0344827 -16.292967502872624
22.896551 -1.2068965 -16.10988868392434
22.896551 -1.3793104 -15.947696383714177
22.896551 -1.5517242 -15.811614101001231
22.896551 -1.7241379 -15.697812094920513
22.896551 -1.8965517 -15.599013273073307
22.896551 -2.0689654 -15.508024347736328
22.896551 -2.2413793 -15.418414308072446
22.896551 -2.4137931 -15.324648480948449
22.896551 -2.5862069 -15.22248876194318
22.896551 -2.7586207 -15.109400062538164
22.896551 -2.9310346 -14.98462285386934
22.896551 -3.1034484 -14.848841090662775
22.896551 -3.275862 -14.703616161561678
22.896551 -3.4482758 -14.550829635269348
22.896551 -3.6206896 -14.392291401857266
22.896551 -3.7931035 -14.22953831436983
22.896551 -3.9655173 -14.063778056138652
22.896551 -4.1379309 -13.895912085047568
22.896551 -4.3103447 -13.726590229826048
22.896551 -4.4827585 -13.556271077090859
22.896551 -4.6551723 -13.385272819128998
22.896551 -4.8275862 -13.21381393571446
22.896551 -5.0 -13.042043725154656

23.241379 0.0 -17.857175781919715
23.241379 -0.1724138 -17.652115595722194
23.241379 -0.34482759 -17.442629264927415
23.241379 -0.51724136 -17.242438218809166
23.241379 -0.68965518 -17.04718842022972
23.241379 -0.86206895 -16.84703313479788
23.241379 -1.0344827 -16.651299937887284
23.241379 -1.2068965 -16.4725714815762
23.241379 -1.3793104 -16.31094778189361
23.241379 -1.5517242 -16.161835281863045
23.241379 -1.7241379 -16.0227464455074
23.241379 -1.8965517 -15.89140816178888
23.241379 -2.0689654 -15.763919581749121
23.241379 -2.2413793 -15.63569829479829
23.241379 -2.4137931 -15.503031299076222
23.241379 -2.5862069 -15.363846157661149
23.241379 -2.7586207 -15.217645408323607
23.241379 -2.9310346 -15.065003780647684
23.241379 -3.1034484 -14.907010620000962
23.241379 -3.275862 -14.744859011131792
23.241379 -3.4482758 -14.579620571579268
23.241379 -3.6206896 -14.412162307106192
23.241379 -3.7931035 -14.243141673050056
23.241379 -3.9655173 -14.073037755009768
23.241379 -4.1379309 -13.902190251341958
23.241379 -4.3103447 -13.730835374579394
23.241379 -4.4827585 -13.559136249634843
23.241379 -4.6551723 -13.387204188388306
23.241379 -4.8275862 -13.215114739872469
23.241379 -5.0 -13.042919334288642

23.586206 0.0 -17.977689331582727
23.586206 -0.1724138 -17.792938900741582
23.586206 -0.34482759 -17.60903167468346
23.586206 -0.51724136 -17.421907058323804
23.586206 -0.68965518 -17.232757891392957
23.586206 -0.86206895 -17.049107227852552
23.586206 -1.0344827 -16.872202245158228
23.586206 -1.2068965 -16.698094924717818
23.586206 -1.3793104 -16.52721592266702
23.586206 -1.5517242 -16.3628029691364
23.586206 -1.7241379 -16.205192571137022
23.586206 -1.8965517 -16.051683603337363
23.586206 -2.0689654 -15.898973179824551
23.586206 -2.2413793 -15.744624708612907
23.586206 -2.4137931 -15.58737297497725
23.586206 -2.5862069 -15.426896957376451
23.586206 -2.7586207 -15.26345411029051
23.586206 -2.9310346 -15.097558106564918
23.586206 -3.1034484 -14.929767503662998
23.586206 -3.275862 -14.760578342614167
23.586206 -3.4482758 -14.590387284689404
23.586206 -3.6206896 -14.4194934535087
23.586206 -3.7931035 -14.248113265536118
23.586206 -3.9655173 -14.076399866424747
23.586206 -4.1379309 -13.904459634266722
23.586206 -4.3103447 -13.73236521754471
23.586206 -4.4827585 -13.560166659087303
23.586206 -4.6551723 -13.387897804298358
23.586206 -4.8275862 -13.215581460642976
23.586206 -5.0 -13.043233298491408

23.931034 0.0 -18.021689914789015
23.931034 -0.1724138 -17.84628980452511
23.931034 -0.34482759 -17.669307884588257
23.931034 -0.51724136 -17.4918576269134
23.931034 -0.68965518 -17.315391886516846
23.931034 -0.86206895 -17.138829478224118
23.931034 -1.0344827 -16.962196545876626
23.931034 -1.2068965 -16.787957107452744
23.931034 -1.3793104 -16.61742122073939
23.931034 -1.5517242 -16.44965657428363
23.931034 -1.7241379 -16.283284177262694
23.931034 -1.8965517 -16.11738414398539
23.931034 -2.0689654 -15.951303162570621
23.931034 -2.2413793 -15.784537469778538
23.931034 -2.4137931 -15.616801327785742
23.931034 -2.5862069 -15.448038325400477
23.931034 -2.7586207 -15.278349498599933
23.931034 -2.9310346 -15.107904927154921
23.931034 -3.1034484 -14.936882321529831
23.931034 -3.275862 -14.765436103103783
23.931034 -3.4482758 -14.59368772807795
23.931034 -3.6206896 -14.421728275964645
23.931034 -3.7931035 -14.24962304899994
23.931034 -3.9655173 -14.077418242978991
23.931034 -4.1379309 -13.90514582296174
23.931034 -4.3103447 -13.73282724603506
23.931034 -4.4827585 -13.560477605162802
23.931034 -4.6551723 -13.388107003823682
23.931034 -4.8275862 -13.215722175995133
23.931034 -5.0 -13.043327934981255

24.275862 0.0 -18.036591736532372
24.275862 -0.1724138 -17.86270201974157
24.275862 -0.34482759 -17.68908806856654
24.275862 -0.51724136 -17.515638191635254
24.275862 -0.68965518 -17.3417717703661
24.275862 -0.86206895 -17.167852937682056
24.275862 -1.0344827 -16.994627499139273
24.275862 -1.2068965 -16.82207323853876
24.275862 -1.3793104 -16.649975734645277
24.275862 -1.5517242 -16.47848218278896
24.275862 -1.7241379 -16.30766983992966
24.275862 -1.8965517 -16.137288872325335
24.275862 -2.0689654 -15.96696680263456
24.275862 -2.2413793 -15.796426766241042
24.275862 -2.4137931 -15.625544066881412
24.275862 -2.5862069 -15.454305952143756
24.275862 -2.7586207 -15.28275749779463
24.275862 -2.9310346 -15.110962338080872
24.275862 -3.1034484 -14.93898227643219
24.275862 -3.275862 -14.766868652199895
24.275862 -3.4482758 -14.594660423963026
24.275862 -3.6206896 -14.422386628538415
24.275862 -3.7931035 -14.250067679067092
24.275862 -3.9655173 -14.077718091799762
24.275862 -4.1379309 -13.905347834411439
24.275862 -4.3103447 -13.732963252457207
24.275862 -4.4827585 -13.560569131793498
24.275862 -4.6551723 -13.388168578764663
24.275862 -4.8275862 -13.215763592354616
24.275862 -5.0 -13.043355788520893

24.620689 0.0 -18.041323613895038
24.620689 -0.1724138 -17.868520722483684
24.620689 -0.34482759 -17.695637288363518
24.620689 -0.51724136 -17.522668193546195
24.620689 -0.68965518 -17.349843521779743
24.620689 -0.86206895 -17.177204162139788
24.620689 -1.0344827 -17.004581860162144
24.620689 -1.2068965 -16.832015762167394
24.620689 -1.3793104 -16.65969886885434
24.620689 -1.5517242 -16.487675619589723
24.620689 -1.7241379 -16.315838181984518
24.620689 -1.8965517 -16.144062738690824
24.620689 -2.0689654 -15.972262546425855
24.620689 -2.2413793 -15.800385420067217
24.620689 -2.4137931 -15.628408874879627
24.620689 -2.5862069 -15.456332218808058
24.620689 -2.7586207 -15.284167935354336
24.620689 -2.9310346 -15.111933311652809
24.620689 -3.1034484 -14.93964565621648
24.620689 -3.275862 -14.767319536425227
24.620689 -3.4482758 -14.594965801336215
24.620689 -3.6206896 -14.422592962929603
24.620689 -3.7931035 -14.250206868218921
24.620689 -3.9655173 -14.077811883914462
24.620689 -4.1379309 -13.905410989555046
24.620689 -4.3103447 -13.733005757090483
24.620689 -4.4827585 -13.56059772871874
24.620689 -4.6551723 -13.388187814340617
24.620689 -4.8275862 -13.215776529115674
24.620689 -5.0 -13.043364488176056

24.965517 0.0 -18.04281487501299
24.965517 -0.1724138 -17.870251771525098
24.965517 -0.34482759 -17.697666371974474
24.965517 -0.51724136 -17.525108703691167
24.965517 -0.68965518 -17.35254733548717
24.965517 -0.86206895 -17.17997520980566
24.965517 -1.0344827 -17.00746880731873
24.965517 -1.2068965 -16.835069797172373
24.965517 -1.3793104 -16.662743874243123
24.965517 -1.5517242 -16.490458027627614
24.965517 -1.7241379 -16.318204749151242
24.965517 -1.8965517 -16.14597330539484
24.965517 -2.0689654 -15.973742819168631
24.965517 -2.2413793 -15.80149334337575
24.965517 -2.4137931 -15.629214786508973
24.965517 -2.5862069 -15.45690545384521
24.965517 -2.7586207 -15.284568876630022
24.965517 -2.9310346 -15.112210353260329
24.965517 -3.1034484 -14.939835447099394
24.965517 -3.275862 -14.76744878034901
24.965517 -3.4482758 -14.595053452971484
24.965517 -3.6206896 -14.422652240699763
24.965517 -3.7931035 -14.250246880782367
24.965517 -3.9655173 -14.07783885764755
24.965517 -4.1379309 -13.905429157581743
24.965517 -4.3103447 -13.733017986886901
24.965517 -4.4827585 -13.560605957942562
24.965517 -4.6551723 -13.38819335017184
24.965517 -4.8275862 -13.215780252422778
24.965517 -5.0 -13.043366992108485

25.310345 0.0 -18.043204384676717
25.310345 -0.1724138 -17.87075460884818
25.310345 -0.34482759 -17.698304409819745
25.310345 -0.51724136 -17.525836500791307
25.310345 -0.68965518 -17.353362636489546
25.310345 -0.86206895 -17.180907065988688
25.310345 -1.0344827 -17.008467789331036
25.310345 -1.2068965 -16.836038586474764
25.310345 -1.3793104 -16.663630593900447
25.310345 -1.5517242 -16.491252360215746
25.310345 -1.7241379 -16.31889639890174
25.310345 -1.8965517 -16.14654827298041
25.310345 -2.0689654 -15.97419702371212
25.310345 -2.2413793 -15.8018365223696
25.310345 -2.4137931 -15.629465268945083
25.310345 -2.5862069 -15.457083715856065
25.310345 -2.7586207 -15.28469349185983
25.310345 -2.9310346 -15.112296390048355
25.310345 -3.1034484 -14.939894343318226
25.310345 -3.275862 -14.76748886333253
25.310345 -3.4482758 -14.59508062451298
25.310345 -3.6206896 -14.42267061055437
25.310345 -3.7931035 -14.25025927764584
25.310345 -3.9655173 -14.0778472134565
25.310345 -4.1379309 -13.90543478499307
25.310345 -4.3103447 -13.73302177469929
25.310345 -4.4827585 -13.560608506571706
25.310345 -4.6551723 -13.388195064587421
25.310345 -4.8275862 -13.215781405483918
25.310345 -5.0 -13.043367767532924

25.655172 0.0 -18.04332587761193
25.655172 -0.1724138 -17.87090052150859
25.655172 -0.34482759 -17.698470878276613
25.655172 -0.51724136 -17.526043314786943
25.655172 -0.68965518 -17.353618125577547
25.655172 -0.86206895 -17.181189963679625
25.655172 -1.0344827 -17.00876162851208
25.655172 -1.2068965 -16.836341434558726
25.655172 -1.3793104 -16.66393149540349
25.655172 -1.5517242 -16.49152884268797
25.655172 -1.7241379 -16.319130579833168
25.655172 -1.8965517 -16.146734412179633
25.655172 -2.0689654 -15.974338394357746
25.655172 -2.2413793 -15.801940401045348
25.655172 -2.4137931 -15.629539738075799
25.655172 -2.5862069 -15.457136124052914
25.655172 -2.7586207 -15.284729875444738
25.655172 -2.9310346 -15.112321401721116
25.655172 -3.1034484 -14.93991141825487
25.655172 -3.275862 -14.76750046365404
25.655172 -3.4482758 -14.595088479208552
25.655172 -3.6206896 -14.422675916906753
25.655172 -3.7931035 -14.250262856859116
25.655172 -3.9655173 -14.077849625147536
25.655172 -4.1379309 -13.905436408846153
25.655172 -4.3103447 -13.733022867555315
25.655172 -4.4827585 -13.560609241827656
25.655172 -4.6551723 -13.388195559147944
25.655172 -4.8275862 -13.21578173809484
25.655172 -5.0 -13.043367991204493

26.0 0.0 -18.04335555393252
26.0 -0.1724138 -17.87093901923563
26.0 -0.34482759 -17.698522473429364
26.0 -0.51724136 -17.52610458498878
26.0 -0.68965518 -17.353685275051664
26.0 -0.86206895 -17.181267136184164
26.0 -1.0344827 -17.008851244607538
26.0 -1.2068965 -16.8364363655642
26.0 -1.3793104 -16.664022242690198
26.0 -1.5517242 -16.491610122927465
26.0 -1.7241379 -16.31920028480891
26.0 -1.8965517 -16.14679167044176
26.0 -2.0689654 -15.974383370108352
26.0 -2.2413793 -15.801974322397008
26.0 -2.4137931 -15.629564494653078
26.0 -2.5862069 -15.457153750572804
26.0 -2.7586207 -15.284742203755235
26.0 -2.9310346 -15.112329917150724
26.0 -3.1034484 -14.939917249395867
26.0 -3.275862 -14.767504433096557
26.0 -3.4482758 -14.595091170471143
26.0 -3.6206896 -14.422677736596542
26.0 -3.7931035 -14.25026408496977
26.0 -3.9655173 -14.077850452970182
26.0 -4.1379309 -13.905436966382405
26.0 -4.3103447 -13.733023242842277
26.0 -4.4827585 -13.56060949434359
26.0 -4.6551723 -13.388195729012608
26.0 -4.8275862 -13.215781852341236
26.0 -5.0 -13.043368068034669
