# KROME file, XRAY He rate
# Distance = 1 kpc
# Xray rate including primary He ionization in 1/s
# first line indicates the size of the table (30x30)
# then first column is the parameter log10(nH), where nH is the H column density in cm-2
# second column is log10(xHe), where xHe = nHe/nH both in cm-2
# third column is log10(rate), where rate is in units of 1/s
30, 30
16.0 0.0 -10.493700327489005
16.0 -0.1724138 -10.468300617640319
16.0 -0.34482759 -10.445547037356127
16.0 -0.51724136 -10.424968059040088
16.0 -0.68965518 -10.406485908565921
16.0 -0.86206895 -10.390305828871604
16.0 -1.0344827 -10.376680760517909
16.0 -1.2068965 -10.365700707693266
16.0 -1.3793104 -10.357216809991872
16.0 -1.5517242 -10.350893746408726
16.0 -1.7241379 -10.346313648985005
16.0 -1.8965517 -10.343065268555831
16.0 -2.0689654 -10.340794094739957
16.0 -2.2413793 -10.339218485133616
16.0 -2.4137931 -10.338125750140877
16.0 -2.5862069 -10.337359723890398
16.0 -2.7586207 -10.33680660730389
16.0 -2.9310346 -10.336382011161609
16.0 -3.1034484 -10.33601995605835
16.0 -3.275862 -10.335663502534477
16.0 -3.4482758 -10.33525622634461
16.0 -3.6206896 -10.334733536629258
16.0 -3.7931035 -10.334012652928115
16.0 -3.9655173 -10.332979840161329
16.0 -4.1379309 -10.331473148731348
16.0 -4.3103447 -10.329258477683693
16.0 -4.4827585 -10.325996371717414
16.0 -4.6551723 -10.321196758321786
16.0 -4.8275862 -10.314159644174614
16.0 -5.0 -10.303902701522105

16.344828 0.0 -10.569832549890773
16.344828 -0.1724138 -10.535844523422147
16.344828 -0.34482759 -10.504973113956298
16.344828 -0.51724136 -10.476688691927597
16.344828 -0.68965518 -10.450982579330999
16.344828 -0.86206895 -10.428238144182616
16.344828 -1.0344827 -10.408909841458168
16.344828 -1.2068965 -10.393216742933374
16.344828 -1.3793104 -10.381020050288873
16.344828 -1.5517242 -10.371890051771569
16.344828 -1.7241379 -10.365256405724606
16.344828 -1.8965517 -10.36054250269906
16.344828 -2.0689654 -10.357244161678462
16.344828 -2.2413793 -10.354957680507974
16.344828 -2.4137931 -10.353377118547934
16.344828 -2.5862069 -10.352277992324147
16.344828 -2.7586207 -10.351497777601056
16.344828 -2.9310346 -10.350917882405525
16.344828 -3.1034484 -10.350448474836918
16.344828 -3.275862 -10.350015907566588
16.344828 -3.4482758 -10.34955180636944
16.344828 -3.6206896 -10.348982613973565
16.344828 -3.7931035 -10.348218205542016
16.344828 -3.9655173 -10.34713800456226
16.344828 -4.1379309 -10.345572701183965
16.344828 -4.3103447 -10.343279272614966
16.344828 -4.4827585 -10.339906631484059
16.344828 -4.6551723 -10.334949084103057
16.344828 -4.8275862 -10.327685728303797
16.344828 -5.0 -10.317107097029742

16.689655 0.0 -10.669031021558247
16.689655 -0.1724138 -10.625120508355206
16.689655 -0.34482759 -10.58464764993898
16.689655 -0.51724136 -10.546999375221247
16.689655 -0.68965518 -10.512265650141742
16.689655 -0.86206895 -10.481096199693415
16.689655 -1.0344827 -10.454272289982724
16.689655 -1.2068965 -10.432260934671305
16.689655 -1.3793104 -10.415008279741164
16.689655 -1.5517242 -10.402010324415903
16.689655 -1.7241379 -10.392522282978266
16.689655 -1.8965517 -10.385758722047816
16.689655 -2.0689654 -10.381017572185172
16.689655 -2.2413793 -10.377729556128807
16.689655 -2.4137931 -10.37546025198509
16.689655 -2.5862069 -10.373890111468269
16.689655 -2.7586207 -10.372788364700321
16.689655 -2.9310346 -10.371988297134996
16.689655 -3.1034484 -10.371366399069197
16.689655 -3.275862 -10.370825353215498
16.689655 -3.4482758 -10.370279782878981
16.689655 -3.6206896 -10.36964329017112
16.689655 -3.7931035 -10.368815131140721
16.689655 -3.9655173 -10.36766472011726
16.689655 -4.1379309 -10.366011860669564
16.689655 -4.3103447 -10.36360023541174
16.689655 -4.4827585 -10.3600613636375
16.689655 -4.6551723 -10.354866186492867
16.689655 -4.8275862 -10.347262597855092
16.689655 -5.0 -10.3362008247857

17.034483 0.0 -10.794362717402462
17.034483 -0.1724138 -10.739160243197391
17.034483 -0.34482759 -10.687783644595637
17.034483 -0.51724136 -10.639374054314342
17.034483 -0.68965518 -10.594031872973204
17.034483 -0.86206895 -10.552682459784885
17.034483 -1.0344827 -10.516537014024598
17.034483 -1.2068965 -10.486459373023221
17.034483 -1.3793104 -10.46260951279253
17.034483 -1.5517242 -10.444477977505018
17.034483 -1.7241379 -10.43115339227404
17.034483 -1.8965517 -10.421609746528356
17.034483 -2.0689654 -10.414899022733433
17.034483 -2.2413793 -10.41023767125879
17.034483 -2.4137931 -10.407020960497258
17.034483 -2.5862069 -10.404801410284769
17.034483 -2.7586207 -10.403255496676532
17.034483 -2.9310346 -10.40215065055955
17.034483 -3.1034484 -10.401317028391974
17.034483 -3.275862 -10.400624578214007
17.034483 -3.4482758 -10.399964252216215
17.034483 -3.6206896 -10.399231595327878
17.034483 -3.7931035 -10.398310711326095
17.034483 -3.9655173 -10.397056481609136
17.034483 -4.1379309 -10.395272653035281
17.034483 -4.3103447 -10.39268309662145
17.034483 -4.4827585 -10.388893292793435
17.034483 -4.6551723 -10.383339201100462
17.034483 -4.8275862 -10.375222166180832
17.034483 -5.0 -10.363432737434591

17.379311 0.0 -10.950489993664025
17.379311 -0.1724138 -10.881702269332656
17.379311 -0.34482759 -10.817532096831531
17.379311 -0.51724136 -10.756770377110062
17.379311 -0.68965518 -10.699352326865778
17.379311 -0.86206895 -10.64632098704978
17.379311 -1.0344827 -10.5992578814229
17.379311 -1.2068965 -10.559485021236274
17.379311 -1.3793104 -10.527501524066205
17.379311 -1.5517242 -10.502902057123913
17.379311 -1.7241379 -10.484660893185808
17.379311 -1.8965517 -10.471509311763429
17.379311 -2.0689654 -10.462219235617
17.379311 -2.2413793 -10.455747792828685
17.379311 -2.4137931 -10.451276673022454
17.379311 -2.5862069 -10.448194356854005
17.379311 -2.7586207 -10.446056644951883
17.379311 -2.9310346 -10.444544417789617
17.379311 -3.1034484 -10.443426448416723
17.379311 -3.275862 -10.442528971150601
17.379311 -3.4482758 -10.441710997552576
17.379311 -3.6206896 -10.44084332439726
17.379311 -3.7931035 -10.43978882509983
17.379311 -3.9655173 -10.43838149475961
17.379311 -4.1379309 -10.436401493966514
17.379311 -4.3103447 -10.433543189214694
17.379311 -4.4827585 -10.429373062834541
17.379311 -4.6551723 -10.423274717217158
17.379311 -4.8275862 -10.41438023800546
17.379311 -5.0 -10.401492419809168

17.724138 0.0 -11.143241284412774
17.724138 -0.1724138 -11.058705529892602
17.724138 -0.34482759 -10.979007522477007
17.724138 -0.51724136 -10.903224482358961
17.724138 -0.68965518 -10.831451717385342
17.724138 -0.86206895 -10.764890081569032
17.724138 -1.0344827 -10.705346533973437
17.724138 -1.2068965 -10.654449619170327
17.724138 -1.3793104 -10.612993015728376
17.724138 -1.5517242 -10.580717528578443
17.724138 -1.7241379 -10.556537423869578
17.724138 -1.8965517 -10.538964031749503
17.724138 -2.0689654 -10.52647763655295
17.724138 -2.2413793 -10.517744863859246
17.724138 -2.4137931 -10.511697293011462
17.724138 -2.5862069 -10.507525753583092
17.724138 -2.7586207 -10.504637843465158
17.724138 -2.9310346 -10.502606690643628
17.724138 -3.1034484 -10.50112378587591
17.724138 -3.275862 -10.49995967336831
17.724138 -3.4482758 -10.498932015413121
17.724138 -3.6206896 -10.497878791935838
17.724138 -3.7931035 -10.496633784436613
17.724138 -3.9655173 -10.495001327295835
17.724138 -4.1379309 -10.492727105587585
17.724138 -4.3103447 -10.489461622906443
17.724138 -4.4827585 -10.484713037446358
17.724138 -4.6551723 -10.477786843127857
17.724138 -4.8275862 -10.467712822031489
17.724138 -5.0 -10.45316654755426

18.068966 0.0 -11.369204722285454
18.068966 -0.1724138 -11.272431790052893
18.068966 -0.34482759 -11.177570008205388
18.068966 -0.51724136 -11.084889276008719
18.068966 -0.68965518 -10.995775227211881
18.068966 -0.86206895 -10.912622842522723
18.068966 -1.0344827 -10.838068483063747
18.068966 -1.2068965 -10.774144584273216
18.068966 -1.3793104 -10.721776866160438
18.068966 -1.5517242 -10.680691122274288
18.068966 -1.7241379 -10.649661705512017
18.068966 -1.8965517 -10.626948170935695
18.068966 -2.0689654 -10.610716539706598
18.068966 -2.2413793 -10.599316018551873
18.068966 -2.4137931 -10.59139834198291
18.068966 -2.5862069 -10.58592851377761
18.068966 -2.7586207 -10.582141977484902
18.068966 -2.9310346 -10.579484994598486
18.068966 -3.1034484 -10.577556887237812
18.068966 -3.275862 -10.57606072955507
18.068966 -3.4482758 -10.57476290747176
18.068966 -3.6206896 -10.573459249521493
18.068966 -3.7931035 -10.571944419644531
18.068966 -3.9655173 -10.569980990425101
18.068966 -4.1379309 -10.567264421397061
18.068966 -4.3103447 -10.563380154437851
18.068966 -4.4827585 -10.557749466819372
18.068966 -4.6551723 -10.549562259420584
18.068966 -4.8275862 -10.537699447952749
18.068966 -5.0 -10.520657020805785

18.413794 0.0 -11.60775028070974
18.413794 -0.1724138 -11.508528851375582
18.413794 -0.34482759 -11.40690111767768
18.413794 -0.51724136 -11.30244361606749
18.413794 -0.68965518 -11.197277420181535
18.413794 -0.86206895 -11.095816834630877
18.413794 -1.0344827 -11.003140291397282
18.413794 -1.2068965 -10.923088286062677
18.413794 -1.3793104 -10.857363612256195
18.413794 -1.5517242 -10.80572348200965
18.413794 -1.7241379 -10.76663342628051
18.413794 -1.8965517 -10.73793501910259
18.413794 -2.0689654 -10.717365163464008
18.413794 -2.2413793 -10.702880195236324
18.413794 -2.4137931 -10.692800077801158
18.413794 -2.5862069 -10.685826534653492
18.413794 -2.7586207 -10.680995233499207
18.413794 -2.9310346 -10.677604939254438
18.413794 -3.1034484 -10.67514700148763
18.413794 -3.275862 -10.673244199600681
18.413794 -3.4482758 -10.671600133603324
18.413794 -3.6206896 -10.669956692046432
18.413794 -3.7931035 -10.668055699067828
18.413794 -3.9655173 -10.66560046698261
18.413794 -4.1379309 -10.662212838566187
18.413794 -4.3103447 -10.657381572630149
18.413794 -4.4827585 -10.650399035797458
18.413794 -4.6551723 -10.640286094214881
18.413794 -4.8275862 -10.625712201509998
18.413794 -5.0 -10.604930877965083

18.758621 0.0 -11.846851823481302
18.758621 -0.1724138 -11.746572404059846
18.758621 -0.34482759 -11.645050410083257
18.758621 -0.51724136 -11.539045760312339
18.758621 -0.68965518 -11.427738526063036
18.758621 -0.86206895 -11.314308096827485
18.758621 -1.0344827 -11.20532081198488
18.758621 -1.2068965 -11.107739643666736
18.758621 -1.3793104 -11.026000590337334
18.758621 -1.5517242 -10.961202960038579
18.758621 -1.7241379 -10.911995004384396
18.758621 -1.8965517 -10.875830547084204
18.758621 -2.0689654 -10.849897406021466
18.758621 -2.2413793 -10.831628656478571
18.758621 -2.4137931 -10.818909777950804
18.758621 -2.5862069 -10.81010561331967
18.758621 -2.7586207 -10.804000610175187
18.758621 -2.9310346 -10.799709765442246
18.758621 -3.1034484 -10.79658990435761
18.758621 -3.275862 -10.794162566502601
18.758621 -3.4482758 -10.792049983552205
18.758621 -3.6206896 -10.789921076133497
18.758621 -3.7931035 -10.787442635408508
18.758621 -3.9655173 -10.784230488310403
18.758621 -4.1379309 -10.779795527642491
18.758621 -4.3103447 -10.773480398836933
18.758621 -4.4827585 -10.764385139052807
18.758621 -4.6551723 -10.751285608684794
18.758621 -4.8275862 -10.732559953440237
18.758621 -5.0 -10.706156407234749

19.103449 0.0 -12.097222461041511
19.103449 -0.1724138 -11.991150134557673
19.103449 -0.34482759 -11.8846910785771
19.103449 -0.51724136 -11.776388592340856
19.103449 -0.68965518 -11.664857744875706
19.103449 -0.86206895 -11.55011511884692
19.103449 -1.0344827 -11.435313248416094
19.103449 -1.2068965 -11.326838946749385
19.103449 -1.3793104 -11.231477833411374
19.103449 -1.5517242 -11.153238308443997
19.103449 -1.7241379 -11.092555808902727
19.103449 -1.8965517 -11.04742559628443
19.103449 -2.0689654 -11.014853213103377
19.103449 -2.2413793 -10.991824361475507
19.103449 -2.4137931 -10.975754930206062
19.103449 -2.5862069 -10.964610180566572
19.103449 -2.7586207 -10.95686340277417
19.103449 -2.9310346 -10.951396238559624
19.103449 -3.1034484 -10.94739100658132
19.103449 -3.275862 -10.944234301012902
19.103449 -3.4482758 -10.941435601945676
19.103449 -3.6206896 -10.93855769834369
19.103449 -3.7931035 -10.935153133957536
19.103449 -3.9655173 -10.930700514056806
19.103449 -4.1379309 -10.924535151323248
19.103449 -4.3103447 -10.915770914438209
19.103449 -4.4827585 -10.90321559043351
19.103449 -4.6551723 -10.885292446268597
19.103449 -4.8275862 -10.859998275851527
19.103449 -5.0 -10.824949211710418

19.448277 0.0 -12.349500256200926
19.448277 -0.1724138 -12.245553454176722
19.448277 -0.34482759 -12.136530159884002
19.448277 -0.51724136 -12.022162061762263
19.448277 -0.68965518 -11.904347224907301
19.448277 -0.86206895 -11.786198922173233
19.448277 -1.0344827 -11.670741600753209
19.448277 -1.2068965 -11.561148073687118
19.448277 -1.3793104 -11.461627294929466
19.448277 -1.5517242 -11.376414189888388
19.448277 -1.7241379 -11.307731662591072
19.448277 -1.8965517 -11.25514573447445
19.448277 -2.0689654 -11.216417748229807
19.448277 -2.2413793 -11.188659045983023
19.448277 -2.4137931 -11.169101997604585
19.448277 -2.5862069 -11.155434014351474
19.448277 -2.7586207 -11.145857583115056
19.448277 -2.9310346 -11.139023779062946
19.448277 -3.1034484 -11.133925464384992
19.448277 -3.275862 -11.12978880826875
19.448277 -3.4482758 -11.125975370539742
19.448277 -3.6206896 -11.1218944545784
19.448277 -3.7931035 -11.116920481869915
19.448277 -3.9655173 -11.110309459313564
19.448277 -4.1379309 -11.101110543285929
19.448277 -4.3103447 -11.088074486111942
19.448277 -4.4827585 -11.069572163906956
19.448277 -4.6551723 -11.043554169492694
19.448277 -4.8275862 -11.007603811280449
19.448277 -5.0 -10.959143761879606

19.793104 0.0 -12.59009488143631
19.793104 -0.1724138 -12.48983448184536
19.793104 -0.34482759 -12.386617527930431
19.793104 -0.51724136 -12.27590561838437
19.793104 -0.68965518 -12.15635570234759
19.793104 -0.86206895 -12.03164545671396
19.793104 -1.0344827 -11.909031394824144
19.793104 -1.2068965 -11.795324593188212
19.793104 -1.3793104 -11.694583349206876
19.793104 -1.5517242 -11.60878407651417
19.793104 -1.7241379 -11.538716383698969
19.793104 -1.8965517 -11.483925491211751
19.793104 -2.0689654 -11.442712820492103
19.793104 -2.2413793 -11.41263719923958
19.793104 -2.4137931 -11.391128338516637
19.793104 -2.5862069 -11.37588619349619
19.793104 -2.7586207 -11.365031476924052
19.793104 -2.9310346 -11.35709573356377
19.793104 -3.1034484 -11.350937726402858
19.793104 -3.275862 -11.345636938681539
19.793104 -3.4482758 -11.340385741228111
19.793104 -3.6206896 -11.33438510414164
19.793104 -3.7931035 -11.326741693301832
19.793104 -3.9655173 -11.31636421775547
19.793104 -4.1379309 -11.301862521502231
19.793104 -4.3103447 -11.2814657410125
19.793104 -4.4827585 -11.25299573401626
19.793104 -4.6551723 -11.213951437314059
19.793104 -4.8275862 -11.161760411396605
19.793104 -5.0 -11.094203792127024

20.137932 0.0 -12.842105412550405
20.137932 -0.1724138 -12.733629881636736
20.137932 -0.34482759 -12.626608384231254
20.137932 -0.51724136 -12.518095594337522
20.137932 -0.68965518 -12.404636485631594
20.137932 -0.86206895 -12.284376352604793
20.137932 -1.0344827 -12.16019067169534
20.137932 -1.2068965 -12.03996318231722
20.137932 -1.3793104 -11.932150060200424
20.137932 -1.5517242 -11.841581474961407
20.137932 -1.7241379 -11.769118552397611
20.137932 -1.8965517 -11.713268095627127
20.137932 -2.0689654 -11.671507527006229
20.137932 -2.2413793 -11.641013603017642
20.137932 -2.4137931 -11.619083153946308
20.137932 -2.5862069 -11.603363721471894
20.137932 -2.7586207 -11.591927704904746
20.137932 -2.9310346 -11.58323608728946
20.137932 -3.1034484 -11.576043612704146
20.137932 -3.275862 -11.569281362176657
20.137932 -3.4482758 -11.561934133565904
20.137932 -3.6206896 -11.55291811652195
20.137932 -3.7931035 -11.54096093683324
20.137932 -3.9655173 -11.524491782058783
20.137932 -4.1379309 -11.501563132146734
20.137932 -4.3103447 -11.46984640934524
20.137932 -4.4827585 -11.426760745473297
20.137932 -4.6551723 -11.369780595260984
20.137932 -4.8275862 -11.296898582531215
20.137932 -5.0 -11.20710287904731

20.482758 0.0 -13.109701002681163
20.482758 -0.1724138 -12.997353916486997
20.482758 -0.34482759 -12.881721387630002
20.482758 -0.51724136 -12.763409563639831
20.482758 -0.68965518 -12.644063287074605
20.482758 -0.86206895 -12.525091046550036
20.482758 -1.0344827 -12.40693424098209
20.482758 -1.2068965 -12.291134447683968
20.482758 -1.3793104 -12.182558498929437
20.482758 -1.5517242 -12.087423043676015
20.482758 -1.7241379 -12.009539833871877
20.482758 -1.8965517 -11.94915101648773
20.482758 -2.0689654 -11.904099453233382
20.482758 -2.2413793 -11.871309867644145
20.482758 -2.4137931 -11.847713524336429
20.482758 -2.5862069 -11.830644978198704
20.482758 -2.7586207 -11.817926094672723
20.482758 -2.9310346 -11.80779710320881
20.482758 -3.1034484 -11.798785189484402
20.482758 -3.275862 -11.789554143284386
20.482758 -3.4482758 -11.778753187112924
20.482758 -3.6206896 -11.764873808828717
20.482758 -3.7931035 -11.74612696010069
20.482758 -3.9655173 -11.72036821042717
20.482758 -4.1379309 -11.68511863195032
20.482758 -4.3103447 -11.637739904778048
20.482758 -4.4827585 -11.575794224032862
20.482758 -4.6551723 -11.497529015966332
20.482758 -4.8275862 -11.402311084855132
20.482758 -5.0 -11.290795905244032

20.827587 0.0 -13.367721696107187
20.827587 -0.1724138 -13.260996291329347
20.827587 -0.34482759 -13.148915439189064
20.827587 -0.51724136 -13.028348542901497
20.827587 -0.68965518 -12.900253900072018
20.827587 -0.86206895 -12.770141727132913
20.827587 -1.0344827 -12.645099757176844
20.827587 -1.2068965 -12.529807698223607
20.827587 -1.3793104 -12.426038753813543
20.827587 -1.5517242 -12.335086836464994
20.827587 -1.7241379 -12.25862536321878
20.827587 -1.8965517 -12.197419504948204
20.827587 -2.0689654 -12.1504992018341
20.827587 -2.2413793 -12.11558533738166
20.827587 -2.4137931 -12.089915262762172
20.827587 -2.5862069 -12.070821253018579
20.827587 -2.7586207 -12.055962826703663
20.827587 -2.9310346 -12.04332645425339
20.827587 -3.1034484 -12.031110043633314
20.827587 -3.275862 -12.01756432124641
20.827587 -3.4482758 -12.00083127785032
20.827587 -3.6206896 -11.978810812893666
20.827587 -3.7931035 -11.949095509899712
20.827587 -3.9655173 -11.909029486852084
20.827587 -4.1379309 -11.855944298905403
20.827587 -4.3103447 -11.78757307310199
20.827587 -4.4827585 -11.702536163505378
20.827587 -4.6551723 -11.60068941569842
20.827587 -4.8275862 -11.483148861704775
20.827587 -5.0 -11.351973927365451

21.172413 0.0 -13.625234479531489
21.172413 -0.1724138 -13.515113888870173
21.172413 -0.34482759 -13.404725386963419
21.172413 -0.51724136 -13.289786031642807
21.172413 -0.68965518 -13.166440137693778
21.172413 -0.86206895 -13.034607758995218
21.172413 -1.0344827 -12.900461430917174
21.172413 -1.2068965 -12.773921450967231
21.172413 -1.3793104 -12.662820893364335
21.172413 -1.5517242 -12.570088930283777
21.172413 -1.7241379 -12.49521231864794
21.172413 -1.8965517 -12.436350096484931
21.172413 -2.0689654 -12.391174368793504
21.172413 -2.2413793 -12.357056417011488
21.172413 -2.4137931 -12.331260677293493
21.172413 -2.5862069 -12.311159330490213
21.172413 -2.7586207 -12.294338101265382
21.172413 -2.9310346 -12.278567715676115
21.172413 -3.1034484 -12.261686856466333
21.172413 -3.275862 -12.241454547735168
21.172413 -3.4482758 -12.215427754506818
21.172413 -3.6206896 -12.1809247175323
21.172413 -3.7931035 -12.135138230057338
21.172413 -3.9655173 -12.075440024678352
21.172413 -4.1379309 -11.999835938712096
21.172413 -4.3103447 -11.907413440976452
21.172413 -4.4827585 -11.798562877118522
21.172413 -4.6551723 -11.674842049906834
21.172413 -4.8275862 -11.53855450487698
21.172413 -5.0 -11.392247959451323

21.517242 0.0 -13.894456955478022
21.517242 -0.1724138 -13.780787267652837
21.517242 -0.34482759 -13.663708891215832
21.517242 -0.51724136 -13.543546781215005
21.517242 -0.68965518 -13.42059196917572
21.517242 -0.86206895 -13.294445770137912
21.517242 -1.0344827 -13.165272821131717
21.517242 -1.2068965 -13.037146796313538
21.517242 -1.3793104 -12.91822045658044
21.517242 -1.5517242 -12.815983241767766
21.517242 -1.7241379 -12.733523346573554
21.517242 -1.8965517 -12.669826813886683
21.517242 -2.0689654 -12.621775438638952
21.517242 -2.2413793 -12.585668732899908
21.517242 -2.4137931 -12.557934793123872
21.517242 -2.5862069 -12.535345639789947
21.517242 -2.7586207 -12.514991044674044
21.517242 -2.9310346 -12.494142047503669
21.517242 -3.1034484 -12.470084836997096
21.517242 -3.275862 -12.439992978700417
21.517242 -3.4482758 -12.400908246685864
21.517242 -3.6206896 -12.349895363717033
21.517242 -3.7931035 -12.284390650631199
21.517242 -3.9655173 -12.202664680212843
21.517242 -4.1379309 -12.104204820107723
21.517242 -4.3103447 -11.989809949474683
21.517242 -4.4827585 -11.861333444612454
21.517242 -4.6551723 -11.721204089614865
21.517242 -4.8275862 -11.571942849126884
21.517242 -5.0 -11.415826076724196

21.862068 0.0 -14.15020709988542
21.862068 -0.1724138 -14.044594043488765
21.862068 -0.34482759 -13.931865828937445
21.862068 -0.51724136 -13.809526965478804
21.862068 -0.68965518 -13.679344178092943
21.862068 -0.86206895 -13.54678251358405
21.862068 -1.0344827 -13.417466043732354
21.862068 -1.2068965 -13.294482137486652
21.862068 -1.3793104 -13.180025936929
21.862068 -1.5517242 -13.077708939066433
21.862068 -1.7241379 -12.991200961942917
21.862068 -1.8965517 -12.921753099267084
21.862068 -2.0689654 -12.867804817978477
21.862068 -2.2413793 -12.82610110529992
21.862068 -2.4137931 -12.792820892124823
21.862068 -2.5862069 -12.76417225836247
21.862068 -2.7586207 -12.73655048894664
21.862068 -2.9310346 -12.706481760575594
21.862068 -3.1034484 -12.670535529336124
21.862068 -3.275862 -12.62533749957899
21.862068 -3.4482758 -12.567765370477401
21.862068 -3.6206896 -12.49532656863314
21.862068 -3.7931035 -12.406592094868822
21.862068 -3.9655173 -12.301470684681387
21.862068 -4.1379309 -12.18115147777698
21.862068 -4.3103447 -12.047728075765935
21.862068 -4.4827585 -11.903687935951332
21.862068 -4.6551723 -11.751469026645392
21.862068 -4.8275862 -11.593190054015079
21.862068 -5.0 -11.430549353389086

22.206898 0.0 -14.398060041221834
22.206898 -0.1724138 -14.290790800769997
22.206898 -0.34482759 -14.18317531276937
22.206898 -0.51724136 -14.06947556516644
22.206898 -0.68965518 -13.945161053874651
22.206898 -0.86206895 -13.810777312290318
22.206898 -1.0344827 -13.673681196602727
22.206898 -1.2068965 -13.543878855464264
22.206898 -1.3793104 -13.428039407252308
22.206898 -1.5517242 -13.328276390749696
22.206898 -1.7241379 -13.244500038318556
22.206898 -1.8965517 -13.175782242892852
22.206898 -2.0689654 -13.120204520345995
22.206898 -2.2413793 -13.074759819236613
22.206898 -2.4137931 -13.035711672985393
22.206898 -2.5862069 -12.999013274644218
22.206898 -2.7586207 -12.96055836340567
22.206898 -2.9310346 -12.91631610279451
22.206898 -3.1034484 -12.862498026881754
22.206898 -3.275862 -12.795858843297115
22.206898 -3.4482758 -12.71410790503006
22.206898 -3.6206896 -12.616269260228806
22.206898 -3.7931035 -12.502781280216274
22.206898 -3.9655173 -12.375249894926897
22.206898 -4.1379309 -12.235964385277375
22.206898 -4.3103447 -12.087389559555294
22.206898 -4.4827585 -11.931798023956024
22.206898 -4.6551723 -11.771084196604662
22.206898 -4.8275862 -11.606723151469374
22.206898 -5.0 -11.439811281457139

22.551723 0.0 -14.66522373571511
22.551723 -0.1724138 -14.548032244554989
22.551723 -0.34482759 -14.43058763178777
22.551723 -0.51724136 -14.312447752701832
22.551723 -0.68965518 -14.192000388771529
22.551723 -0.86206895 -14.066596715560646
22.551723 -1.0344827 -13.935398880982794
22.551723 -1.2068965 -13.803411915212221
22.551723 -1.3793104 -13.680048019829936
22.551723 -1.5517242 -13.57285141863836
22.551723 -1.7241379 -13.48414492499348
22.551723 -1.8965517 -13.412180922536049
22.551723 -2.0689654 -13.353244027789989
22.551723 -2.2413793 -13.302852989779462
22.551723 -2.4137931 -13.256260216976038
22.551723 -2.5862069 -13.208697222399772
22.551723 -2.7586207 -13.1555809795277
22.551723 -2.9310346 -13.092788124144748
22.551723 -3.1034484 -13.017036214401733
22.551723 -3.275862 -12.926290124557184
22.551723 -3.4482758 -12.820005150560599
22.551723 -3.6206896 -12.699045652587934
22.551723 -3.7931035 -12.56528644563186
22.551723 -3.9655173 -12.42107769793824
22.551723 -4.1379309 -12.268777461220482
22.551723 -4.3103447 -12.110460512702392
22.551723 -4.4827585 -11.947802617715789
22.551723 -4.6551723 -11.78207997400026
22.551723 -4.8275862 -11.614226416592672
22.551723 -5.0 -11.444907194639336

22.896551 0.0 -14.928586906945549
22.896551 -0.1724138 -14.81599506014077
22.896551 -0.34482759 -14.695434181663739
22.896551 -0.51724136 -14.567330105823427
22.896551 -0.68965518 -14.435177096315122
22.896551 -0.86206895 -14.303719349657541
22.896551 -1.0344827 -14.175732586424745
22.896551 -1.2068965 -14.051509665932006
22.896551 -1.3793104 -13.932499401089592
22.896551 -1.5517242 -13.823126847352116
22.896551 -1.7241379 -13.727597178542188
22.896551 -1.8965517 -13.646671631324066
22.896551 -2.0689654 -13.57757928135013
22.896551 -2.2413793 -13.515498731771054
22.896551 -2.4137931 -13.454892172483692
22.896551 -2.5862069 -13.390346224542661
22.896551 -2.7586207 -13.31714676188985
22.896551 -2.9310346 -13.23176290629453
22.896551 -3.1034484 -13.13221243063122
22.896551 -3.275862 -13.018159566306915
22.896551 -3.4482758 -12.89066139264738
22.896551 -3.6206896 -12.751659682832097
22.896551 -3.7931035 -12.60342742448799
22.896551 -3.9655173 -12.4481483830616
22.896551 -4.1379309 -12.287687012308272
22.896551 -4.3103447 -12.123516510147702
22.896551 -4.4827585 -11.956742699828036
22.896551 -4.6551723 -11.788166319919323
22.896551 -4.8275862 -11.61835340531019
22.896551 -5.0 -11.44769793497849

23.241379 0.0 -15.165768986621767
23.241379 -0.1724138 -15.058991663909486
23.241379 -0.34482759 -14.947366260834086
23.241379 -0.51724136 -14.825302191881175
23.241379 -0.68965518 -14.690973602479328
23.241379 -0.86206895 -14.548892622617748
23.241379 -1.0344827 -14.40821850037653
23.241379 -1.2068965 -14.276968916590558
23.241379 -1.3793104 -14.158160902129623
23.241379 -1.5517242 -14.051349296036438
23.241379 -1.7241379 -13.955527872038887
23.241379 -1.8965517 -13.869358282545265
23.241379 -2.0689654 -13.790082050981368
23.241379 -2.2413793 -13.713368137864709
23.241379 -2.4137931 -13.634145870669226
23.241379 -2.5862069 -13.54766909470036
23.241379 -2.7586207 -13.450378613885638
23.241379 -2.9310346 -13.34038445125898
23.241379 -3.1034484 -13.217490655311904
23.241379 -3.275862 -13.082819100623322
23.241379 -3.4482758 -12.93823664745649
23.241379 -3.6206896 -12.78582090354259
23.241379 -3.7931035 -12.627498467390089
23.241379 -3.9655173 -12.464873438948047
23.241379 -4.1379309 -12.29919091860897
23.241379 -4.3103447 -12.131372810398313
23.241379 -4.4827585 -11.962081343406398
23.241379 -4.6551723 -11.791781728292554
23.241379 -4.8275862 -11.62079609523744
23.241379 -5.0 -11.44934567764749

23.586206 0.0 -15.405537438668231
23.586206 -0.1724138 -15.287778034039395
23.586206 -0.34482759 -15.170871332440617
23.586206 -0.51724136 -15.05147325186242
23.586206 -0.68965518 -14.925236441697882
23.586206 -0.86206895 -14.789103176977493
23.586206 -1.0344827 -14.645410111646477
23.586206 -1.2068965 -14.502748059351433
23.586206 -1.3793104 -14.37041120835355
23.586206 -1.5517242 -14.252667775843829
23.586206 -1.7241379 -14.148284836911195
23.586206 -1.8965517 -14.053044113705182
23.586206 -2.0689654 -13.961716500107116
23.586206 -2.2413793 -13.86900756585659
23.586206 -2.4137931 -13.770246039559844
23.586206 -2.5862069 -13.662040633108612
23.586206 -2.7586207 -13.542674319877284
23.586206 -2.9310346 -13.412051598735193
23.586206 -3.1034484 -13.271267301331228
23.586206 -3.275862 -13.12203388058746
23.586206 -3.4482758 -12.966192630139535
23.586206 -3.6206896 -12.805411624761573
23.586206 -3.7931035 -12.641055675092693
23.586206 -3.9655173 -12.474171551074695
23.586206 -4.1379309 -12.305527995358393
23.586206 -4.3103447 -12.135673061006239
23.586206 -4.4827585 -11.964990742582904
23.586206 -4.6551723 -11.793746130306406
23.586206 -4.8275862 -11.622120615617549
23.586206 -5.0 -11.450237918387527

23.931034 0.0 -15.64864249416854
23.931034 -0.1724138 -15.522486596553469
23.931034 -0.34482759 -15.392466642062269
23.931034 -0.51724136 -15.259506106455627
23.931034 -0.68965518 -15.125043125086176
23.931034 -0.86206895 -14.989539629257635
23.931034 -1.0344827 -14.851839613001955
23.931034 -1.2068965 -14.711918424914764
23.931034 -1.3793104 -14.573776482496484
23.931034 -1.5517242 -14.442984487968737
23.931034 -1.7241379 -14.321937919838787
23.931034 -1.8965517 -14.208529261817079
23.931034 -2.0689654 -14.097969207757675
23.931034 -2.2413793 -13.985078991533339
23.931034 -2.4137931 -13.865812578911616
23.931034 -2.5862069 -13.737899317588758
23.931034 -2.7586207 -13.600792727507717
23.931034 -2.9310346 -13.455195460381402
23.931034 -3.1034484 -13.302466699976257
23.931034 -3.275862 -13.144136328542894
23.931034 -3.4482758 -12.98161032366743
23.931034 -3.6206896 -12.816046035763888
23.931034 -3.7931035 -12.648332427053152
23.931034 -3.9655173 -12.479123075033307
23.931034 -4.1379309 -12.308884356057238
23.931034 -4.3103447 -12.137942163921268
23.931034 -4.4827585 -11.966522046433886
23.931034 -4.6551723 -11.79477827592608
23.931034 -4.8275862 -11.622815742079926
23.931034 -5.0 -11.45070581090146

24.275862 0.0 -15.859873986092355
24.275862 -0.1724138 -15.733197996760355
24.275862 -0.34482759 -15.600119570438176
24.275862 -0.51724136 -15.459005194415518
24.275862 -0.68965518 -15.311496224549456
24.275862 -0.86206895 -15.162070824963791
24.275862 -1.0344827 -15.015311299390365
24.275862 -1.2068965 -14.872968356455731
24.275862 -1.3793104 -14.734329642421068
24.275862 -1.5517242 -14.598869782842224
24.275862 -1.7241379 -14.466705977927257
24.275862 -1.8965517 -14.33693929995426
24.275862 -2.0689654 -14.207088160578689
24.275862 -2.2413793 -14.074137934389222
24.275862 -2.4137931 -13.935789101952778
24.275862 -2.5862069 -13.791011198347181
24.275862 -2.7586207 -13.639916068001362
24.275862 -2.9310346 -13.483318170560162
24.275862 -3.1034484 -13.322300904264624
24.275862 -3.275862 -13.157927386328238
24.275862 -3.4482758 -12.991101189853119
24.275862 -3.6206896 -12.822530060311106
24.275862 -3.7931035 -12.652739744094022
24.275862 -3.9655173 -12.482108332326833
24.275862 -4.1379309 -12.310901554733785
24.275862 -4.3103447 -12.139303005738931
24.275862 -4.4827585 -11.967439083971625
24.275862 -4.6551723 -11.795395783825057
24.275862 -4.8275862 -11.623231345564577
24.275862 -5.0 -11.4509854311365

24.620689 0.0 -16.038873346229227
24.620689 -0.1724138 -15.901915549399105
24.620689 -0.34482759 -15.762949283431544
24.620689 -0.51724136 -15.619161623755165
24.620689 -0.68965518 -15.468697019847959
24.620689 -0.86206895 -15.312296932578347
24.620689 -1.0344827 -15.153926720800406
24.620689 -1.2068965 -14.998654369862717
24.620689 -1.3793104 -14.849223405434167
24.620689 -1.5517242 -14.704967691892335
24.620689 -1.7241379 -14.563439675218628
24.620689 -1.8965517 -14.42205040768149
24.620689 -2.0689654 -14.27861356087483
24.620689 -2.2413793 -14.131529674529546
24.620689 -2.4137931 -13.979965591895464
24.620689 -2.5862069 -13.823851513314569
24.620689 -2.7586207 -13.663662271807958
24.620689 -2.9310346 -13.50012991245579
24.620689 -3.1034484 -13.334019550346472
24.620689 -3.275862 -13.166005237554291
24.620689 -3.4482758 -12.996625822347415
24.620689 -3.6206896 -12.826287951509684
24.620689 -3.7931035 -12.655286332816328
24.620689 -3.9655173 -12.483829661643824
24.620689 -4.1379309 -12.312063045633337
24.620689 -4.3103447 -12.140085817609323
24.620689 -4.4827585 -11.967966258587916
24.620689 -4.6551723 -11.795750612934023
24.620689 -4.8275862 -11.623470086755832
24.620689 -5.0 -11.451146025456637

24.965517 0.0 -16.188843753584347
24.965517 -0.1724138 -16.03956487103322
24.965517 -0.34482759 -15.887778289106782
24.965517 -0.51724136 -15.733865620065453
24.965517 -0.68965518 -15.577837469139897
24.965517 -0.86206895 -15.419297113295594
24.965517 -1.0344827 -15.258274713915263
24.965517 -1.2068965 -15.096443003930785
24.965517 -1.3793104 -14.936553896142561
24.965517 -1.5517242 -14.780207441456993
24.965517 -1.7241379 -14.626732461854571
24.965517 -1.8965517 -14.474067238634227
24.965517 -2.0689654 -14.320138326415861
24.965517 -2.2413793 -14.163606419354446
24.965517 -2.4137931 -14.003964114560574
24.965517 -2.5862069 -13.841315413269731
24.965517 -2.7586207 -13.676092101234179
24.965517 -2.9310346 -13.508829346901367
24.965517 -3.1034484 -13.34003395049711
24.965517 -3.275862 -13.170127242637276
24.965517 -3.4482758 -12.999433719383363
24.965517 -3.6206896 -12.828192667904613
24.965517 -3.7931035 -12.656574676826311
24.965517 -3.9655173 -12.484699392354758
24.965517 -4.1379309 -12.312649403626676
24.965517 -4.3103447 -12.14048077655596
24.965517 -4.4827585 -11.968232134356407
24.965517 -4.6551723 -11.795929520529029
24.965517 -4.8275862 -11.623590440511345
24.965517 -5.0 -11.451226974269783

25.310345 0.0 -16.290740238583236
25.310345 -0.1724138 -16.13681835220977
25.310345 -0.34482759 -15.978659523429252
25.310345 -0.51724136 -15.816789416060024
25.310345 -0.68965518 -15.652582968695688
25.310345 -0.86206895 -15.487662131421313
25.310345 -1.0344827 -15.323005533236188
25.310345 -1.2068965 -15.158738692407885
25.310345 -1.3793104 -14.99494432825635
25.310345 -1.5517242 -14.832057348774919
25.310345 -1.7241379 -14.67021070311021
25.310345 -1.8965517 -14.508788071137117
25.310345 -2.0689654 -14.346795369016881
25.310345 -2.2413793 -14.183429521422797
25.310345 -2.4137931 -14.018328801436722
25.310345 -2.5862069 -13.851513593501961
25.310345 -2.7586207 -13.683219622446853
25.310345 -2.9310346 -13.513753278689167
25.310345 -3.1034484 -13.343407239599806
25.310345 -3.275862 -13.172424621698465
25.310345 -3.4482758 -13.00099194494464
25.310345 -3.6206896 -12.82924657626113
25.310345 -3.7931035 -12.65728611756455
25.310345 -3.9655173 -12.485179022368213
25.310345 -4.1379309 -12.312972468196103
25.310345 -4.3103447 -12.140698252954065
25.310345 -4.4827585 -11.96837847318496
25.310345 -4.6551723 -11.796027964440732
25.310345 -4.8275862 -11.623656652784023
25.310345 -5.0 -11.451271502423381

25.655172 0.0 -16.35335695890878
25.655172 -0.1724138 -16.193817584468857
25.655172 -0.34482759 -16.032298819683927
25.655172 -0.51724136 -15.868112104604709
25.655172 -0.68965518 -15.701241781401782
25.655172 -0.86206895 -15.532528521270311
25.655172 -1.0344827 -15.363421641051207
25.655172 -1.2068965 -15.195148079386033
25.655172 -1.3793104 -15.02804330042238
25.655172 -1.5517242 -14.86176180620758
25.655172 -1.7241379 -14.695812121374656
25.655172 -1.8965517 -14.529735578413712
25.655172 -2.0689654 -14.363112347829258
25.655172 -2.2413793 -14.195635834966296
25.655172 -2.4137931 -14.02718152459665
25.655172 -2.5862069 -13.857789393541642
25.655172 -2.7586207 -13.687596472455555
25.655172 -2.9310346 -13.51677083580449
25.655172 -3.1034484 -13.345471084651958
25.655172 -3.275862 -13.173828438180326
25.655172 -3.4482758 -13.001943232678654
25.655172 -3.6206896 -12.829889566790907
25.655172 -3.7931035 -12.657719974036027
25.655172 -3.9655173 -12.485471424249994
25.655172 -4.1379309 -12.3131693801406
25.655172 -4.3103447 -12.140830788701733
25.655172 -4.4827585 -11.968467647264978
25.655172 -4.6551723 -11.796087949028042
25.655172 -4.8275862 -11.623696995976223
25.655172 -5.0 -11.45129863266237

26.0 0.0 -16.39546245828143
26.0 -0.1724138 -16.229508137988102
26.0 -0.34482759 -16.063008854855585
26.0 -0.51724136 -15.895783117135784
26.0 -0.68965518 -15.727598434031995
26.0 -0.86206895 -15.55829852737732
26.0 -1.0344827 -15.388081034845545
26.0 -1.2068965 -15.217612569142132
26.0 -1.3793104 -15.04762238762129
26.0 -1.5517242 -14.878366988225086
26.0 -1.7241379 -14.709585428313257
26.0 -1.8965517 -14.54083131272184
26.0 -2.0689654 -14.371741024830563
26.0 -2.2413793 -14.202115794903634
26.0 -2.4137931 -14.031904525625311
26.0 -2.5862069 -13.861152160310393
26.0 -2.7586207 -13.689949559764933
26.0 -2.9310346 -13.518397054989743
26.0 -3.1034484 -13.34658521130626
26.0 -3.275862 -13.174587144259258
26.0 -3.4482758 -13.00245777410273
26.0 -3.6206896 -12.830237541232373
26.0 -3.7931035 -12.657954854748963
26.0 -3.9655173 -12.4856297634449
26.0 -4.1379309 -12.313276028075949
26.0 -4.3103447 -12.140902578378437
26.0 -4.4827585 -11.96851595317833
26.0 -4.6551723 -11.796120444536347
26.0 -4.8275862 -11.623718851877335
26.0 -5.0 -11.451313330790532
