# KROME file, XRAY H rate
# Distance = 4 kpc
# Xray rate including primary H ionization in 1/s
# first line indicates the size of the table (30x30)
# then first column is the parameter log10(nH), where nH is the H column density in cm-2
# second column is log10(xHe), where xHe = nHe/nH both in cm-2
# third column is log10(rate), where rate is in units of 1/s
30, 30
16.0 0.0 -17.16346071537466
16.0 -0.1724138 -17.25555500047307
16.0 -0.34482759 -17.3306641563101
16.0 -0.51724136 -17.38961889159333
16.0 -0.68965518 -17.43429359607855
16.0 -0.86206895 -17.46714066398632
16.0 -1.0344827 -17.490709657843738
16.0 -1.2068965 -17.507306956433943
16.0 -1.3793104 -17.5188335085839
16.0 -1.5517242 -17.526758850027
16.0 -1.7241379 -17.532169822826965
16.0 -1.8965517 -17.53584608933798
16.0 -2.0689654 -17.538335384906752
16.0 -2.2413793 -17.540017086742576
16.0 -2.4137931 -17.541151426259
16.0 -2.5862069 -17.541915752309414
16.0 -2.7586207 -17.54243039330197
16.0 -2.9310346 -17.542776748167586
16.0 -3.1034484 -17.54300977014457
16.0 -3.275862 -17.543166509319235
16.0 -3.4482758 -17.54327192262754
16.0 -3.6206896 -17.543342810149447
16.0 -3.7931035 -17.543390476892323
16.0 -3.9655173 -17.543422527866248
16.0 -4.1379309 -17.543444078191104
16.0 -4.3103447 -17.54345856786634
16.0 -4.4827585 -17.543468310064693
16.0 -4.6551723 -17.54347486021572
16.0 -4.8275862 -17.543479264174
16.0 -5.0 -17.543482225135588

16.344828 0.0 -17.163461134134625
16.344828 -0.1724138 -17.255555354109653
16.344828 -0.34482759 -17.33066444559943
16.344828 -0.51724136 -17.38961912197362
16.344828 -0.68965518 -17.43429377617843
16.344828 -0.86206895 -17.46714080367448
16.344828 -1.0344827 -17.490709766592627
16.344828 -1.2068965 -17.507307042365607
16.344828 -1.3793104 -17.518833578148403
16.344828 -1.5517242 -17.526758908083202
16.344828 -1.7241379 -17.532169872904444
16.344828 -1.8965517 -17.535846133937643
16.344828 -2.0689654 -17.53833542577083
16.344828 -2.2413793 -17.54001712507084
16.344828 -2.4137931 -17.54115146287126
16.344828 -2.5862069 -17.541915787762886
16.344828 -2.7586207 -17.54243042797405
16.344828 -2.9310346 -17.542776782313265
16.344828 -3.1034484 -17.54300980393586
16.344828 -3.275862 -17.543166542872044
16.344828 -3.4482758 -17.54327195601991
16.344828 -3.6206896 -17.543342843433905
16.344828 -3.7931035 -17.543390510104206
16.344828 -3.9655173 -17.54342256102933
16.344828 -4.1379309 -17.54344411132137
16.344828 -4.3103447 -17.543458600974546
16.344828 -4.4827585 -17.54346834315806
16.344828 -4.6551723 -17.543474893299113
16.344828 -4.8275862 -17.543479297250684
16.344828 -5.0 -17.543482258207764

16.689655 0.0 -17.163462060512284
16.689655 -0.1724138 -17.25555613642391
16.689655 -0.34482759 -17.33066508556589
16.689655 -0.51724136 -17.389619631621922
16.689655 -0.68965518 -17.434294174596452
16.689655 -0.86206895 -17.467141112693586
16.689655 -1.0344827 -17.490710007167745
16.689655 -1.2068965 -17.507307232464314
16.689655 -1.3793104 -17.518833732039568
16.689655 -1.5517242 -17.52675903651562
16.689655 -1.7241379 -17.532169983686263
16.689655 -1.8965517 -17.535846232601394
16.689655 -2.0689654 -17.538335516170683
16.689655 -2.2413793 -17.540017209860956
16.689655 -2.4137931 -17.541151543865215
16.689655 -2.5862069 -17.54191586619336
16.689655 -2.7586207 -17.542430504675927
16.689655 -2.9310346 -17.542776857850637
16.689655 -3.1034484 -17.543009878689247
16.689655 -3.275862 -17.543166617097853
16.689655 -3.4482758 -17.5432720298908
16.689655 -3.6206896 -17.543342917066074
16.689655 -3.7931035 -17.543390583575828
16.689655 -3.9655173 -17.543422634392993
16.689655 -4.1379309 -17.543444184612436
16.689655 -4.3103447 -17.5434586742168
16.689655 -4.4827585 -17.543468416367496
16.689655 -4.6551723 -17.54347496648648
16.689655 -4.8275862 -17.543479370423217
16.689655 -5.0 -17.543482331370317

17.034483 0.0 -17.16346410983193
17.034483 -0.1724138 -17.255557867058545
17.034483 -0.34482759 -17.330666501304183
17.034483 -0.51724136 -17.38962075907216
17.034483 -0.68965518 -17.43429505598303
17.034483 -0.86206895 -17.467141796311143
17.034483 -1.0344827 -17.490710539372625
17.034483 -1.2068965 -17.507307653004478
17.034483 -1.3793104 -17.51883407248077
17.034483 -1.5517242 -17.526759320636508
17.034483 -1.7241379 -17.532170228760148
17.034483 -1.8965517 -17.535846450867457
17.034483 -2.0689654 -17.53833571615518
17.034483 -2.2413793 -17.540017397435477
17.034483 -2.4137931 -17.54115172304179
17.034483 -2.5862069 -17.54191603969896
17.034483 -2.7586207 -17.54243067435748
17.034483 -2.9310346 -17.54277702495604
17.034483 -3.1034484 -17.543010044060306
17.034483 -3.275862 -17.543166781301807
17.034483 -3.4482758 -17.543272193309587
17.034483 -3.6206896 -17.543343079956752
17.034483 -3.7931035 -17.543390746111346
17.034483 -3.9655173 -17.543422796689676
17.034483 -4.1379309 -17.543444346748526
17.034483 -4.3103447 -17.543458836244906
17.034483 -4.4827585 -17.543468578322994
17.034483 -4.6551723 -17.543475128393165
17.034483 -4.8275862 -17.543479532297077
17.034483 -5.0 -17.54348249322211

17.379311 0.0 -17.163468643208386
17.379311 -0.1724138 -17.255561695509094
17.379311 -0.34482759 -17.33066963317768
17.379311 -0.51724136 -17.389623253212584
17.379311 -0.68965518 -17.434297005789038
17.379311 -0.86206895 -17.467143308615164
17.379311 -1.0344827 -17.49071171672195
17.379311 -1.2068965 -17.507308583328747
17.379311 -1.3793104 -17.518834825609538
17.379311 -1.5517242 -17.526759949172924
17.379311 -1.7241379 -17.532170770916352
17.379311 -1.8965517 -17.535846933719057
17.379311 -2.0689654 -17.53833615856408
17.379311 -2.2413793 -17.54001781239085
17.379311 -2.4137931 -17.541152119419113
17.379311 -2.5862069 -17.541916423530868
17.379311 -2.7586207 -17.542431049729778
17.379311 -2.9310346 -17.54277739462935
17.379311 -3.1034484 -17.54301040989687
17.379311 -3.275862 -17.543167144556474
17.379311 -3.4482758 -17.543272554827308
17.379311 -3.6206896 -17.54334344030618
17.379311 -3.7931035 -17.543391105675077
17.379311 -3.9655173 -17.543423155725062
17.379311 -4.1379309 -17.543444705428637
17.379311 -4.3103447 -17.543459194686136
17.379311 -4.4827585 -17.54346893660361
17.379311 -4.6551723 -17.543475486565786
17.379311 -4.8275862 -17.543479890397087
17.379311 -5.0 -17.543482851273303

17.724138 0.0 -17.163478671172
17.724138 -0.1724138 -17.25557016439581
17.724138 -0.34482759 -17.330676561297963
17.724138 -0.51724136 -17.389628770646812
17.724138 -0.68965518 -17.43430131910112
17.724138 -0.86206895 -17.46714665411205
17.724138 -1.0344827 -17.49071432124481
17.724138 -1.2068965 -17.507310641388738
17.724138 -1.3793104 -17.518836491680396
17.724138 -1.5517242 -17.52676133962184
17.724138 -1.7241379 -17.532171970275527
17.724138 -1.8965517 -17.535848001884847
17.724138 -2.0689654 -17.53833713726263
17.724138 -2.2413793 -17.54001873035677
17.724138 -2.4137931 -17.54115299628669
17.724138 -2.5862069 -17.541917272645485
17.724138 -2.7586207 -17.542431880130053
17.724138 -2.9310346 -17.542778212422327
17.724138 -3.1034484 -17.5430112192022
17.724138 -3.275862 -17.543167948150135
17.724138 -3.4482758 -17.543273354578485
17.724138 -3.6206896 -17.543344237472873
17.724138 -3.7931035 -17.54339190110365
17.724138 -3.9655173 -17.54342394998482
17.724138 -4.1379309 -17.543445498902468
17.724138 -4.3103447 -17.543459987631508
17.724138 -4.4827585 -17.543469729193664
17.724138 -4.6551723 -17.543476278916938
17.724138 -4.8275862 -17.543480682587614
17.724138 -5.0 -17.543483643355835

18.068966 0.0 -17.16350085128238
18.068966 -0.1724138 -17.255588897274222
18.068966 -0.34482759 -17.33069188667386
18.068966 -0.51724136 -17.389640975823333
18.068966 -0.68965518 -17.434310860782094
18.068966 -0.86206895 -17.467154054920538
18.068966 -1.0344827 -17.490720082931094
18.068966 -1.2068965 -17.507315194217707
18.068966 -1.3793104 -17.5188401773635
18.068966 -1.5517242 -17.526764415579557
18.068966 -1.7241379 -17.53217462350684
18.068966 -1.8965517 -17.535850364891083
18.068966 -2.0689654 -17.538339302349776
18.068966 -2.2413793 -17.540020761091284
18.068966 -2.4137931 -17.541154936103464
18.068966 -2.5862069 -17.541919151067138
18.068966 -2.7586207 -17.54243371715181
18.068966 -2.9310346 -17.542780021554194
18.068966 -3.1034484 -17.54301300955767
18.068966 -3.275862 -17.54316972587024
18.068966 -3.4482758 -17.54327512379824
18.068966 -3.6206896 -17.543346000975216
18.068966 -3.7931035 -17.543393660760923
18.068966 -3.9655173 -17.543425707056443
18.068966 -4.1379309 -17.54344725423545
18.068966 -4.3103447 -17.543461741795443
18.068966 -4.4827585 -17.54347148257156
18.068966 -4.6551723 -17.543478031766337
18.068966 -4.8275862 -17.543482435081675
18.068966 -5.0 -17.543485395610983

18.413794 0.0 -17.16354989908328
18.413794 -0.1724138 -17.255630327809882
18.413794 -0.34482759 -17.330725784036968
18.413794 -0.51724136 -17.38966797332482
18.413794 -0.68965518 -17.43433196747167
18.413794 -0.86206895 -17.467170426267298
18.413794 -1.0344827 -17.490732828559704
18.413794 -1.2068965 -17.50732526578656
18.413794 -1.3793104 -17.518848330720854
18.413794 -1.5517242 -17.526771220148454
18.413794 -1.7241379 -17.532180492945088
18.413794 -1.8965517 -17.53585559230714
18.413794 -2.0689654 -17.538344091937137
18.413794 -2.2413793 -17.54002525346847
18.413794 -2.4137931 -17.541159227355323
18.413794 -2.5862069 -17.541923306502536
18.413794 -2.7586207 -17.542437781003528
18.413794 -2.9310346 -17.542784023708656
18.413794 -3.1034484 -17.543016970175497
18.413794 -3.275862 -17.543173658536443
18.413794 -3.4482758 -17.543279037660188
18.413794 -3.6206896 -17.543349902189256
18.413794 -3.7931035 -17.543397553468996
18.413794 -3.9655173 -17.543429594044603
18.413794 -4.1379309 -17.54345113737744
18.413794 -4.3103447 -17.543465622351295
18.413794 -4.4827585 -17.543475361388566
18.413794 -4.6551723 -17.543481909414204
18.413794 -4.8275862 -17.54348631194347
18.413794 -5.0 -17.543489271944267

18.758621 0.0 -17.163658308091016
18.758621 -0.1724138 -17.255721928610093
18.758621 -0.34482759 -17.330800744148267
18.758621 -0.51724136 -17.389727682700318
18.758621 -0.68965518 -17.43437865209211
18.758621 -0.86206895 -17.46720663891245
18.758621 -1.0344827 -17.49076102220788
18.758621 -1.2068965 -17.507347544817403
18.758621 -1.3793104 -17.518866366778177
18.758621 -1.5517242 -17.52678627268389
18.758621 -1.7241379 -17.53219347693488
18.758621 -1.8965517 -17.535867156102885
18.758621 -2.0689654 -17.53835468722078
18.758621 -2.2413793 -17.54003519129625
18.758621 -2.4137931 -17.5411687202742
18.758621 -2.5862069 -17.541932498981474
18.758621 -2.7586207 -17.54244677088968
18.758621 -2.9310346 -17.54279287711383
18.758621 -3.1034484 -17.54302573169708
18.758621 -3.275862 -17.543182358225955
18.758621 -3.4482758 -17.543287695752603
18.758621 -3.6206896 -17.543358532303092
18.758621 -3.7931035 -17.543406164766683
18.758621 -3.9655173 -17.543438192689205
18.758621 -4.1379309 -17.543459727513877
18.758621 -4.3103447 -17.54347420676691
18.758621 -4.4827585 -17.543483941957646
18.758621 -4.6551723 -17.543490487397026
18.758621 -4.8275862 -17.543494888187418
18.758621 -5.0 -17.543497847019083

19.103449 0.0 -17.163897670135043
19.103449 -0.1724138 -17.25592431523917
19.103449 -0.34482759 -17.330966436132616
19.103449 -0.51724136 -17.389859701086127
19.103449 -0.68965518 -17.434481890779765
19.103449 -0.86206895 -17.467286728819886
19.103449 -1.0344827 -17.490823381352076
19.103449 -1.2068965 -17.507396824215782
19.103449 -1.3793104 -17.518906262275944
19.103449 -1.5517242 -17.526819569337732
19.103449 -1.7241379 -17.532222198282604
19.103449 -1.8965517 -17.5358927361216
19.103449 -2.0689654 -17.538378124951695
19.103449 -2.2413793 -17.540057174760612
19.103449 -2.4137931 -17.54118971961053
19.103449 -2.5862069 -17.54195283374856
19.103449 -2.7586207 -17.54246665752273
19.103449 -2.9310346 -17.542812461851113
19.103449 -3.1034484 -17.543045113187706
19.103449 -3.275862 -17.543201602943775
19.103449 -3.4482758 -17.54330684845742
19.103449 -3.6206896 -17.54337762311911
19.103449 -3.7931035 -17.54342521396125
19.103449 -3.9655173 -17.543457213895053
19.103449 -4.1379309 -17.543478729899597
19.103449 -4.3103447 -17.543493196498115
19.103449 -4.4827585 -17.543502923180295
19.103449 -4.6551723 -17.543509462898857
19.103449 -4.8275862 -17.543513859842836
19.103449 -5.0 -17.543516816088378

19.448277 0.0 -17.16442494787537
19.448277 -0.1724138 -17.256370800261276
19.448277 -0.34482759 -17.33133231820965
19.448277 -0.51724136 -17.390151403163088
19.448277 -0.68965518 -17.434710091358756
19.448277 -0.86206895 -17.467463804914317
19.448277 -1.0344827 -17.490961277281567
19.448277 -1.2068965 -17.507505807873894
19.448277 -1.3793104 -17.51899449892119
19.448277 -1.5517242 -17.52689321459945
19.448277 -1.7241379 -17.532285725768524
19.448277 -1.8965517 -17.535949316533266
19.448277 -2.0689654 -17.53842996750734
19.448277 -2.2413793 -17.540105801003016
19.448277 -2.4137931 -17.541236169282318
19.448277 -2.5862069 -17.541997813594225
19.448277 -2.7586207 -17.542510646224518
19.448277 -2.9310346 -17.542855782842963
19.448277 -3.1034484 -17.543087984652722
19.448277 -3.275862 -17.543244171903588
19.448277 -3.4482758 -17.54334921390855
19.448277 -3.6206896 -17.54341985168828
19.448277 -3.7931035 -17.54346735047451
19.448277 -3.9655173 -17.543499288504467
19.448277 -4.1379309 -17.543520762883727
19.448277 -4.3103447 -17.543535201493704
19.448277 -4.4827585 -17.543544909357134
19.448277 -4.6551723 -17.5435514364227
19.448277 -4.8275862 -17.543555824859396
19.448277 -5.0 -17.543558775385097

19.793104 0.0 -17.16558064242224
19.793104 -0.1724138 -17.257352544596298
19.793104 -0.34482759 -17.33213850526486
19.793104 -0.51724136 -17.390795001631467
19.793104 -0.68965518 -17.435214013463025
19.793104 -0.86206895 -17.46785504540463
19.793104 -1.0344827 -17.491266058068785
19.793104 -1.2068965 -17.5077467407213
19.793104 -1.3793104 -17.5191895946868
19.793104 -1.5517242 -17.527056063885595
19.793104 -1.7241379 -17.532426210980727
19.793104 -1.8965517 -17.53607444426622
19.793104 -2.0689654 -17.538544620720288
19.793104 -2.2413793 -17.540213343172997
19.793104 -2.4137931 -17.54133889904007
19.793104 -2.5862069 -17.54209729348116
19.793104 -2.7586207 -17.542607934600817
19.793104 -2.9310346 -17.542951594835575
19.793104 -3.1034484 -17.54318280268273
19.793104 -3.275862 -17.543338321051895
19.793104 -3.4482758 -17.543442913069022
19.793104 -3.6206896 -17.54351324818184
19.793104 -3.7931035 -17.5435605434181
19.793104 -3.9655173 -17.54359234456887
19.793104 -4.1379309 -17.54361372690798
19.793104 -4.3103447 -17.54362810363081
19.793104 -4.4827585 -17.54363776988295
19.793104 -4.6551723 -17.5436442689707
19.793104 -4.8275862 -17.54364863859642
19.793104 -5.0 -17.543651576474623

20.137932 0.0 -17.16808690525662
20.137932 -0.1724138 -17.259496030461676
20.137932 -0.34482759 -17.333906548964322
20.137932 -0.51724136 -17.392210557558187
20.137932 -0.68965518 -17.436324420684183
20.137932 -0.86206895 -17.46871818387952
20.137932 -1.0344827 -17.491938969241634
20.137932 -1.2068965 -17.5082789498595
20.137932 -1.3793104 -17.519620692014325
20.137932 -1.5517242 -17.52741598406504
20.137932 -1.7241379 -17.532736747284357
20.137932 -1.8965517 -17.536351059550476
20.137932 -2.0689654 -17.53879809626052
20.137932 -2.2413793 -17.54045110757316
20.137932 -2.4137931 -17.541566030081242
20.137932 -2.5862069 -17.542317243339973
20.137932 -2.7586207 -17.542823041751483
20.137932 -2.9310346 -17.54316343946079
20.137932 -3.1034484 -17.543392450806994
20.137932 -3.275862 -17.5435464910376
20.137932 -3.4482758 -17.543650088635253
20.137932 -3.6206896 -17.543719754887153
20.137932 -3.7931035 -17.543766600298746
20.137932 -3.9655173 -17.543798098959847
20.137932 -4.1379309 -17.5438192778989
20.137932 -4.3103447 -17.54383351785682
20.137932 -4.4827585 -17.54384309215179
20.137932 -4.6551723 -17.543849529411077
20.137932 -4.8275862 -17.543853857466225
20.137932 -5.0 -17.54385676739458

20.482758 0.0 -17.173405140150287
20.482758 -0.1724138 -17.26410757155165
20.482758 -0.34482759 -17.337745709792618
20.482758 -0.51724136 -17.395303100326753
20.482758 -0.68965518 -17.438759939459366
20.482758 -0.86206895 -17.47061621522569
20.482758 -1.0344827 -17.4934211542697
20.482758 -1.2068965 -17.50945248755773
20.482758 -1.3793104 -17.520571949413757
20.482758 -1.5517242 -17.52821055370371
20.482758 -1.7241379 -17.53342250817016
20.482758 -1.8965517 -17.536962038213435
20.482758 -2.0689654 -17.539358041674326
20.482758 -2.2413793 -17.540976394319333
20.482758 -2.4137931 -17.54206785577235
20.482758 -2.5862069 -17.542803222956138
20.482758 -2.7586207 -17.54329833459345
20.482758 -2.9310346 -17.543631532276397
20.482758 -3.1034484 -17.54385569602871
20.482758 -3.275862 -17.544006473989924
20.482758 -3.4482758 -17.544107876858586
20.482758 -3.6206896 -17.544176066888923
20.482758 -3.7931035 -17.544221919500046
20.482758 -3.9655173 -17.544252750538185
20.482758 -4.1379309 -17.544273480552924
20.482758 -4.3103447 -17.544287418656353
20.482758 -4.4827585 -17.54429678999191
20.482758 -4.6551723 -17.54430309078898
20.482758 -4.8275862 -17.544307327093232
20.482758 -5.0 -17.544310175333134

20.827587 0.0 -17.184226616402565
20.827587 -0.1724138 -17.27374404675864
20.827587 -0.34482759 -17.345916396407084
20.827587 -0.51724136 -17.40196634718715
20.827587 -0.68965518 -17.444050524320467
20.827587 -0.86206895 -17.47476138840773
20.827587 -1.0344827 -17.496669540999402
20.827587 -1.2068965 -17.512030381845705
20.827587 -1.3793104 -17.522664748780706
20.827587 -1.5517242 -17.529960399304084
20.827587 -1.7241379 -17.53493374274564
20.827587 -1.8965517 -17.538309075414233
20.827587 -2.0689654 -17.540592934284703
20.827587 -2.2413793 -17.54213508356087
20.827587 -2.4137931 -17.543174942845276
20.827587 -2.5862069 -17.543875448390356
20.827587 -2.7586207 -17.54434704510832
20.827587 -2.9310346 -17.54466439829638
20.827587 -3.1034484 -17.544877893572625
20.827587 -3.275862 -17.545021491650907
20.827587 -3.4482758 -17.545118064011525
20.827587 -3.6206896 -17.54518300486685
20.827587 -3.7931035 -17.545226672283846
20.827587 -3.9655173 -17.545256033842
20.827587 -4.1379309 -17.54527577573952
20.827587 -4.3103447 -17.545289049434796
20.827587 -4.4827585 -17.545297974037567
20.827587 -4.6551723 -17.54530397446781
20.827587 -4.8275862 -17.545308008819013
20.827587 -5.0 -17.54531072127622

21.172413 0.0 -17.204629468434728
21.172413 -0.1724138 -17.292815975187484
21.172413 -0.34482759 -17.362650822371403
21.172413 -0.51724136 -17.41593870510482
21.172413 -0.68965518 -17.45532263226618
21.172413 -0.86206895 -17.48368783222346
21.172413 -1.0344827 -17.503714794830646
21.172413 -1.2068965 -17.517648065071715
21.172413 -1.3793104 -17.527239813060906
21.172413 -1.5517242 -17.533793853031387
21.172413 -1.7241379 -17.53824916512852
21.172413 -1.8965517 -17.54126708620498
21.172413 -2.0689654 -17.543306413650498
21.172413 -2.2413793 -17.544682209147023
21.172413 -2.4137931 -17.54560933261285
21.172413 -2.5862069 -17.546233636162913
21.172413 -2.7586207 -17.546653815187877
21.172413 -2.9310346 -17.546936514763573
21.172413 -3.1034484 -17.547126673292095
21.172413 -3.275862 -17.547254564094523
21.172413 -3.4482758 -17.54734056811134
21.172413 -3.6206896 -17.54739839997828
21.172413 -3.7931035 -17.547437286177196
21.172413 -3.9655173 -17.547463432435347
21.172413 -4.1379309 -17.54748101224895
21.172413 -4.3103447 -17.54749283214903
21.172413 -4.4827585 -17.547500779246935
21.172413 -4.6551723 -17.547506122435703
21.172413 -4.8275862 -17.547509714886193
21.172413 -5.0 -17.54751213023183

21.517242 0.0 -17.23833827326273
21.517242 -0.1724138 -17.327119288552673
21.517242 -0.34482759 -17.39464478902934
21.517242 -0.51724136 -17.443818373222996
21.517242 -0.68965518 -17.47848492180814
21.517242 -0.86206895 -17.502400889575853
21.517242 -1.0344827 -17.518686320455284
21.517242 -1.2068965 -17.52969663767763
21.517242 -1.3793104 -17.53711389751294
21.517242 -1.5517242 -17.54210258661692
21.517242 -1.7241379 -17.545455796126078
21.517242 -1.8965517 -17.547709328950706
21.517242 -2.0689654 -17.549223846660674
21.517242 -2.2413793 -17.550241777578023
21.517242 -2.4137931 -17.550925999007497
21.517242 -2.5862069 -17.551385943312216
21.517242 -2.7586207 -17.551695141407126
21.517242 -2.9310346 -17.551903008319222
21.517242 -3.1034484 -17.552042756223443
21.517242 -3.275862 -17.552136709820424
21.517242 -3.4482758 -17.552199876526334
21.517242 -3.6206896 -17.552242344967382
21.517242 -3.7931035 -17.55227089767183
21.517242 -3.9655173 -17.55229009449897
21.517242 -4.1379309 -17.552303001125953
21.517242 -4.3103447 -17.55231167869136
21.517242 -4.4827585 -17.55231751291362
21.517242 -4.6551723 -17.55232143546294
21.517242 -4.8275862 -17.552324072731203
21.517242 -5.0 -17.552325845858277

21.862068 0.0 -17.283079338281897
21.862068 -0.1724138 -17.379426787107704
21.862068 -0.34482759 -17.44893564666254
21.862068 -0.51724136 -17.49485076237296
21.862068 -0.68965518 -17.52314768528403
21.862068 -0.86206895 -17.539791640254943
21.862068 -1.0344827 -17.549339848308396
21.862068 -1.2068965 -17.554782967000403
21.862068 -1.3793104 -17.5579117009442
21.862068 -1.5517242 -17.559742982440664
21.862068 -1.7241379 -17.56083995030234
21.862068 -1.8965517 -17.56151303667769
21.862068 -2.0689654 -17.5619352198326
21.862068 -2.2413793 -17.56220495445813
21.862068 -2.4137931 -17.56237980264127
21.862068 -2.5862069 -17.56249438077392
21.862068 -2.7586207 -17.56257005741432
21.862068 -2.9310346 -17.56262031986597
21.862068 -3.1034484 -17.562653832747092
21.862068 -3.275862 -17.562676237567793
21.862068 -3.4482758 -17.56269124360765
21.862068 -3.6206896 -17.562701306661154
21.862068 -3.7931035 -17.56270806063262
21.862068 -3.9655173 -17.562712596236892
21.862068 -4.1379309 -17.5627156432731
21.862068 -4.3103447 -17.562717690817756
21.862068 -4.4827585 -17.562719066962604
21.862068 -4.6551723 -17.562719991971267
21.862068 -4.8275862 -17.562720613787274
21.862068 -5.0 -17.562721031810593

22.206898 0.0 -17.329344952246494
22.206898 -0.1724138 -17.4419359821428
22.206898 -0.34482759 -17.524273137123547
22.206898 -0.51724136 -17.575272312782047
22.206898 -0.68965518 -17.600385716014703
22.206898 -0.86206895 -17.60866877489184
22.206898 -1.0344827 -17.608255844726052
22.206898 -1.2068965 -17.60441545625276
22.206898 -1.3793104 -17.59989057583769
22.206898 -1.5517242 -17.595846102374093
22.206898 -1.7241379 -17.592629204876847
22.206898 -1.8965517 -17.590225920449143
22.206898 -2.0689654 -17.58849620275966
22.206898 -2.2413793 -17.587280051677432
22.206898 -2.4137931 -17.58643779350809
22.206898 -2.5862069 -17.585860220933434
22.206898 -2.7586207 -17.58546673947535
22.206898 -2.9310346 -17.58519983894601
22.206898 -3.1034484 -17.58501932541094
22.206898 -3.275862 -17.58489747596319
22.206898 -3.4482758 -17.58481533290131
22.206898 -3.6206896 -17.584760005946947
22.206898 -3.7931035 -17.584722762736227
22.206898 -3.9655173 -17.584697702500073
22.206898 -4.1379309 -17.584680844437592
22.206898 -4.3103447 -17.584669505990064
22.206898 -4.4827585 -17.584661880868545
22.206898 -4.6551723 -17.58465675337777
22.206898 -4.8275862 -17.584653305596998
22.206898 -5.0 -17.584650987358863

22.551723 0.0 -17.366349201960293
22.551723 -0.1724138 -17.50193721932499
22.551723 -0.34482759 -17.60758049447448
22.551723 -0.51724136 -17.67712136694519
22.551723 -0.68965518 -17.711673534418985
22.551723 -0.86206895 -17.718941323798628
22.551723 -1.0344827 -17.71000278824529
22.551723 -1.2068965 -17.694638920683037
22.551723 -1.3793104 -17.67887364941113
22.551723 -1.5517242 -17.66538119796862
22.551723 -1.7241379 -17.65484617583338
22.551723 -1.8965517 -17.647045981761444
22.551723 -2.0689654 -17.641458066366013
22.551723 -2.2413793 -17.637539207465593
22.551723 -2.4137931 -17.63482905734446
22.551723 -2.5862069 -17.63297215635278
22.551723 -2.7586207 -17.631707755001447
22.551723 -2.9310346 -17.63085037689713
22.551723 -3.1034484 -17.63027062092726
22.551723 -3.275862 -17.629879327532052
22.551723 -3.4482758 -17.629615565122695
22.551723 -3.6206896 -17.62943791953683
22.551723 -3.7931035 -17.62931834227323
22.551723 -3.9655173 -17.629237883040155
22.551723 -4.1379309 -17.629183758877108
22.551723 -4.3103447 -17.629147356284808
22.551723 -4.4827585 -17.629122875673602
22.551723 -4.6551723 -17.629106413840002
22.551723 -4.8275862 -17.629095344760465
22.551723 -5.0 -17.62908790208757

22.896551 0.0 -17.38532729433385
22.896551 -0.1724138 -17.541230167534525
22.896551 -0.34482759 -17.67866600702263
22.896551 -0.51724136 -17.783215089320006
22.896551 -0.68965518 -17.84447432798948
22.896551 -0.86206895 -17.865426247591056
22.896551 -1.0344827 -17.858482327143786
22.896551 -1.2068965 -17.836930277317943
22.896551 -1.3793104 -17.81090774022662
22.896551 -1.5517242 -17.7864867486532
22.896551 -1.7241379 -17.766289514622464
22.896551 -1.8965517 -17.750777495351738
22.896551 -2.0689654 -17.73939952695226
22.896551 -2.2413793 -17.731296257415433
22.896551 -2.4137931 -17.72563520599062
22.896551 -2.5862069 -17.72173027782399
22.896551 -2.7586207 -17.71905938942873
22.896551 -2.9310346 -17.71724285137093
22.896551 -3.1034484 -17.71601204690014
22.896551 -3.275862 -17.71518022368078
22.896551 -3.4482758 -17.714619002688007
22.896551 -3.6206896 -17.714240787440794
22.896551 -3.7931035 -17.713986098356866
22.896551 -3.9655173 -17.71381468027541
22.896551 -4.1379309 -17.71369934771536
22.896551 -4.3103447 -17.713621768242565
22.896551 -4.4827585 -17.713569591985895
22.896551 -4.6551723 -17.713534504425713
22.896551 -4.8275862 -17.713510910358657
22.896551 -5.0 -17.71349504568227

23.241379 0.0 -17.393575813085587
23.241379 -0.1724138 -17.559651970026508
23.241379 -0.34482759 -17.71690313411714
23.241379 -0.51724136 -17.857134542296436
23.241379 -0.68965518 -17.96693384119932
23.241379 -0.86206895 -18.031147413299674
23.241379 -1.0344827 -18.0475421951732
23.241379 -1.2068965 -18.031307195156405
23.241379 -1.3793104 -18.001016739224386
23.241379 -1.5517242 -17.96871602946316
23.241379 -1.7241379 -17.940076605707187
23.241379 -1.8965517 -17.91699884118407
23.241379 -2.0689654 -17.899473953426977
23.241379 -2.2413793 -17.886679888447183
23.241379 -2.4137931 -17.877585251678465
23.241379 -2.5862069 -17.87123617805015
23.241379 -2.7586207 -17.866857759606212
23.241379 -2.9310346 -17.86386322225462
23.241379 -3.1034484 -17.861826574349944
23.241379 -3.275862 -17.860446612583985
23.241379 -3.4482758 -17.859513964013157
23.241379 -3.6206896 -17.85888470823881
23.241379 -3.7931035 -17.858460637911133
23.241379 -3.9655173 -17.858175067913535
23.241379 -4.1379309 -17.857982864305967
23.241379 -4.3103447 -17.857853546067975
23.241379 -4.4827585 -17.857766558862377
23.241379 -4.6551723 -17.857708055291685
23.241379 -4.8275862 -17.857668712656825
23.241379 -5.0 -17.857642257338973

23.586206 0.0 -17.39628189753443
23.586206 -0.1724138 -17.566582443390296
23.586206 -0.34482759 -17.733940669509007
23.586206 -0.51724136 -17.89384368661645
23.586206 -0.68965518 -18.037756609367708
23.586206 -0.86206895 -18.154277227476985
23.586206 -1.0344827 -18.231007962421394
23.586206 -1.2068965 -18.260894485990594
23.586206 -1.3793104 -18.25183982048625
23.586206 -1.5517242 -18.222416766924912
23.586206 -1.7241379 -18.18854496680864
23.586206 -1.8965517 -18.15837165579939
23.586206 -2.0689654 -18.134418399773296
23.586206 -2.2413793 -18.116540562809956
23.586206 -2.4137931 -18.103675364587136
23.586206 -2.5862069 -18.094627420358286
23.586206 -2.7586207 -18.088358498145695
23.586206 -2.9310346 -18.084057840372818
23.586206 -3.1034484 -18.081126933023857
23.586206 -3.275862 -18.07913836154312
23.586206 -3.4482758 -18.077793164016022
23.586206 -3.6206896 -18.076885009926393
23.586206 -3.7931035 -18.076272733229278
23.586206 -3.9655173 -18.07586031134823
23.586206 -4.1379309 -18.07558267851758
23.586206 -4.3103447 -18.07539585869674
23.586206 -4.4827585 -18.07527018199415
23.586206 -4.6551723 -18.075185652917547
23.586206 -4.8275862 -18.075128806439075
23.586206 -5.0 -18.075090579976095

23.931034 0.0 -17.397261182398328
23.931034 -0.1724138 -17.568988464414016
23.931034 -0.34482759 -17.73959192750766
23.931034 -0.51724136 -17.907733646711545
23.931034 -0.68965518 -18.070483421392833
23.931034 -0.86206895 -18.22086987805017
23.931034 -1.0344827 -18.347203785962744
23.931034 -1.2068965 -18.43822601415415
23.931034 -1.3793104 -18.489654759142258
23.931034 -1.5517242 -18.50626860347935
23.931034 -1.7241379 -18.499512124111057
23.931034 -1.8965517 -18.481843271399168
23.931034 -2.0689654 -18.46207242246869
23.931034 -2.2413793 -18.444574120126543
23.931034 -2.4137931 -18.430718842766147
23.931034 -2.5862069 -18.420404233329066
23.931034 -2.7586207 -18.413002237414243
23.931034 -2.9310346 -18.407810021159488
23.931034 -3.1034484 -18.404220367976826
23.931034 -3.275862 -18.40176190324226
23.931034 -3.4482758 -18.400088526112228
23.931034 -3.6206896 -18.398954171988276
23.931034 -3.7931035 -18.39818729848118
23.931034 -3.9655173 -18.39766979791083
23.931034 -4.1379309 -18.397321002301265
23.931034 -4.3103447 -18.39708610436817
23.931034 -4.4827585 -18.39692799778158
23.931034 -4.6551723 -18.396821617348
23.931034 -4.8275862 -18.396750057900345
23.931034 -5.0 -18.396701929663315

24.275862 0.0 -17.397546461624326
24.275862 -0.1724138 -17.569748832466487
24.275862 -0.34482759 -17.741636588782796
24.275862 -0.51724136 -17.912684048803595
24.275862 -0.68965518 -18.08162248436974
24.275862 -0.86206895 -18.246166608495184
24.275862 -1.0344827 -18.402300456326376
24.275862 -1.2068965 -18.542410779612872
24.275862 -1.3793104 -18.655687946041574
24.275862 -1.5517242 -18.734396074286238
24.275862 -1.7241379 -18.779973714368587
24.275862 -1.8965517 -18.801232398125116
24.275862 -2.0689654 -18.808180608531426
24.275862 -2.2413793 -18.808222718983597
24.275862 -2.4137931 -18.805665181829863
24.275862 -2.5862069 -18.802603845167354
24.275862 -2.7586207 -18.799881237730165
24.275862 -2.9310346 -18.79773169206103
24.275862 -3.1034484 -18.796136324169463
24.275862 -3.275862 -18.794993972742386
24.275862 -3.4482758 -18.79419383311938
24.275862 -3.6206896 -18.793641185814565
24.275862 -3.7931035 -18.793262928842974
24.275862 -3.9655173 -18.793005571641924
24.275862 -4.1379309 -18.79283116135554
24.275862 -4.3103447 -18.792713273569973
24.275862 -4.4827585 -18.792633730248305
24.275862 -4.6551723 -18.79258012229373
24.275862 -4.8275862 -18.792544021767192
24.275862 -5.0 -18.79251972389427

24.620689 0.0 -17.397634324267212
24.620689 -0.1724138 -17.569986796298153
24.620689 -0.34482759 -17.742234723853993
24.620689 -0.51724136 -17.914222212810934
24.620689 -0.68965518 -18.085620369198857
24.620689 -0.86206895 -18.255593042465225
24.620689 -1.0344827 -18.42224395205585
24.620689 -1.2068965 -18.582426131327846
24.620689 -1.3793104 -18.731934775063895
24.620689 -1.5517242 -18.865531427590994
24.620689 -1.7241379 -18.97769325631819
24.620689 -1.8965517 -19.065001529220112
24.620689 -2.0689654 -19.128123941111244
24.620689 -2.2413793 -19.171194587471874
24.620689 -2.4137931 -19.199546748042426
24.620689 -2.5862069 -19.217909534062205
24.620689 -2.7586207 -19.22976879861308
24.620689 -2.9310346 -19.237460696604924
24.620689 -3.1034484 -19.242484168678114
24.620689 -3.275862 -19.24578792760823
24.620689 -3.4482758 -19.24797370317698
24.620689 -3.6206896 -19.249426575968762
24.620689 -3.7931035 -19.250395636721237
24.620689 -3.9655173 -19.251043599551785
24.620689 -4.1379309 -19.251477613935254
24.620689 -4.3103447 -19.25176867321076
24.620689 -4.4827585 -19.251964024388723
24.620689 -4.6551723 -19.252095212453227
24.620689 -4.8275862 -19.25218334535601
24.620689 -5.0 -19.252242568718238

24.965517 0.0 -17.397662071548993
24.965517 -0.1724138 -17.57005479985814
24.965517 -0.34482759 -17.742417452397408
24.965517 -0.51724136 -17.91470802056147
24.965517 -0.68965518 -18.086805590917542
24.965517 -0.86206895 -18.25844172644833
24.965517 -1.0344827 -18.429124329193545
24.965517 -1.2068965 -18.597871630031882
24.965517 -1.3793104 -18.762758894525163
24.965517 -1.5517242 -18.920808568732195
24.965517 -1.7241379 -19.06846044179643
24.965517 -1.8965517 -19.202229006297152
24.965517 -2.0689654 -19.319266510629955
24.965517 -2.2413793 -19.41784338024268
24.965517 -2.4137931 -19.497672436137673
24.965517 -2.5862069 -19.55990928367687
24.965517 -2.7586207 -19.60679388478605
24.965517 -2.9310346 -19.641101196654404
24.965517 -3.1034484 -19.66562739739902
24.965517 -3.275862 -19.682851695664752
24.965517 -3.4482758 -19.69479026472197
24.965517 -3.6206896 -19.70298757444604
24.965517 -3.7931035 -19.70857887481986
24.965517 -3.9655173 -19.712375151160572
24.965517 -4.1379309 -19.71494455237425
24.965517 -4.3103447 -19.7166798422186
24.965517 -4.4827585 -19.7178500869277
24.965517 -4.6551723 -19.718638496155815
24.965517 -4.8275862 -19.7191693032988
24.965517 -5.0 -19.719526514967278

25.310345 0.0 -17.397670811047956
25.310345 -0.1724138 -17.570078478655418
25.310345 -0.34482759 -17.74247605503312
25.310345 -0.51724136 -17.914847386562016
25.310345 -0.68965518 -18.087161002001377
25.310345 -0.86206895 -18.25934929675174
25.310345 -1.0344827 -18.431240883045703
25.310345 -1.2068965 -18.60247775165287
25.310345 -1.3793104 -18.772483314468893
25.310345 -1.5517242 -18.940417086980265
25.310345 -1.7241379 -19.105052030310006
25.310345 -1.8965517 -19.264691959312856
25.310345 -2.0689654 -19.41721499892776
25.310345 -2.2413793 -19.560188737472167
25.310345 -2.4137931 -19.691037340549894
25.310345 -2.5862069 -19.807329825757424
25.310345 -2.7586207 -19.907205168662838
25.310345 -2.9310346 -19.98981504275687
25.310345 -3.1034484 -20.055568922575503
25.310345 -3.275862 -20.106035243796395
25.310345 -3.4482758 -20.143544724317678
25.310345 -3.6206896 -20.170693285533982
25.310345 -3.7931035 -20.189937947086175
25.310345 -3.9655173 -20.203368036905665
25.310345 -4.1379309 -20.212634308171754
25.310345 -4.3103447 -20.218976236702762
25.310345 -4.4827585 -20.22329227574267
25.310345 -4.6551723 -20.2262181633145
25.310345 -4.8275862 -20.228196373318568
25.310345 -5.0 -20.229531427467872

25.655172 0.0 -17.397673558902863
25.655172 -0.1724138 -17.570085507819385
25.655172 -0.34482759 -17.74249429203444
25.655172 -0.51724136 -17.914895700421216
25.655172 -0.68965518 -18.08727853365074
25.655172 -0.86206895 -18.259615204616807
25.655172 -1.0344827 -18.431855134703003
25.655172 -1.2068965 -18.603912336667218
25.655172 -1.3793104 -18.775621590490072
25.655172 -1.5517242 -18.946680487226196
25.655172 -1.7241379 -19.116629403525753
25.655172 -1.8965517 -19.284854181413948
25.655172 -2.0689654 -19.450557415025738
25.655172 -2.2413793 -19.612687182945276
25.655172 -2.4137931 -19.769845959625815
25.655172 -2.5862069 -19.920222280550615
25.655172 -2.7586207 -20.06159132496111
25.655172 -2.9310346 -20.19144760027639
25.655172 -3.1034484 -20.30731566262684
25.655172 -3.275862 -20.40721700779705
25.655172 -3.4482758 -20.490152567570423
25.655172 -3.6206896 -20.556383032550926
25.655172 -3.7931035 -20.607357931954787
25.655172 -3.9655173 -20.645331866032578
25.655172 -4.1379309 -20.672865423571647
25.655172 -4.3103447 -20.692409026747608
25.655172 -4.4827585 -20.706060969293922
25.655172 -4.6551723 -20.71548681226636
25.655172 -4.8275862 -20.721941055371108
25.655172 -5.0 -20.726334989141193

26.0 0.0 -17.397674277009422
26.0 -0.1724138 -17.570087566686333
26.0 -0.34482759 -17.742500039879324
26.0 -0.51724136 -17.914910135747007
26.0 -0.68965518 -18.08731430716539
26.0 -0.86206895 -18.25970539164901
26.0 -1.0344827 -18.432067506583202
26.0 -1.2068965 -18.604365423955887
26.0 -1.3793104 -18.776537681056674
26.0 -1.5517242 -18.948495337133547
26.0 -1.7241379 -19.120114908559017
26.0 -1.8965517 -19.291219442144094
26.0 -2.0689654 -19.461554236575747
26.0 -2.2413793 -19.630758363994946
26.0 -2.4137931 -19.79832009065614
26.0 -2.5862069 -19.963516324662674
26.0 -2.7586207 -20.12533603383275
26.0 -2.9310346 -20.28240097387882
26.0 -3.1034484 -20.432906479458453
26.0 -3.275862 -20.574626958656097
26.0 -3.4482758 -20.705045297196254
26.0 -3.6206896 -20.821655068452458
26.0 -3.7931035 -20.922422182960936
26.0 -3.9655173 -21.006271190114855
26.0 -4.1379309 -21.073382630267364
26.0 -4.3103447 -21.125141783580776
26.0 -4.4827585 -21.163767380164927
26.0 -4.6551723 -21.191812777534768
26.0 -4.8275862 -21.211741075591366
26.0 -5.0 -21.225672779653507
