# KROME file, XRAY He rate
# Distance = 7 kpc
# Xray rate including primary He ionization in 1/s
# first line indicates the size of the table (30x30)
# then first column is the parameter log10(nH), where nH is the H column density in cm-2
# second column is log10(xHe), where xHe = nHe/nH both in cm-2
# third column is log10(rate), where rate is in units of 1/s
30, 30
16.0 0.0 -17.41139599109871
16.0 -0.1724138 -17.41029572118267
16.0 -0.34482759 -17.408664423043543
16.0 -0.51724136 -17.40624942155507
16.0 -0.68965518 -17.402682145515836
16.0 -0.86206895 -17.397429985237782
16.0 -1.0344827 -17.38973382836933
16.0 -1.2068965 -17.378533443898345
16.0 -1.3793104 -17.36239124612133
16.0 -1.5517242 -17.339440119621862
16.0 -1.7241379 -17.307401438280007
16.0 -1.8965517 -17.263734631347347
16.0 -2.0689654 -17.205963767561578
16.0 -2.2413793 -17.132151402377445
16.0 -2.4137931 -17.04137355690889
16.0 -2.5862069 -16.933976909257844
16.0 -2.7586207 -16.81148001215285
16.0 -2.9310346 -16.676172851515762
16.0 -3.1034484 -16.53061770721336
16.0 -3.275862 -16.37724351895574
16.0 -3.4482758 -16.218116546457047
16.0 -3.6206896 -16.054870088934
16.0 -3.7931035 -15.888730338881357
16.0 -3.9655173 -15.720586410594475
16.0 -4.1379309 -15.551067378763143
16.0 -4.3103447 -15.380610605803126
16.0 -4.4827585 -15.209517560358229
16.0 -4.6551723 -15.03799401431536
16.0 -4.8275862 -14.8661796917439
16.0 -5.0 -14.694169474655382

16.344828 0.0 -17.41139623432344
16.344828 -0.1724138 -17.410295886861338
16.344828 -0.34482759 -17.40866453657173
16.344828 -0.51724136 -17.406249500000808
16.344828 -0.68965518 -17.402682200345424
16.344828 -0.86206895 -17.39743002414742
16.344828 -1.0344827 -17.389733856515324
16.344828 -1.2068965 -17.37853346472301
16.344828 -1.3793104 -17.362391261907604
16.344828 -1.5517242 -17.339440131866976
16.344828 -1.7241379 -17.307401447950244
16.344828 -1.8965517 -17.26373463905646
16.344828 -2.0689654 -17.205963773700645
16.344828 -2.2413793 -17.13215140721104
16.344828 -2.4137931 -17.041373560642043
16.344828 -2.5862069 -16.933976912074034
16.344828 -2.7586207 -16.811480014226657
16.344828 -2.9310346 -16.67617285300969
16.344828 -3.1034484 -16.53061770826996
16.344828 -3.275862 -16.37724351969235
16.344828 -3.4482758 -16.218116546965064
16.344828 -3.6206896 -16.054870089281636
16.344828 -3.7931035 -15.88873033911793
16.344828 -3.9655173 -15.720586410754851
16.344828 -4.1379309 -15.551067378871576
16.344828 -4.3103447 -15.380610605876305
16.344828 -4.4827585 -15.209517560407557
16.344828 -4.6551723 -15.037994014348582
16.344828 -4.8275862 -14.866179691766263
16.344828 -5.0 -14.69416947467043

16.689655 0.0 -17.411396772387047
16.689655 -0.1724138 -17.41029625337703
16.689655 -0.34482759 -17.40866478771974
16.689655 -0.51724136 -17.406249673539143
16.689655 -0.68965518 -17.402682321639915
16.689655 -0.86206895 -17.397430110223667
16.689655 -1.0344827 -17.389733918780145
16.689655 -1.2068965 -17.378533510791524
16.689655 -1.3793104 -17.362391296830133
16.689655 -1.5517242 -17.339440158955725
16.689655 -1.7241379 -17.307401469342835
16.689655 -1.8965517 -17.263734656110632
16.689655 -2.0689654 -17.20596378728155
16.689655 -2.2413793 -17.132151417903966
16.689655 -2.4137931 -17.041373568900557
16.689655 -2.5862069 -16.93397691830404
16.689655 -2.7586207 -16.811480018814358
16.689655 -2.9310346 -16.676172856314565
16.689655 -3.1034484 -16.530617710607387
16.689655 -3.275862 -16.377243521321887
16.689655 -3.4482758 -16.218116548088904
16.689655 -3.6206896 -16.054870090050677
16.689655 -3.7931035 -15.888730339641283
16.689655 -3.9655173 -15.720586411109636
16.689655 -4.1379309 -15.551067379111451
16.689655 -4.3103447 -15.380610606038195
16.689655 -4.4827585 -15.20951756051668
16.689655 -4.6551723 -15.037994014422077
16.689655 -4.8275862 -14.866179691815733
16.689655 -5.0 -14.694169474703715

17.034483 0.0 -17.411397962701784
17.034483 -0.1724138 -17.410297064190516
17.034483 -0.34482759 -17.40866534331466
17.034483 -0.51724136 -17.40625005744439
17.034483 -0.68965518 -17.402682589970237
17.034483 -0.86206895 -17.397430300643435
17.034483 -1.0344827 -17.389734056523768
17.034483 -1.2068965 -17.37853361270531
17.034483 -1.3793104 -17.362391374086535
17.034483 -1.5517242 -17.339440218882057
17.034483 -1.7241379 -17.307401516667998
17.034483 -1.8965517 -17.263734693838256
17.034483 -2.0689654 -17.205963817325532
17.034483 -2.2413793 -17.132151441559095
17.034483 -2.4137931 -17.041373587170224
17.034483 -2.5862069 -16.933976932086193
17.034483 -2.7586207 -16.81148002896337
17.034483 -2.9310346 -16.676172863625688
17.034483 -3.1034484 -16.5306177157783
17.034483 -3.275862 -16.377243524926783
17.034483 -3.4482758 -16.218116550575086
17.034483 -3.6206896 -16.05487009175197
17.034483 -3.7931035 -15.888730340799054
17.034483 -3.9655173 -15.720586411894498
17.034483 -4.1379309 -15.551067379642108
17.034483 -4.3103447 -15.38061060639633
17.034483 -4.4827585 -15.209517560758085
17.034483 -4.6551723 -15.037994014584662
17.034483 -4.8275862 -14.866179691925172
17.034483 -5.0 -14.694169474777354

17.379311 0.0 -17.411400595929468
17.379311 -0.1724138 -17.41029885788307
17.379311 -0.34482759 -17.408666572410088
17.379311 -0.51724136 -17.406250906725727
17.379311 -0.68965518 -17.40268318357506
17.379311 -0.86206895 -17.397430721893322
17.379311 -1.0344827 -17.38973436124261
17.379311 -1.2068965 -17.3785338381608
17.379311 -1.3793104 -17.36239154499452
17.379311 -1.5517242 -17.339440351452165
17.379311 -1.7241379 -17.307401621361578
17.379311 -1.8965517 -17.263734777299977
17.379311 -2.0689654 -17.20596388378937
17.379311 -2.2413793 -17.132151493889392
17.379311 -2.4137931 -17.041373627586708
17.379311 -2.5862069 -16.933976962575322
17.379311 -2.7586207 -16.811480051415195
17.379311 -2.9310346 -16.676172879799488
17.379311 -3.1034484 -16.530617727217475
17.379311 -3.275862 -16.377243532901602
17.379311 -3.4482758 -16.218116556075064
17.379311 -3.6206896 -16.054870095515597
17.379311 -3.7931035 -15.888730343360296
17.379311 -3.9655173 -15.720586413630786
17.379311 -4.1379309 -15.551067380816036
17.379311 -4.3103447 -15.380610607188602
17.379311 -4.4827585 -15.209517561292124
17.379311 -4.6551723 -15.037994014944335
17.379311 -4.8275862 -14.866179692167275
17.379311 -5.0 -14.694169474940255

17.724138 0.0 -17.411406421138256
17.724138 -0.1724138 -17.41030282588671
17.724138 -0.34482759 -17.408669291417006
17.724138 -0.51724136 -17.406252785509196
17.724138 -0.68965518 -17.40268449675084
17.724138 -0.86206895 -17.397431653785006
17.724138 -1.0344827 -17.389735035343787
17.724138 -1.2068965 -17.378534336915113
17.724138 -1.3793104 -17.362391923078494
17.724138 -1.5517242 -17.339440644724817
17.724138 -1.7241379 -17.307401852965555
17.724138 -1.8965517 -17.263734961934677
17.724138 -2.0689654 -17.205964030821207
17.724138 -2.2413793 -17.132151609654905
17.724138 -2.4137931 -17.041373716996386
17.724138 -2.5862069 -16.933977030023616
17.724138 -2.7586207 -16.811480101083305
17.724138 -2.9310346 -16.676172915579293
17.724138 -3.1034484 -16.53061775252331
17.724138 -3.275862 -16.377243550543554
17.724138 -3.4482758 -16.21811656824216
17.724138 -3.6206896 -16.054870103841527
17.724138 -3.7931035 -15.888730349026293
17.724138 -3.9655173 -15.720586417471814
17.724138 -4.1379309 -15.55106738341301
17.724138 -4.3103447 -15.380610608941273
17.724138 -4.4827585 -15.209517562473529
17.724138 -4.6551723 -15.037994015740008
17.724138 -4.8275862 -14.866179692702858
17.724138 -5.0 -14.694169475300628

18.068966 0.0 -17.41141930759385
18.068966 -0.1724138 -17.41031160389927
18.068966 -0.34482759 -17.40867530642065
18.068966 -0.51724136 -17.406256941774704
18.068966 -0.68965518 -17.40268740177715
18.068966 -0.86206895 -17.397433715331232
18.068966 -1.0344827 -17.389736526602576
18.068966 -1.2068965 -17.378535440268905
18.068966 -1.3793104 -17.362392759483306
18.068966 -1.5517242 -17.339441293508457
18.068966 -1.7241379 -17.307402365324574
18.068966 -1.8965517 -17.26373537038733
18.068966 -2.0689654 -17.205964356088046
18.068966 -2.2413793 -17.13215186575373
18.068966 -2.4137931 -17.041373914790295
18.068966 -2.5862069 -16.9339771792341
18.068966 -2.7586207 -16.8114802109601
18.068966 -2.9310346 -16.6761729947321
18.068966 -3.1034484 -16.53061780850539
18.068966 -3.275862 -16.37724358957143
18.068966 -3.4482758 -16.21811659515845
18.068966 -3.6206896 -16.054870122260315
18.068966 -3.7931035 -15.888730361560725
18.068966 -3.9655173 -15.720586425969017
18.068966 -4.1379309 -15.551067389158087
18.068966 -4.3103447 -15.380610612818568
18.068966 -4.4827585 -15.209517565087056
18.068966 -4.6551723 -15.037994017500212
18.068966 -4.8275862 -14.866179693887682
18.068966 -5.0 -14.694169476097853

18.413794 0.0 -17.41144781425489
18.413794 -0.1724138 -17.41033102231641
18.413794 -0.34482759 -17.408688612702587
18.413794 -0.51724136 -17.40626613623534
18.413794 -0.68965518 -17.402693828276774
18.413794 -0.86206895 -17.397438275894242
18.413794 -1.0344827 -17.389739825577728
18.413794 -1.2068965 -17.378537881119772
18.413794 -1.3793104 -17.362394609788005
18.413794 -1.5517242 -17.339442728755945
18.413794 -1.7241379 -17.307403498772025
18.413794 -1.8965517 -17.26373627397183
18.413794 -2.0689654 -17.20596507564777
18.413794 -2.2413793 -17.13215243229902
18.413794 -2.4137931 -17.041374352352626
18.413794 -2.5862069 -16.9339775093195
18.413794 -2.7586207 -16.811480454030978
18.413794 -2.9310346 -16.676173169834957
18.413794 -3.1034484 -16.530617932349656
18.413794 -3.275862 -16.377243675909405
18.413794 -3.4482758 -16.218116654703003
18.413794 -3.6206896 -16.05487016300659
18.413794 -3.7931035 -15.888730389289556
18.413794 -3.9655173 -15.720586444766633
18.413794 -4.1379309 -15.551067401867417
18.413794 -4.3103447 -15.380610621395968
18.413794 -4.4827585 -15.209517570868734
18.413794 -4.6551723 -15.037994021394159
18.413794 -4.8275862 -14.866179696508768
18.413794 -5.0 -14.694169477861482

18.758621 0.0 -17.4115108720904
18.758621 -0.1724138 -17.41037397764626
18.758621 -0.34482759 -17.408718047905033
18.758621 -0.51724136 -17.40628647578424
18.758621 -0.68965518 -17.40270804477828
18.758621 -0.86206895 -17.39744836467876
18.758621 -1.0344827 -17.38974712352725
18.758621 -1.2068965 -17.37854328074974
18.758621 -1.3793104 -17.36239870302242
18.758621 -1.5517242 -17.33944590380575
18.758621 -1.7241379 -17.30740600618205
18.758621 -1.8965517 -17.26373827288001
18.758621 -2.0689654 -17.205966667456725
18.758621 -2.2413793 -17.13215368560958
18.758621 -2.4137931 -17.041375320327155
18.758621 -2.5862069 -16.933978239533655
18.758621 -2.7586207 -16.81148099175171
18.758621 -2.9310346 -16.67617355719696
18.758621 -3.1034484 -16.530618206317538
18.758621 -3.275862 -16.37724386690596
18.758621 -3.4482758 -16.21811678642725
18.758621 -3.6206896 -16.054870253145346
18.758621 -3.7931035 -15.888730450631165
18.758621 -3.9655173 -15.720586486350644
18.758621 -4.1379309 -15.551067429982949
18.758621 -4.3103447 -15.380610640370858
18.758621 -4.4827585 -15.209517583658938
18.758621 -4.6551723 -15.037994030008331
18.758621 -4.8275862 -14.866179702307123
18.758621 -5.0 -14.694169481762978

19.103449 0.0 -17.41165034628459
19.103449 -0.1724138 -17.410468993294298
19.103449 -0.34482759 -17.40878315986214
19.103449 -0.51724136 -17.406331468846346
19.103449 -0.68965518 -17.40273949357448
19.103449 -0.86206895 -17.397470682657726
19.103449 -1.0344827 -17.38976326785725
19.103449 -1.2068965 -17.378555225725
19.103449 -1.3793104 -17.362407758038515
19.103449 -1.5517242 -17.339452927635843
19.103449 -1.7241379 -17.307411553068818
19.103449 -1.8965517 -17.26374269486252
19.103449 -2.0689654 -17.20597018885519
19.103449 -2.2413793 -17.132156458181733
19.103449 -2.4137931 -17.041377461678582
19.103449 -2.5862069 -16.933979854911406
19.103449 -2.7586207 -16.811482181295588
19.103449 -2.9310346 -16.676174414117515
19.103449 -3.1034484 -16.530618812387935
19.103449 -3.275862 -16.377244289427516
19.103449 -3.4482758 -16.21811707782687
19.103449 -3.6206896 -16.054870452549764
19.103449 -3.7931035 -15.8887305863307
19.103449 -3.9655173 -15.720586578342536
19.103449 -4.1379309 -15.551067492179948
19.103449 -4.3103447 -15.380610682346985
19.103449 -4.4827585 -15.209517611953345
19.103449 -4.6551723 -15.037994049064547
19.103449 -4.8275862 -14.866179715134207
19.103449 -5.0 -14.694169490393842

19.448277 0.0 -17.41195877739247
19.448277 -0.1724138 -17.410679134345333
19.448277 -0.34482759 -17.40892717598329
19.448277 -0.51724136 -17.40643099086101
19.448277 -0.68965518 -17.402809058967073
19.448277 -0.86206895 -17.39752005168083
19.448277 -1.0344827 -17.38979898088495
19.448277 -1.2068965 -17.378581649600278
19.448277 -1.3793104 -17.3624277890775
19.448277 -1.5517242 -17.33946846545701
19.448277 -1.7241379 -17.307423823688655
19.448277 -1.8965517 -17.263752477021907
19.448277 -2.0689654 -17.205977978775213
19.448277 -2.2413793 -17.13216259157103
19.448277 -2.4137931 -17.041382198699612
19.448277 -2.5862069 -16.93398342838924
19.448277 -2.7586207 -16.811484812757552
19.448277 -2.9310346 -16.67617630976191
19.448277 -3.1034484 -16.530620153111137
19.448277 -3.275862 -16.377245224111334
19.448277 -3.4482758 -16.21811772244823
19.448277 -3.6206896 -16.0548708936633
19.448277 -3.7931035 -15.88873088651909
19.448277 -3.9655173 -15.720586781842824
19.448277 -4.1379309 -15.551067629769319
19.448277 -4.3103447 -15.380610775204662
19.448277 -4.4827585 -15.209517674544939
19.448277 -4.6551723 -15.037994091219835
19.448277 -4.8275862 -14.866179743509694
19.448277 -5.0 -14.69416950948664

19.793104 0.0 -17.41264052335266
19.793104 -0.1724138 -17.41114374476448
19.793104 -0.34482759 -17.40924564383895
19.793104 -0.51724136 -17.406651093395375
19.793104 -0.68965518 -17.40296292176698
19.793104 -0.86206895 -17.397629250525917
19.793104 -1.0344827 -17.389877976977054
19.793104 -1.2068965 -17.37864009975263
19.793104 -1.3793104 -17.362472098820884
19.793104 -1.5517242 -17.339502836286734
19.793104 -1.7241379 -17.307450967372382
19.793104 -1.8965517 -17.263774116070216
19.793104 -2.0689654 -17.20599521081434
19.793104 -2.2413793 -17.13217615919706
19.793104 -2.4137931 -17.041392677413047
19.793104 -2.5862069 -16.933991333226313
19.793104 -2.7586207 -16.811490633764528
19.793104 -2.9310346 -16.676180503073997
19.793104 -3.1034484 -16.530623118890702
19.793104 -3.275862 -16.377247291699458
19.793104 -3.4482758 -16.218119148396195
19.793104 -3.6206896 -16.05487186943706
19.793104 -3.7931035 -15.888731550556402
19.793104 -3.9655173 -15.720587231999307
19.793104 -4.1379309 -15.551067934126314
19.793104 -4.3103447 -15.380610980612099
19.793104 -4.4827585 -15.209517813001753
19.793104 -4.6551723 -15.03799418447016
19.793104 -4.8275862 -14.86617980627817
19.793104 -5.0 -14.694169551721188

20.137932 0.0 -17.414145926066954
20.137932 -0.1724138 -17.412170269959432
20.137932 -0.34482759 -17.409949550369515
20.137932 -0.51724136 -17.407137711131508
20.137932 -0.68965518 -17.40330315189614
20.137932 -0.86206895 -17.397870745607506
20.137932 -1.0344827 -17.390052691881838
20.137932 -1.2068965 -17.378769380111773
20.137932 -1.3793104 -17.36257010665253
20.137932 -1.5517242 -17.33957886203723
20.137932 -1.7241379 -17.307511007936792
20.137932 -1.8965517 -17.26382198091444
20.137932 -2.0689654 -17.20603332755185
20.137932 -2.2413793 -17.132206170314134
20.137932 -2.4137931 -17.04141585588227
20.137932 -2.5862069 -16.93400881831729
20.137932 -2.7586207 -16.811503509478083
20.137932 -2.9310346 -16.67618977839198
20.137932 -3.1034484 -16.53062967897202
20.137932 -3.275862 -16.377251865038673
20.137932 -3.4482758 -16.21812230247364
20.137932 -3.6206896 -16.05487402776435
20.137932 -3.7931035 -15.888733019348383
20.137932 -3.9655173 -15.720588227705187
20.137932 -4.1379309 -15.551068607336504
20.137932 -4.3103447 -15.38061143495468
20.137932 -4.4827585 -15.209518119255584
20.137932 -4.6551723 -15.037994390731342
20.137932 -4.8275862 -14.866179945116283
20.137932 -5.0 -14.694169645140132

20.482758 0.0 -17.417462715787252
20.482758 -0.1724138 -17.41443483607497
20.482758 -0.34482759 -17.4115037317888
20.482758 -0.51724136 -17.408212751655245
20.482758 -0.68965518 -17.404055082776793
20.482758 -0.86206895 -17.398404604269135
20.482758 -1.0344827 -17.390438990631633
20.482758 -1.2068965 -17.379055254823903
20.482758 -1.3793104 -17.362786845290398
20.482758 -1.5517242 -17.339746996411016
20.482758 -1.7241379 -17.307643793920032
20.482758 -1.8965517 -17.263927840374254
20.482758 -2.0689654 -17.20611762801742
20.482758 -2.2413793 -17.13227254381835
20.482758 -2.4137931 -17.041467117699252
20.482758 -2.5862069 -16.93404748822451
20.482758 -2.7586207 -16.8115319850587
20.482758 -2.9310346 -16.67621029127139
20.482758 -3.1034484 -16.530644186861615
20.482758 -3.275862 -16.377261979116525
20.482758 -3.4482758 -16.218129277785916
20.482758 -3.6206896 -16.05487880094069
20.482758 -3.7931035 -15.88873626760014
20.482758 -3.9655173 -15.720590429718383
20.482758 -4.1379309 -15.551070096146072
20.482758 -4.3103447 -15.380612439736243
20.482758 -4.4827585 -15.20951879653765
20.482758 -4.6551723 -15.037994846878979
20.482758 -4.8275862 -14.866180252157408
20.482758 -5.0 -14.69416985173653

20.827587 0.0 -17.42473539412813
20.827587 -0.1724138 -17.41941403480022
20.827587 -0.34482759 -17.41492737555939
20.827587 -0.51724136 -17.410583911630056
20.827587 -0.68965518 -17.40571499107445
20.827587 -0.86206895 -17.399583787060738
20.827587 -1.0344827 -17.391292570830256
20.827587 -1.2068965 -17.379687094347947
20.827587 -1.3793104 -17.363265959296896
20.827587 -1.5517242 -17.34011870597568
20.827587 -1.7241379 -17.30793737309447
20.827587 -1.8965517 -17.26416189377484
20.827587 -2.0689654 -17.206304016022862
20.827587 -2.2413793 -17.132419294134408
20.827587 -2.4137931 -17.04158045448799
20.827587 -2.5862069 -16.934132983312736
20.827587 -2.7586207 -16.811594940298548
20.827587 -2.9310346 -16.676255641373146
20.827587 -3.1034484 -16.530676260607798
20.827587 -3.275862 -16.377284338869575
20.827587 -3.4482758 -16.218144698372182
20.827587 -3.6206896 -16.054889353121446
20.827587 -3.7931035 -15.888743448563007
20.827587 -3.9655173 -15.720595297731158
20.827587 -4.1379309 -15.551073387466143
20.827587 -4.3103447 -15.380614661009869
20.827587 -4.4827585 -15.209520293805834
20.827587 -4.6551723 -15.037995855284446
20.827587 -4.8275862 -14.866180930932876
20.827587 -5.0 -14.694170308458832

21.172413 0.0 -17.440517036379234
21.172413 -0.1724138 -17.430282924204555
21.172413 -0.34482759 -17.422430994405744
21.172413 -0.51724136 -17.415795115589805
21.172413 -0.68965518 -17.409369849312757
21.172413 -0.86206895 -17.402183425587264
21.172413 -1.0344827 -17.393175966108863
21.172413 -1.2068965 -17.38108200419172
21.172413 -1.3793104 -17.3643240812531
21.172413 -1.5517242 -17.340939811823382
21.172413 -1.7241379 -17.308585973945917
21.172413 -1.8965517 -17.264679017270428
21.172413 -2.0689654 -17.20671583201737
21.172413 -2.2413793 -17.132743526310257
21.172413 -2.4137931 -17.041830852926502
21.172413 -2.5862069 -16.93432186169663
21.172413 -2.7586207 -16.81173401676753
21.172413 -2.9310346 -16.676355821855378
21.172413 -3.1034484 -16.530747110770868
21.172413 -3.275862 -16.377333729856442
21.172413 -3.4482758 -16.21817876066639
21.172413 -3.6206896 -16.054912661375134
21.172413 -3.7931035 -15.888759310139248
21.172413 -3.9655173 -15.72060605031177
21.172413 -4.1379309 -15.551080657380412
21.172413 -4.3103447 -15.38061956737639
21.172413 -4.4827585 -15.209523600977061
21.172413 -4.6551723 -15.03799808265106
21.172413 -4.8275862 -14.866182430211216
21.172413 -5.0 -14.694171317265832

21.517242 0.0 -17.474023213937084
21.517242 -0.1724138 -17.45364602298867
21.517242 -0.34482759 -17.438699074722177
21.517242 -0.51724136 -17.427159918919205
21.517242 -0.68965518 -17.417372640938268
21.517242 -0.86206895 -17.40789122723326
21.517242 -1.0344827 -17.397318772607665
21.517242 -1.2068965 -17.384154063060006
21.517242 -1.3793104 -17.366656275015835
21.517242 -1.5517242 -17.342750503381534
21.517242 -1.7241379 -17.310016671255173
21.517242 -1.8965517 -17.265819854974357
21.517242 -2.0689654 -17.207624375430864
21.517242 -2.2413793 -17.133458813384056
21.517242 -2.4137931 -17.042383209714757
21.517242 -2.5862069 -16.934738469094718
21.517242 -2.7586207 -16.812040746378774
21.517242 -2.9310346 -16.676576748353337
21.517242 -3.1034484 -16.53090334469341
21.517242 -3.275862 -16.377442637683092
21.517242 -3.4482758 -16.21825386557355
21.517242 -3.6206896 -16.054964052961953
21.517242 -3.7931035 -15.88879428211228
21.517242 -3.9655173 -15.720629757531269
21.517242 -4.1379309 -15.551096685891222
21.517242 -4.3103447 -15.380630384732564
21.517242 -4.4827585 -15.209530892461633
21.517242 -4.6551723 -15.038002993422566
21.517242 -4.8275862 -14.866185735728552
21.517242 -5.0 -14.694173541418971

21.862068 0.0 -17.542029559542847
21.862068 -0.1724138 -17.50228299695912
21.862068 -0.34482759 -17.47317039267938
21.862068 -0.51724136 -17.4515395822069
21.862068 -0.68965518 -17.43468672470345
21.862068 -0.86206895 -17.420312226677165
21.862068 -1.0344827 -17.406369802170584
21.862068 -1.2068965 -17.390883528065554
21.862068 -1.3793104 -17.37177387628702
21.862068 -1.5517242 -17.34672807206392
21.862068 -1.7241379 -17.313161472499594
21.862068 -1.8965517 -17.268328263894006
21.862068 -2.0689654 -17.209622154570877
21.862068 -2.2413793 -17.13503149715378
21.862068 -2.4137931 -17.043597438795853
21.862068 -2.5862069 -16.93565408264634
21.862068 -2.7586207 -16.812714726183902
21.862068 -2.9310346 -16.677062100229374
21.862068 -3.1034484 -16.531246521357943
21.862068 -3.275862 -16.377681831906827
21.862068 -3.4482758 -16.21841880427871
21.862068 -3.6206896 -16.055076907655128
21.862068 -3.7931035 -15.888871076421943
21.862068 -3.9655173 -15.720681814227335
21.862068 -4.1379309 -15.551131880836715
21.862068 -4.3103447 -15.38065413684384
21.862068 -4.4827585 -15.209546902521632
21.862068 -4.6551723 -15.038013776034092
21.862068 -4.8275862 -14.866192993642299
21.862068 -5.0 -14.694178424970687

22.206898 0.0 -17.668064165673936
22.206898 -0.1724138 -17.59711917840713
22.206898 -0.34482759 -17.542854444894687
22.206898 -0.51724136 -17.502081315160453
22.206898 -0.68965518 -17.471215566230324
22.206898 -0.86206895 -17.446837491299654
22.206898 -1.0344827 -17.425859688264726
22.206898 -1.2068965 -17.405455773662705
22.206898 -1.3793104 -17.382896709517834
22.206898 -1.5517242 -17.355393241331008
22.206898 -1.7241379 -17.320021668115395
22.206898 -1.8965517 -17.27380367709682
22.206898 -2.0689654 -17.213983507501997
22.206898 -2.2413793 -17.138464094814
22.206898 -2.4137931 -17.046246578662966
22.206898 -2.5862069 -16.93765075089449
22.206898 -2.7586207 -16.814183768233235
22.206898 -2.9310346 -16.678119560002507
22.206898 -3.1034484 -16.531993966681203
22.206898 -3.275862 -16.378202668259846
22.206898 -3.4482758 -16.218777884620927
22.206898 -3.6206896 -16.055322565382756
22.206898 -3.7931035 -15.889038223596572
22.206898 -3.9655173 -15.720795111220863
22.206898 -4.1379309 -15.551208476247352
22.206898 -4.3103447 -15.380705827435778
22.206898 -4.4827585 -15.209581743738696
22.206898 -4.6551723 -15.038037240910901
22.206898 -4.8275862 -14.86620878800282
22.206898 -5.0 -14.694189052279189

22.551723 0.0 -17.868917681409716
22.551723 -0.1724138 -17.760192471524732
22.551723 -0.34482759 -17.670936969610835
22.551723 -0.51724136 -17.599771945975764
22.551723 -0.68965518 -17.544387250695767
22.551723 -0.86206895 -17.501305472062622
22.551723 -1.0344827 -17.466569984912145
22.551723 -1.2068965 -17.436248961910767
22.551723 -1.3793104 -17.406581961534723
22.551723 -1.5517242 -17.373934947017545
22.551723 -1.7241379 -17.334742351636372
22.551723 -1.8965517 -17.285568251082577
22.551723 -2.0689654 -17.223356574576556
22.551723 -2.2413793 -17.145837561339185
22.551723 -2.4137931 -17.051932001643138
22.551723 -2.5862069 -16.94193134814348
22.551723 -2.7586207 -16.817329957674396
22.551723 -2.9310346 -16.68038224861606
22.551723 -3.1034484 -16.53359214975377
22.551723 -3.275862 -16.379315704048608
22.551723 -3.4482758 -16.219544935221514
22.551723 -3.6206896 -16.05584717664042
22.551723 -3.7931035 -15.889395100581254
22.551723 -3.9655173 -15.721036978594725
22.551723 -4.1379309 -15.551371977145227
22.551723 -4.3103447 -15.380816159218329
22.551723 -4.4827585 -15.209656107830977
22.551723 -4.6551723 -15.03808732217503
22.551723 -4.8275862 -14.86624249734705
22.551723 -5.0 -14.694211733459372

22.896551 0.0 -18.158178482123983
22.896551 -0.1724138 -18.00206770377246
22.896551 -0.34482759 -17.87254549342204
22.896551 -0.51724136 -17.76507768116669
22.896551 -0.68965518 -17.676433745783825
22.896551 -0.86206895 -17.604527966440877
22.896551 -1.0344827 -17.546437007957778
22.896551 -1.2068965 -17.49810486206082
22.896551 -1.3793104 -17.45491080723603
22.896551 -1.5517242 -17.412144868273845
22.896551 -1.7241379 -17.3652509678869
22.896551 -1.8965517 -17.310013582857234
22.896551 -2.0689654 -17.24283986398351
22.896551 -2.2413793 -17.161147344083545
22.896551 -2.4137931 -17.063713839384576
22.896551 -2.5862069 -16.95078199970697
22.896551 -2.7586207 -16.823820930602224
22.896551 -2.9310346 -16.685041665226063
22.896551 -3.1034484 -16.536878223024146
22.896551 -3.275862 -16.38160162528577
22.896551 -3.4482758 -16.221118959131598
22.896551 -3.6206896 -16.056923059465348
22.896551 -3.7931035 -15.890126684388504
22.896551 -3.9655173 -15.721532653867957
22.896551 -4.1379309 -15.551706984334057
22.896551 -4.3103447 -15.381042194428813
22.896551 -4.4827585 -15.209808442610365
22.896551 -4.6551723 -15.038189907265377
22.896551 -4.8275862 -14.866311543766757
22.896551 -5.0 -14.694258189726105

23.241379 0.0 -18.521480619262924
23.241379 -0.1724138 -18.335279325688575
23.241379 -0.34482759 -18.15892428128169
23.241379 -0.51724136 -18.005921580419088
23.241379 -0.68965518 -17.87879643992962
23.241379 -0.86206895 -17.77314223926189
23.241379 -1.0344827 -17.684739820103477
23.241379 -1.2068965 -17.610124769173964
23.241379 -1.3793104 -17.545196718355697
23.241379 -1.5517242 -17.4849627899663
23.241379 -1.7241379 -17.42406004631279
23.241379 -1.8965517 -17.35737733106454
23.241379 -2.0689654 -17.28061341564771
23.241379 -2.2413793 -17.19076044301909
23.241379 -2.4137931 -17.08641300791121
23.241379 -2.5862069 -16.967757230233037
23.241379 -2.7586207 -16.836216927901997
23.241379 -2.9310346 -16.693907116788164
23.241379 -3.1034484 -16.5431122733997
23.241379 -3.275862 -16.38592864839186
23.241379 -3.4482758 -16.224093607554074
23.241379 -3.6206896 -16.058953962707985
23.241379 -3.7931035 -15.891506557617749
23.241379 -3.9655173 -15.722467051040304
23.241379 -4.1379309 -15.552338266654315
23.241379 -4.3103447 -15.381468021744386
23.241379 -4.4827585 -15.210095375634538
23.241379 -4.6551723 -15.038383110491889
23.241379 -4.8275862 -14.866441571698072
23.241379 -5.0 -14.69434567127218

23.586206 0.0 -18.89279831699176
23.586206 -0.1724138 -18.68790676172752
23.586206 -0.34482759 -18.50339011878128
23.586206 -0.51724136 -18.325507805429115
23.586206 -0.68965518 -18.157220342363406
23.586206 -0.86206895 -18.00953435826638
23.586206 -1.0344827 -17.88517948332084
23.586206 -1.2068965 -17.779873005744832
23.586206 -1.3793104 -17.68792445959305
23.586206 -1.5517242 -17.60381760487406
23.586206 -1.7241379 -17.521983220615724
23.586206 -1.8965517 -17.43698540212075
23.586206 -2.0689654 -17.344186168375554
23.586206 -2.2413793 -17.240398463313873
23.586206 -2.4137931 -17.12419981426726
23.586206 -2.5862069 -16.995795983655466
23.586206 -2.7586207 -16.856541711445303
23.586206 -2.9310346 -16.708352605886486
23.586206 -3.1034484 -16.553220157239473
23.586206 -3.275862 -16.392918551024678
23.586206 -3.4482758 -16.228885988245803
23.586206 -3.6206896 -16.06221968448813
23.586206 -3.7931035 -15.893722477879924
23.586206 -3.9655173 -15.723966219874507
23.586206 -4.1379309 -15.553350480227566
23.586206 -4.3103447 -15.38215051473554
23.586206 -4.4827585 -15.21055512453349
23.586206 -4.6551723 -15.038692617442608
23.586206 -4.8275862 -14.866649846117772
23.586206 -5.0 -14.694485783967732

23.931034 0.0 -19.259035727791122
23.931034 -0.1724138 -19.04574413000889
23.931034 -0.34482759 -18.832447235716316
23.931034 -0.51724136 -18.637369474988276
23.931034 -0.68965518 -18.46206301438675
23.931034 -0.86206895 -18.296693693955774
23.931034 -1.0344827 -18.14040195643478
23.931034 -1.2068965 -17.998871542053987
23.931034 -1.3793104 -17.873389506635622
23.931034 -1.5517242 -17.759667452000272
23.931034 -1.7241379 -17.651338894090838
23.931034 -1.8965517 -17.542336832209156
23.931034 -2.0689654 -17.42792879532086
23.931034 -2.2413793 -17.305167236769364
23.931034 -2.4137931 -17.172921006252338
23.931034 -2.5862069 -17.031513764295216
23.931034 -2.7586207 -16.882154707313603
23.931034 -2.9310346 -16.72639621551031
23.931034 -3.1034484 -16.56575987738102
23.931034 -3.275862 -16.40154652342025
23.931034 -3.4482758 -16.234780095591127
23.931034 -3.6206896 -16.066225971850663
23.931034 -3.7931035 -15.896436118541653
23.931034 -3.9655173 -15.725799902141716
23.931034 -4.1379309 -15.554587532576614
23.931034 -4.3103447 -15.382984141109539
23.931034 -4.4827585 -15.211116469423043
23.931034 -4.6551723 -15.039070423257254
23.931034 -4.8275862 -14.866904036684323
23.931034 -5.0 -14.694656766065792

24.275862 0.0 -19.503128467191264
24.275862 -0.1724138 -19.30319214057398
24.275862 -0.34482759 -19.109048744003058
24.275862 -0.51724136 -18.914138207123134
24.275862 -0.68965518 -18.719758082235426
24.275862 -0.86206895 -18.53755149203339
24.275862 -1.0344827 -18.371386106531144
24.275862 -1.2068965 -18.21627432503923
24.275862 -1.3793104 -18.06828427171549
24.275862 -1.5517242 -17.926331430274875
24.275862 -1.7241379 -17.78868156004787
24.275862 -1.8965517 -17.652068608990387
24.275862 -2.0689654 -17.513092043444544
24.275862 -2.2413793 -17.369437041813665
24.275862 -2.4137931 -17.220183613384613
24.275862 -2.5862069 -17.065499021311766
24.275862 -2.7586207 -16.906150843101475
24.275862 -2.9310346 -16.74310222940809
24.275862 -3.1034484 -16.577269570671653
24.275862 -3.275862 -16.409416690141494
24.275862 -3.4482758 -16.240133097533743
24.275862 -3.6206896 -16.06985348197636
24.275862 -3.7931035 -15.898888106310801
24.275862 -3.9655173 -15.727454438261452
24.275862 -4.1379309 -15.555702658087668
24.275862 -4.3103447 -15.383735115882873
24.275862 -4.4827585 -15.211621937153666
24.275862 -4.6551723 -15.039410521221823
24.275862 -4.8275862 -14.867132811609364
24.275862 -5.0 -14.694810631642417

24.620689 0.0 -19.623502337734465
24.620689 -0.1724138 -19.442702607451384
24.620689 -0.34482759 -19.257701961511607
24.620689 -0.51724136 -19.072230925020293
24.620689 -0.68965518 -18.89087822648167
24.620689 -0.86206895 -18.711681291234235
24.620689 -1.0344827 -18.534181992843546
24.620689 -1.2068965 -18.36252065838661
24.620689 -1.3793104 -18.19887749532808
24.620689 -1.5517242 -18.041272371314335
24.620689 -1.7241379 -17.886366150870735
24.620689 -1.8965517 -17.7314933776279
24.620689 -2.0689654 -17.57496152284437
24.620689 -2.2413793 -17.415889301271676
24.620689 -2.4137931 -17.254040197621734
24.620689 -2.5862069 -17.08961599146037
24.620689 -2.7586207 -16.92303865783785
24.620689 -2.9310346 -16.75478195826305
24.620689 -3.1034484 -16.585276451015094
24.620689 -3.275862 -16.414871991607477
24.620689 -3.4482758 -16.24383416090932
24.620689 -3.6206896 -16.07235710629649
24.620689 -3.7931035 -15.900578354156423
24.620689 -3.9655173 -15.728594025776564
24.620689 -4.1379309 -15.55647028508005
24.620689 -4.3103447 -15.384251872479954
24.620689 -4.4827585 -15.211969667129724
24.620689 -4.6551723 -15.039644446527277
24.620689 -4.8275862 -14.867290148554169
24.620689 -5.0 -14.694916442321805

24.965517 0.0 -19.671017901158756
24.965517 -0.1724138 -19.49395564839245
24.965517 -0.34482759 -19.317944690141456
24.965517 -0.51724136 -19.14248118228111
24.965517 -0.68965518 -18.965807225543895
24.965517 -0.86206895 -18.78920238187091
24.965517 -1.0344827 -18.615005873077806
24.965517 -1.2068965 -18.443261545241835
24.965517 -1.3793104 -18.273200393806302
24.965517 -1.5517242 -18.10477599100084
24.965517 -1.7241379 -17.937854910944548
24.965517 -1.8965517 -17.771697829396828
24.965517 -2.0689654 -17.605390420995427
24.965517 -2.2413793 -17.438296084616944
24.965517 -2.4137931 -17.27015879247599
24.965517 -2.5862069 -17.100995576720837
24.965517 -2.7586207 -16.930958407018597
24.965517 -2.9310346 -16.760236247358428
24.965517 -3.1034484 -16.58900476626047
24.965517 -3.275862 -16.41740718210746
24.965517 -3.4482758 -16.24555181349831
24.965517 -3.6206896 -16.07351797414246
24.965517 -3.7931035 -15.901361597654915
24.965517 -3.9655173 -15.729121879665326
24.965517 -4.1379309 -15.556825748313882
24.965517 -4.3103447 -15.384491120624416
24.965517 -4.4827585 -15.212130638835191
24.965517 -4.6551723 -15.039752726346071
24.965517 -4.8275862 -14.867362972812483
24.965517 -5.0 -14.694965415475748

25.310345 0.0 -19.687504656036282
25.310345 -0.1724138 -19.51375321641677
25.310345 -0.34482759 -19.339766166243493
25.310345 -0.51724136 -19.165566870174636
25.310345 -0.68965518 -18.99191110253763
25.310345 -0.86206895 -18.818871024312813
25.310345 -1.0344827 -18.6458922253915
25.310345 -1.2068965 -18.47313158732306
25.310345 -1.3793104 -18.301200685962662
25.310345 -1.5517242 -18.130215834257317
25.310345 -1.7241379 -17.959811370588806
25.310345 -1.8965517 -17.78956919095183
25.310345 -2.0689654 -17.61919884639911
25.310345 -2.2413793 -17.448539524472118
25.310345 -2.4137931 -17.277533570145117
25.310345 -2.5862069 -17.106193100587102
25.310345 -2.7586207 -16.934567284992276
25.310345 -2.9310346 -16.762716381575643
25.310345 -3.1034484 -16.590697203031695
25.310345 -3.275862 -16.41855655421397
25.310345 -3.4482758 -16.246329833554697
25.310345 -3.6206896 -16.074043460586893
25.310345 -3.7931035 -15.901715989945309
25.310345 -3.9655173 -15.729360644423707
25.310345 -4.1379309 -15.556986502413851
25.310345 -4.3103447 -15.384599302756506
25.310345 -4.4827585 -15.212203419440845
25.310345 -4.6551723 -15.03980168010934
25.310345 -4.8275862 -14.867395895559172
25.310345 -5.0 -14.694987554860964

25.655172 0.0 -19.692934830316894
25.655172 -0.1724138 -19.519975309903312
25.655172 -0.34482759 -19.346952669784464
25.655172 -0.51724136 -19.174042279487445
25.655172 -0.68965518 -19.001133111945034
25.655172 -0.86206895 -18.82821187736066
25.655172 -1.0344827 -18.65553530328338
25.655172 -1.2068965 -18.48322274349787
25.655172 -1.3793104 -18.311147507592576
25.655172 -1.5517242 -18.139200535740617
25.655172 -1.7241379 -17.9673573429279
25.655172 -1.8965517 -17.795580101760613
25.655172 -2.0689654 -17.623797689301377
25.655172 -2.2413793 -17.45194545546963
25.655172 -2.4137931 -17.279991008923112
25.655172 -2.5862069 -17.107930683745508
25.655172 -2.7586207 -16.93577750533782
25.655172 -2.9310346 -16.763550173963925
25.655172 -3.1034484 -16.591267256894394
25.655172 -3.275862 -16.418944218857284
25.655172 -3.4482758 -16.246592498945446
25.655172 -3.6206896 -16.074220986603347
25.655172 -3.7931035 -15.901835769442705
25.655172 -3.9655173 -15.729441368505482
25.655172 -4.1379309 -15.557040863267728
25.655172 -4.3103447 -15.384635890995037
25.655172 -4.4827585 -15.212228036904762
25.655172 -4.6551723 -15.039818239403573
25.655172 -4.8275862 -14.867407032623342
25.655172 -5.0 -14.694995044363205

26.0 0.0 -19.69438268724829
26.0 -0.1724138 -19.521837770371597
26.0 -0.34482759 -19.349289374038893
26.0 -0.51724136 -19.176676908284165
26.0 -0.68965518 -19.004049410476917
26.0 -0.86206895 -18.831492665090007
26.0 -1.0344827 -18.65899701994204
26.0 -1.2068965 -18.486541864637644
26.0 -1.3793104 -18.314164802174684
26.0 -1.5517242 -18.141890042395953
26.0 -1.7241379 -17.969688105824407
26.0 -1.8965517 -17.797509197318053
26.0 -2.0689654 -17.625316081979875
26.0 -2.2413793 -17.45308948340216
26.0 -2.4137931 -17.280824294089058
26.0 -2.5862069 -17.10852282783098
26.0 -2.7586207 -16.93619101140882
26.0 -2.9310346 -16.763835456957786
26.0 -3.1034484 -16.591462447566244
26.0 -3.275862 -16.419077013663305
26.0 -3.4482758 -16.24668249693891
26.0 -3.6206896 -16.07428182178006
26.0 -3.7931035 -15.901876819510841
26.0 -3.9655173 -15.729469035300287
26.0 -4.1379309 -15.557059495188474
26.0 -4.3103447 -15.384648431731108
26.0 -4.4827585 -15.212236474749309
26.0 -4.6551723 -15.039823915299946
26.0 -4.8275862 -14.867410850011316
26.0 -5.0 -14.694997611508793
