# KROME file, XRAY He rate
# Distance = 3 kpc
# Xray rate including primary He ionization in 1/s
# first line indicates the size of the table (30x30)
# then first column is the parameter log10(nH), where nH is the H column density in cm-2
# second column is log10(xHe), where xHe = nHe/nH both in cm-2
# third column is log10(rate), where rate is in units of 1/s
30, 30
16.0 0.0 -14.937341129364057
16.0 -0.1724138 -14.937280086786798
16.0 -0.34482759 -14.937190814313265
16.0 -0.51724136 -14.937059079201106
16.0 -0.68965518 -14.936863895651273
16.0 -0.86206895 -14.93657420753244
16.0 -1.0344827 -14.93614400298178
16.0 -1.2068965 -14.935505130188982
16.0 -1.3793104 -14.934556773830824
16.0 -1.5517242 -14.933150146817761
16.0 -1.7241379 -14.931066451917513
16.0 -1.8965517 -14.927985679901257
16.0 -2.0689654 -14.92344356724134
16.0 -2.2413793 -14.91677452980843
16.0 -2.4137931 -14.907041005749047
16.0 -2.5862069 -14.89295576304232
16.0 -2.7586207 -14.872816394906849
16.0 -2.9310346 -14.844490148860233
16.0 -3.1034484 -14.805506813760465
16.0 -3.275862 -14.753316507401204
16.0 -3.4482758 -14.685718646595781
16.0 -3.6206896 -14.601360941668604
16.0 -3.7931035 -14.500102748315022
16.0 -3.9655173 -14.38305561904751
16.0 -4.1379309 -14.252277444849657
16.0 -4.3103447 -14.110283343624609
16.0 -4.4827585 -13.95958926946587
16.0 -4.6551723 -13.802413984222184
16.0 -4.8275862 -13.640554571412805
16.0 -5.0 -13.47538392184295

16.344828 0.0 -14.937348198051767
16.344828 -0.1724138 -14.937284917929103
16.344828 -0.34482759 -14.937194141022754
16.344828 -0.51724136 -14.937061394376052
16.344828 -0.68965518 -14.936865530671357
16.344828 -0.86206895 -14.936575385170604
16.344828 -1.0344827 -14.936144872975058
16.344828 -1.2068965 -14.935505793148826
16.344828 -1.3793104 -14.9345572973098
16.344828 -1.5517242 -14.933150576098322
16.344828 -1.7241379 -14.931066817246155
16.344828 -1.8965517 -14.927986001325925
16.344828 -2.0689654 -14.923443857828934
16.344828 -2.2413793 -14.916774797765006
16.344828 -2.4137931 -14.907041255799735
16.344828 -2.5862069 -14.892955997324151
16.344828 -2.7586207 -14.872816613572827
16.344828 -2.9310346 -14.844490350569997
16.344828 -3.1034484 -14.805506996217563
16.344828 -3.275862 -14.753316668044219
16.344828 -3.4482758 -14.685718783419492
16.344828 -3.6206896 -14.601361053969766
16.344828 -3.7931035 -14.500102837065178
16.344828 -3.9655173 -14.38305568673017
16.344828 -4.1379309 -14.25227749488367
16.344828 -4.3103447 -14.110283379680752
16.344828 -4.4827585 -13.959589294939377
16.344828 -4.6551723 -13.80241400195515
16.344828 -4.8275862 -13.640554583626107
16.344828 -5.0 -13.47538393019134

16.689655 0.0 -14.937363834882705
16.689655 -0.1724138 -14.93729560515291
16.689655 -0.34482759 -14.937201500270083
16.689655 -0.51724136 -14.937066515964222
16.689655 -0.68965518 -14.936869147646211
16.689655 -0.86206895 -14.936577990336101
16.689655 -1.0344827 -14.936146797573135
16.689655 -1.2068965 -14.935507259749386
16.689655 -1.3793104 -14.934558455351464
16.689655 -1.5517242 -14.933151525754454
16.689655 -1.7241379 -14.931067625427868
16.689655 -1.8965517 -14.927986712383216
16.689655 -2.0689654 -14.923444500668383
16.689655 -2.2413793 -14.916775390540046
16.689655 -2.4137931 -14.9070418089633
16.689655 -2.5862069 -14.892956515603771
16.689655 -2.7586207 -14.872817097306955
16.689655 -2.9310346 -14.844490796793485
16.689655 -3.1034484 -14.805507399850175
16.689655 -3.275862 -14.753317023419573
16.689655 -3.4482758 -14.685719086101631
16.689655 -3.6206896 -14.601361302402971
16.689655 -3.7931035 -14.500103033398705
16.689655 -3.9655173 -14.38305583645807
16.689655 -4.1379309 -14.252277605569141
16.689655 -4.3103447 -14.11028345944431
16.689655 -4.4827585 -13.959589351291985
16.689655 -4.6551723 -13.802414041184091
16.689655 -4.8275862 -13.640554610644427
16.689655 -5.0 -13.475383948659683

17.034483 0.0 -14.937398424173931
17.034483 -0.1724138 -14.937319246334077
17.034483 -0.34482759 -14.93721777992869
17.034483 -0.51724136 -14.937077845749423
17.034483 -0.68965518 -14.936877149045806
17.034483 -0.86206895 -14.93658375346198
17.034483 -1.0344827 -14.936151055168583
17.034483 -1.2068965 -14.935510504170646
17.034483 -1.3793104 -14.934561017181302
17.034483 -1.5517242 -14.933153626594281
17.034483 -1.7241379 -14.931069413297713
17.034483 -1.8965517 -14.927988285393937
17.034483 -2.0689654 -14.923445922767094
17.034483 -2.2413793 -14.916776701885803
17.034483 -2.4137931 -14.907043032680093
17.034483 -2.5862069 -14.892957662149824
17.034483 -2.7586207 -14.872818167430939
17.034483 -2.9310346 -14.844491783935796
17.034483 -3.1034484 -14.805508292772217
17.034483 -3.275862 -14.753317809586079
17.034483 -3.4482758 -14.68571975569933
17.034483 -3.6206896 -14.601361851990307
17.034483 -3.7931035 -14.500103467730346
17.034483 -3.9655173 -14.383056167688068
17.034483 -4.1379309 -14.25227785042894
17.034483 -4.3103447 -14.11028363589824
17.034483 -4.4827585 -13.959589475955909
17.034483 -4.6551723 -13.80241412796683
17.034483 -4.8275862 -13.640554670414677
17.034483 -5.0 -13.47538398951557

17.379311 0.0 -14.937474929248278
17.379311 -0.1724138 -14.937371539248256
17.379311 -0.34482759 -14.937253790983272
17.379311 -0.51724136 -14.937102908201934
17.379311 -0.68965518 -14.936894849135916
17.379311 -0.86206895 -14.936596502363022
17.379311 -1.0344827 -14.936160473684666
17.379311 -1.2068965 -14.93551768141355
17.379311 -1.3793104 -14.934566684429594
17.379311 -1.5517242 -14.933158274057321
17.379311 -1.7241379 -14.931073368417099
17.379311 -1.8965517 -14.927991765206414
17.379311 -2.0689654 -14.923449068734365
17.379311 -2.2413793 -14.916779602846598
17.379311 -2.4137931 -14.90704573978863
17.379311 -2.5862069 -14.892960198541344
17.379311 -2.7586207 -14.872820534761333
17.379311 -2.9310346 -14.844493967693674
17.379311 -3.1034484 -14.805510268095396
17.379311 -3.275862 -14.753319548743987
17.379311 -3.4482758 -14.685721236983104
17.379311 -3.6206896 -14.601363067786709
17.379311 -3.7931035 -14.500104428557858
17.379311 -3.9655173 -14.38305690043408
17.379311 -4.1379309 -14.252278392106888
17.379311 -4.3103447 -14.110284026248882
17.379311 -4.4827585 -13.959589751736862
17.379311 -4.6551723 -13.80241431994718
17.379311 -4.8275862 -13.640554802638118
17.379311 -5.0 -13.47538407989675

17.724138 0.0 -14.937644106020988
17.724138 -0.1724138 -14.937487190102875
17.724138 -0.34482759 -14.937333439769816
17.724138 -0.51724136 -14.937158344214525
17.724138 -0.68965518 -14.936934001750224
17.724138 -0.86206895 -14.9366247036794
17.724138 -1.0344827 -14.936181308360014
17.724138 -1.2068965 -14.935533558361483
17.724138 -1.3793104 -14.93457922118217
17.724138 -1.5517242 -14.933168554955639
17.724138 -1.7241379 -14.93108211777647
17.724138 -1.8965517 -14.927999463128609
17.724138 -2.0689654 -14.923456028146223
17.724138 -2.2413793 -14.916786020268761
17.724138 -2.4137931 -14.907051728379573
17.724138 -2.5862069 -14.892965809477962
17.724138 -2.7586207 -14.872825771705187
17.724138 -2.9310346 -14.844498798541956
17.724138 -3.1034484 -14.805514637847995
17.724138 -3.275862 -14.753323396055926
17.724138 -3.4482758 -14.685724513831026
17.724138 -3.6206896 -14.601365757329644
17.724138 -3.7931035 -14.500106554065502
17.724138 -3.9655173 -14.383058521386817
17.724138 -4.1379309 -14.252279590385339
17.724138 -4.3103447 -14.110284889766605
17.724138 -4.4827585 -13.959590361807958
17.724138 -4.6551723 -13.802414744637952
17.724138 -4.8275862 -13.640555095137127
17.724138 -5.0 -13.475384279834083

18.068966 0.0 -14.938018028002514
18.068966 -0.1724138 -14.937742878993273
18.068966 -0.34482759 -14.93750956627646
18.068966 -0.51724136 -14.93728094494177
18.068966 -0.68965518 -14.937020598012296
18.068966 -0.86206895 -14.936687081880919
18.068966 -1.0344827 -14.936227394153482
18.068966 -1.2068965 -14.935568678699147
18.068966 -1.3793104 -14.934606953382191
18.068966 -1.5517242 -14.933191297310458
18.068966 -1.7241379 -14.931101472368702
18.068966 -1.8965517 -14.928016491908881
18.068966 -2.0689654 -14.923471423299858
18.068966 -2.2413793 -14.916800216498203
18.068966 -2.4137931 -14.907064975990304
18.068966 -2.5862069 -14.892978221669567
18.068966 -2.7586207 -14.87283735656991
18.068966 -2.9310346 -14.844509485058417
18.068966 -3.1034484 -14.805524304344862
18.068966 -3.275862 -14.753331906828606
18.068966 -3.4482758 -14.685731762646949
18.068966 -3.6206896 -14.601371706938265
18.068966 -3.7931035 -14.50011125594756
18.068966 -3.9655173 -14.383062107125498
18.068966 -4.1379309 -14.252282241114624
18.068966 -4.3103447 -14.110286799964495
18.068966 -4.4827585 -13.959591711352296
18.068966 -4.6551723 -13.802415684100003
18.068966 -4.8275862 -13.640555742176357
18.068966 -5.0 -13.47538472211679

18.413794 0.0 -14.938843590200639
18.413794 -0.1724138 -14.938307753538668
18.413794 -0.34482759 -14.93789883309013
18.413794 -0.51724136 -14.937551988099186
18.413794 -0.68965518 -14.937212079627788
18.413794 -0.86206895 -14.936825030156792
18.413794 -1.0344827 -14.936329320814494
18.413794 -1.2068965 -14.935646357850844
18.413794 -1.3793104 -14.934668293829997
18.413794 -1.5517242 -14.933241602098864
18.413794 -1.7241379 -14.931144284362206
18.413794 -1.8965517 -14.928054159682478
18.413794 -2.0689654 -14.92350547773462
18.413794 -2.2413793 -14.916831619030788
18.413794 -2.4137931 -14.90709428022271
18.413794 -2.5862069 -14.893005677950052
18.413794 -2.7586207 -14.872862982761442
18.413794 -2.9310346 -14.844533124032397
18.413794 -3.1034484 -14.805545686943363
18.413794 -3.275862 -14.753350732863773
18.413794 -3.4482758 -14.685747797137427
18.413794 -3.6206896 -14.601384867504294
18.413794 -3.7931035 -14.500121656490435
18.413794 -3.9655173 -14.383070038732646
18.413794 -4.1379309 -14.2522881044736
18.413794 -4.3103447 -14.110291025271918
18.413794 -4.4827585 -13.959594696502794
18.413794 -4.6551723 -13.802417762158038
18.413794 -4.8275862 -13.640557173403563
18.413794 -5.0 -13.4753857004293

18.758621 0.0 -14.940661938953887
18.758621 -0.1724138 -14.93955364045099
18.758621 -0.34482759 -14.938758197336824
18.758621 -0.51724136 -14.938150730013371
18.758621 -0.68965518 -14.937635245639992
18.758621 -0.86206895 -14.937129975974395
18.758621 -1.0344827 -14.936554680741995
18.758621 -1.2068965 -14.935818128439381
18.758621 -1.3793104 -14.934803946544838
18.758621 -1.5517242 -14.933352856146067
18.758621 -1.7241379 -14.931238970978606
18.758621 -1.8965517 -14.928137471023366
18.758621 -2.0689654 -14.92358079855025
18.758621 -2.2413793 -14.916901075143423
18.758621 -2.4137931 -14.907159095687526
18.758621 -2.5862069 -14.89306640622798
18.758621 -2.7586207 -14.872919663179076
18.758621 -2.9310346 -14.84458540892093
18.758621 -3.1034484 -14.805592980896776
18.758621 -3.275862 -14.753392371903281
18.758621 -3.4482758 -14.685783261573619
18.758621 -3.6206896 -14.60141397522593
18.758621 -3.7931035 -14.500144659542672
18.758621 -3.9655173 -14.383087581045505
18.758621 -4.1379309 -14.252301072352017
18.758621 -4.3103447 -14.110300370248183
18.758621 -4.4827585 -13.959601298634437
18.758621 -4.6551723 -13.802422358096422
18.758621 -4.8275862 -13.640560338770724
18.758621 -5.0 -13.47538786410618

19.103449 0.0 -14.944645900639422
19.103449 -0.1724138 -14.942291663001514
19.103449 -0.34482759 -14.940650651893115
19.103449 -0.51724136 -14.939471073576893
19.103449 -0.68965518 -14.938569276554208
19.103449 -0.86206895 -14.937803486469367
19.103449 -1.0344827 -14.937052625027205
19.103449 -1.2068965 -14.936197771469576
19.103449 -1.3793104 -14.935103819583603
19.103449 -1.5517242 -14.933598824885381
19.103449 -1.7241379 -14.931448328962622
19.103449 -1.8965517 -14.928321687911636
19.103449 -2.0689654 -14.923747352976639
19.103449 -2.2413793 -14.91705466463468
19.103449 -2.4137931 -14.907302425053834
19.103449 -2.5862069 -14.893200698078891
19.103449 -2.7586207 -14.873045003584489
19.103449 -2.9310346 -14.84470102843012
19.103449 -3.1034484 -14.805697562474325
19.103449 -3.275862 -14.753484447167292
19.103449 -3.4482758 -14.685861681532844
19.103449 -3.6206896 -14.601478337645666
19.103449 -3.7931035 -14.500195522353291
19.103449 -3.9655173 -14.38312636868385
19.103449 -4.1379309 -14.252329745033846
19.103449 -4.3103447 -14.110321032228134
19.103449 -4.4827585 -13.959615895970945
19.103449 -4.6551723 -13.80243251965888
19.103449 -4.8275862 -13.640567337321842
19.103449 -5.0 -13.47539264792669

19.448277 0.0 -14.953274128940263
19.448277 -0.1724138 -14.94826115814122
19.448277 -0.34482759 -14.94479524957997
19.448277 -0.51724136 -14.9423715127028
19.448277 -0.68965518 -14.94062529700047
19.448277 -0.86206895 -14.939288086013251
19.448277 -1.0344827 -14.938151247719832
19.448277 -1.2068965 -14.937035906703573
19.448277 -1.3793104 -14.935766124542067
19.448277 -1.5517242 -14.934142228416574
19.448277 -1.7241379 -14.931910937353926
19.448277 -1.8965517 -14.928728793762154
19.448277 -2.0689654 -14.924115455777669
19.448277 -2.2413793 -14.917394130614506
19.448277 -2.4137931 -14.907619222829966
19.448277 -2.5862069 -14.893497523684953
19.448277 -2.7586207 -14.873322042885563
19.448277 -2.9310346 -14.844956577622634
19.448277 -3.1034484 -14.805928708651718
19.448277 -3.275862 -14.753687944330592
19.448277 -3.4482758 -14.68603499117485
19.448277 -3.6206896 -14.601620573043103
19.448277 -3.7931035 -14.500307919480345
19.448277 -3.9655173 -14.383212078313102
19.448277 -4.1379309 -14.252393101201774
19.448277 -4.3103447 -14.110366686353698
19.448277 -4.4827585 -13.959648149127503
19.448277 -4.6551723 -13.802454971509382
19.448277 -4.8275862 -13.64058280035989
19.448277 -5.0 -13.47540321751525

19.793104 0.0 -14.971496826388947
19.793104 -0.1724138 -14.961051558458454
19.793104 -0.34482759 -14.953763193190872
19.793104 -0.51724136 -14.9486893091822
19.793104 -0.68965518 -14.945123963362267
19.793104 -0.86206895 -14.942546334445248
19.793104 -1.0344827 -14.940567329849143
19.793104 -1.2068965 -14.93888166546093
19.793104 -1.3793104 -14.937226015853936
19.793104 -1.5517242 -14.935340773436325
19.793104 -1.7241379 -14.932931701311622
19.793104 -1.8965517 -14.929627335633208
19.793104 -2.0689654 -14.924928057124466
19.793104 -2.2413793 -14.918143598243299
19.793104 -2.4137931 -14.908318687339092
19.793104 -2.5862069 -14.894152907091655
19.793104 -2.7586207 -14.873933734223291
19.793104 -2.9310346 -14.84552079988472
19.793104 -3.1034484 -14.806439021143714
19.793104 -3.275862 -14.754137177875684
19.793104 -3.4482758 -14.686417546243653
19.793104 -3.6206896 -14.601934503180711
19.793104 -3.7931035 -14.500555967243637
19.793104 -3.9655173 -14.383401211917423
19.793104 -4.1379309 -14.252532896747466
19.793104 -4.3103447 -14.110467415900775
19.793104 -4.4827585 -13.959719307848147
19.793104 -4.6551723 -13.802504504288791
19.793104 -4.8275862 -13.640616913713876
19.793104 -5.0 -13.475426534908534

20.137932 0.0 -15.008006201839304
20.137932 -0.1724138 -14.987454866217378
20.137932 -0.34482759 -14.972666571022984
20.137932 -0.51724136 -14.962199232607155
20.137932 -0.68965518 -14.954838576436307
20.137932 -0.86206895 -14.949629231391373
20.137932 -1.0344827 -14.945843129341636
20.137932 -1.2068965 -14.942924316962205
20.137932 -1.3793104 -14.940430046301085
20.137932 -1.5517242 -14.937974825260453
20.137932 -1.7241379 -14.935177093300744
20.137932 -1.8965517 -14.931605070589058
20.137932 -2.0689654 -14.926717336789473
20.137932 -2.2413793 -14.91979426717974
20.137932 -2.4137931 -14.90985943757615
20.137932 -2.5862069 -14.895596634551945
20.137932 -2.7586207 -14.875281192061966
20.137932 -2.9310346 -14.846763594652115
20.137932 -3.1034484 -14.807562920748992
20.137932 -3.275862 -14.755126379439952
20.137932 -3.4482758 -14.687259741206816
20.137932 -3.6206896 -14.60262545925397
20.137932 -3.7931035 -14.501101791805413
20.137932 -3.9655173 -14.383817310334887
20.137932 -4.1379309 -14.252840396215834
20.137932 -4.3103447 -14.110688953363027
20.137932 -4.4827585 -13.95987579270143
20.137932 -4.6551723 -13.802613423146735
20.137932 -4.8275862 -13.64069192224751
20.137932 -5.0 -13.47547780325921

20.482758 0.0 -15.074217704833568
20.482758 -0.1724138 -15.038014558392415
20.482758 -0.34482759 -15.010389030258795
20.482758 -0.51724136 -14.989971311936571
20.482758 -0.68965518 -14.975227743675674
20.482758 -0.86206895 -14.964708893145929
20.482758 -1.0344827 -14.957185424938242
20.482758 -1.2068965 -14.951673107926286
20.482758 -1.3793104 -14.947394957175087
20.482758 -1.5517242 -14.943717924541028
20.482758 -1.7241379 -14.940082626822392
20.482758 -1.8965517 -14.935931607578413
20.482758 -2.0689654 -14.930634996054861
20.482758 -2.2413793 -14.923410385527756
20.482758 -2.4137931 -14.913235774544074
20.482758 -2.5862069 -14.898760731842271
20.482758 -2.7586207 -14.87823419923945
20.482758 -2.9310346 -14.849486763581352
20.482758 -3.1034484 -14.810024848253331
20.482758 -3.275862 -14.75729238407949
20.482758 -3.4482758 -14.689102976231279
20.482758 -3.6206896 -14.604136917316385
20.482758 -3.7931035 -14.50229517517947
20.482758 -3.9655173 -14.384726647049112
20.482758 -4.1379309 -14.253512143228805
20.482758 -4.3103447 -14.111172764101678
20.482758 -4.4827585 -13.960217457043493
20.482758 -4.6551723 -13.802851192818508
20.482758 -4.8275862 -13.640855645837748
20.482758 -5.0 -13.475589698841675

20.827587 0.0 -15.179215761910196
20.827587 -0.1724138 -15.123483579935243
20.827587 -0.34482759 -15.078337602737692
20.827587 -0.51724136 -15.042731081016415
20.827587 -0.68965518 -15.015563278174511
20.827587 -0.86206895 -14.995425677482116
20.827587 -1.0344827 -14.980767325282983
20.827587 -1.2068965 -14.970121199634622
20.827587 -1.3793104 -14.962223365428573
20.827587 -1.5517242 -14.956024878404726
20.827587 -1.7241379 -14.950640786928313
20.827587 -1.8965517 -14.945270678708088
20.827587 -2.0689654 -14.939107492915392
20.827587 -2.2413793 -14.931239981448504
20.827587 -2.4137931 -14.920551014478773
20.827587 -2.5862069 -14.90561788798855
20.827587 -2.7586207 -14.884633386932828
20.827587 -2.9310346 -14.855385680883797
20.827587 -3.1034484 -14.815354441108697
20.827587 -3.275862 -14.761977277266833
20.827587 -3.4482758 -14.693085610334103
20.827587 -3.6206896 -14.60739904804681
20.827587 -3.7931035 -14.504867996536829
20.827587 -3.9655173 -14.386685149318845
20.827587 -4.1379309 -14.254957724560706
20.827587 -4.3103447 -14.112213221445426
20.827587 -4.4827585 -13.960951852608678
20.827587 -4.6551723 -13.80336208232839
20.827587 -4.8275862 -13.641207342092521
20.827587 -5.0 -13.475830018641368

21.172413 0.0 -15.333401196572565
21.172413 -0.1724138 -15.252204062366287
21.172413 -0.34482759 -15.18538551460581
21.172413 -0.51724136 -15.130953763315098
21.172413 -0.68965518 -15.087170670810332
21.172413 -0.86206895 -15.052789682552676
21.172413 -1.0344827 -15.026550483359436
21.172413 -1.2068965 -15.006960267222267
21.172413 -1.3793104 -14.992425902320456
21.172413 -1.5517242 -14.98143566930422
21.172413 -1.7241379 -14.97264344677634
21.172413 -1.8965517 -14.964853707915397
21.172413 -2.0689654 -14.956945491693562
21.172413 -2.2413793 -14.947766145948616
21.172413 -2.4137931 -14.936013333245985
21.172413 -2.5862069 -14.920119867628086
21.172413 -2.7586207 -14.898164450909093
21.172413 -2.9310346 -14.867848771883803
21.172413 -3.1034484 -14.826599042371715
21.172413 -3.275862 -14.771843118852459
21.172413 -3.4482758 -14.701453914624604
21.172413 -3.6206896 -14.614237101953893
21.172413 -3.7931035 -14.510248559547938
21.172413 -3.9655173 -14.390772377916361
21.172413 -4.1379309 -14.257969206698332
21.172413 -4.3103447 -14.11437770475715
21.172413 -4.4827585 -13.962478012550864
21.172413 -4.6551723 -13.804422948958317
21.172413 -4.8275862 -13.641937239736572
21.172413 -5.0 -13.476328577113478

21.517242 0.0 -15.549854338357463
21.517242 -0.1724138 -15.437190219377271
21.517242 -0.34482759 -15.342223998495122
21.517242 -0.51724136 -15.2630819413214
21.517242 -0.68965518 -15.198540492628528
21.517242 -0.86206895 -15.146651383140604
21.517242 -1.0344827 -15.105469225824239
21.517242 -1.2068965 -15.073379811147396
21.517242 -1.3793104 -15.048816453320812
21.517242 -1.5517242 -15.030108231805
21.517242 -1.7241379 -15.015553428738274
21.517242 -1.8965517 -15.003517822043767
21.517242 -2.0689654 -14.992452456072007
21.517242 -2.2413793 -14.980830620117057
21.517242 -2.4137931 -14.967037625465863
21.517242 -2.5862069 -14.949248406433014
21.517242 -2.7586207 -14.925331240650607
21.517242 -2.9310346 -14.892827569750038
21.517242 -3.1034484 -14.849069611374592
21.517242 -3.275862 -14.791481107005598
21.517242 -3.4482758 -14.718034242873113
21.517242 -3.6206896 -14.62771919078821
21.517242 -3.7931035 -14.520806651300633
21.517242 -3.9655173 -14.39875852433082
21.517242 -4.1379309 -14.26383254770762
21.517242 -4.3103447 -14.11858015381748
21.517242 -4.4827585 -13.96543487570845
21.517242 -4.6551723 -13.806475167671485
21.517242 -4.8275862 -13.643347663347713
21.517242 -5.0 -13.477291234199491

21.862068 0.0 -15.849433441608832
21.862068 -0.1724138 -15.694053509306828
21.862068 -0.34482759 -15.561830437580351
21.862068 -0.51724136 -15.452181541066421
21.862068 -0.68965518 -15.360945516678667
21.862068 -0.86206895 -15.285865136475449
21.862068 -1.0344827 -15.225542709071522
21.862068 -1.2068965 -15.178005374156939
21.862068 -1.3793104 -15.14099049202636
21.862068 -1.5517242 -15.112332827192832
21.862068 -1.7241379 -15.089967055488666
21.862068 -1.8965517 -15.071872918736059
21.862068 -2.0689654 -15.056066120558802
21.862068 -2.2413793 -15.04057248696156
21.862068 -2.4137931 -15.023352773793313
21.862068 -2.5862069 -15.002198701456292
21.862068 -2.7586207 -14.974650742777905
21.862068 -2.9310346 -14.93800340459991
21.862068 -3.1034484 -14.889466022620706
21.862068 -3.275862 -14.82651070884639
21.862068 -3.4482758 -14.74734502328123
21.862068 -3.6206896 -14.651330616632729
21.862068 -3.7931035 -14.53913269322595
21.862068 -3.9655173 -14.412511533672514
21.862068 -4.1379309 -14.27386445859028
21.862068 -4.3103447 -14.125733974680111
21.862068 -4.4827585 -13.970449271719808
21.862068 -4.6551723 -13.809945862148236
21.862068 -4.8275862 -13.645728316260463
21.862068 -5.0 -13.478913897471683

22.206898 0.0 -16.205006823931704
22.206898 -0.1724138 -16.02981040191111
22.206898 -0.34482759 -15.864857524786618
22.206898 -0.51724136 -15.714532982361638
22.206898 -0.68965518 -15.587246107474607
22.206898 -0.86206895 -15.483345452917387
22.206898 -1.0344827 -15.39895067956302
22.206898 -1.2068965 -15.331013598910552
22.206898 -1.3793104 -15.277384062310562
22.206898 -1.5517242 -15.235705577533947
22.206898 -1.7241379 -15.20328427831705
22.206898 -1.8965517 -15.177356963617916
22.206898 -2.0689654 -15.155235371077753
22.206898 -2.2413793 -15.134301080674486
22.206898 -2.4137931 -15.11192489656018
22.206898 -2.5862069 -15.085367653827483
22.206898 -2.7586207 -15.051725493655729
22.206898 -2.9310346 -15.007993723814609
22.206898 -3.1034484 -14.951309893721854
22.206898 -3.275862 -14.879367578514072
22.206898 -3.4482758 -14.79087441859083
22.206898 -3.6206896 -14.685839850049849
22.206898 -3.7931035 -14.565524061120952
22.206898 -3.9655173 -14.43206730238359
22.206898 -4.1379309 -14.287983555935972
22.206898 -4.3103447 -14.135723394418648
22.206898 -4.4827585 -13.977410597840223
22.206898 -4.6551723 -13.814744000587567
22.206898 -4.8275862 -13.649009824049292
22.206898 -5.0 -13.481146021410344

22.551723 0.0 -16.635192218290097
22.551723 -0.1724138 -16.413642174041776
22.551723 -0.34482759 -16.220552699695247
22.551723 -0.51724136 -16.051998854942696
22.551723 -0.68965518 -15.89679173557828
22.551723 -0.86206895 -15.756738134101775
22.551723 -1.0344827 -15.638839765922246
22.551723 -1.2068965 -15.544410510987891
22.551723 -1.3793104 -15.47013453273931
22.551723 -1.5517242 -15.411934797277416
22.551723 -1.7241379 -15.366157746630536
22.551723 -1.8965517 -15.329348957127062
22.551723 -2.0689654 -15.298062214668207
22.551723 -2.2413793 -15.268847424379818
22.551723 -2.4137931 -15.238250550592147
22.551723 -2.5862069 -15.202794351592695
22.551723 -2.7586207 -15.159016022474054
22.551723 -2.9310346 -15.103650555920076
22.551723 -3.1034484 -15.033988454632944
22.551723 -3.275862 -14.948316221984108
22.551723 -3.4482758 -14.846237863878507
22.551723 -3.6206896 -14.728687430190504
22.551723 -3.7931035 -14.597603040408933
22.551723 -3.9655173 -14.455422968409538
22.551723 -4.1379309 -14.304615164876415
22.551723 -4.3103447 -14.147369187798656
22.551723 -4.4827585 -13.985465314267735
22.551723 -4.6551723 -13.820266161346932
22.551723 -4.8275862 -13.652772430796006
22.551723 -5.0 -13.483698814325052

22.896551 0.0 -17.09754915868327
22.896551 -0.1724138 -16.87265212636494
22.896551 -0.34482759 -16.650242794146866
22.896551 -0.51724136 -16.437353905146537
22.896551 -0.68965518 -16.252496500636457
22.896551 -0.86206895 -16.095801515663904
22.896551 -1.0344827 -15.957882177278158
22.896551 -1.2068965 -15.836464196978536
22.896551 -1.3793104 -15.734515080369397
22.896551 -1.5517242 -15.652709950886937
22.896551 -1.7241379 -15.588106726743815
22.896551 -1.8965517 -15.53603860873605
22.896551 -2.0689654 -15.491505256284121
22.896551 -2.2413793 -15.449644599947701
22.896551 -2.4137931 -15.405818014838689
22.896551 -2.5862069 -15.355661513745167
22.896551 -2.7586207 -15.295261215439785
22.896551 -2.9310346 -15.221488022054029
22.896551 -3.1034484 -15.132396197892948
22.896551 -3.275862 -15.027483266886447
22.896551 -3.4482758 -14.907634011316961
22.896551 -3.6206896 -14.774744257857428
22.896551 -3.7931035 -14.631193486059766
22.896551 -3.9655173 -14.47937636198525
22.896551 -4.1379309 -14.321405944263605
22.896551 -4.3103447 -14.1589916574297
22.896551 -4.4827585 -13.99343802171982
22.896551 -4.6551723 -13.825700673136472
22.896551 -4.8275862 -13.65646057920008
22.896551 -5.0 -13.486194259455466

23.241379 0.0 -17.57794196597402
23.241379 -0.1724138 -17.33280911994236
23.241379 -0.34482759 -17.09797871289646
23.241379 -0.51724136 -16.88425931509141
23.241379 -0.68965518 -16.678374168418063
23.241379 -0.86206895 -16.482776732849146
23.241379 -1.0344827 -16.31275251474038
23.241379 -1.2068965 -16.17272805866878
23.241379 -1.3793104 -16.056917614629775
23.241379 -1.5517242 -15.959372242581676
23.241379 -1.7241379 -15.876555106481813
23.241379 -1.8965517 -15.805116593819742
23.241379 -2.0689654 -15.740606298345185
23.241379 -2.2413793 -15.677758014820194
23.241379 -2.4137931 -15.611230212972885
23.241379 -2.5862069 -15.536288992654
23.241379 -2.7586207 -15.449374623343138
23.241379 -2.9310346 -15.34849554393009
23.241379 -3.1034484 -15.233321159095846
23.241379 -3.275862 -15.104911899364689
23.241379 -3.4482758 -14.965198942546941
23.241379 -3.6206896 -14.816431655281885
23.241379 -3.7931035 -14.66076200656989
23.241379 -3.9655173 -14.500022116307642
23.241379 -4.1379309 -14.335656881362961
23.241379 -4.3103447 -14.168748274638924
23.241379 -4.4827585 -14.000079501452612
23.241379 -4.6551723 -13.830203745387113
23.241379 -4.8275862 -13.659505480948827
23.241379 -5.0 -13.488249366250235

23.586206 0.0 -17.968709246509974
23.586206 -0.1724138 -17.751205324263854
23.586206 -0.34482759 -17.536371742047496
23.586206 -0.51724136 -17.310648927667373
23.586206 -0.68965518 -17.09317767158279
23.586206 -0.86206895 -16.897997083614047
23.586206 -1.0344827 -16.718508658139626
23.586206 -1.2068965 -16.551740470885584
23.586206 -1.3793104 -16.404151462994427
23.586206 -1.5517242 -16.279260513051643
23.586206 -1.7241379 -16.173651170296388
23.586206 -1.8965517 -16.080426494872352
23.586206 -2.0689654 -15.992239727891393
23.586206 -2.2413793 -15.902536052737743
23.586206 -2.4137931 -15.806105720988587
23.586206 -2.5862069 -15.699474726455767
23.586206 -2.7586207 -15.581060262749967
23.586206 -2.9310346 -15.450958862531456
23.586206 -3.1034484 -15.310433662166647
23.586206 -3.275862 -15.161315524337628
23.586206 -3.4482758 -15.005517825201881
23.586206 -3.6206896 -14.844747958346945
23.586206 -3.7931035 -14.680390300034473
23.586206 -3.9655173 -14.513500530976092
23.586206 -4.1379309 -14.344851036241533
23.586206 -4.3103447 -14.174991104229171
23.586206 -4.4827585 -14.00430496034169
23.586206 -4.6551723 -13.833057562214544
23.586206 -4.8275862 -13.661430076747902
23.586206 -5.0 -13.489546009976118

23.931034 0.0 -18.266962864637605
23.931034 -0.1724138 -18.0582151782298
23.931034 -0.34482759 -17.846117110133363
23.931034 -0.51724136 -17.64543817209683
23.931034 -0.68965518 -17.451375383495254
23.931034 -0.86206895 -17.25408128333698
23.931034 -1.0344827 -17.062637051322543
23.931034 -1.2068965 -16.889158548568318
23.931034 -1.3793104 -16.73387993581202
23.931034 -1.5517242 -16.591891197912428
23.931034 -1.7241379 -16.459512679195093
23.931034 -1.8965517 -16.333430153996606
23.931034 -2.0689654 -16.209436514639425
23.931034 -2.2413793 -16.083186123643507
23.931034 -2.4137931 -15.951406215681295
23.931034 -2.5862069 -15.81245295555098
23.931034 -2.7586207 -15.666153477685782
23.931034 -2.9310346 -15.513287845156883
23.931034 -3.1034484 -15.355054823651908
23.931034 -3.275862 -15.192694636968499
23.931034 -3.4482758 -15.02729206249673
23.931034 -3.6206896 -14.85971177836624
23.931034 -3.7931035 -14.690603547887818
23.931034 -3.9655173 -14.520438131515299
23.931034 -4.1379309 -14.349548074217536
23.931034 -4.3103447 -14.178164032828118
23.931034 -4.4827585 -14.006445046119715
23.931034 -4.6551723 -13.834499515718987
23.931034 -4.8275862 -13.662400958985332
23.931034 -5.0 -13.490199405849271

24.275862 0.0 -18.40884568402771
24.275862 -0.1724138 -18.22175689764178
24.275862 -0.34482759 -18.03584139333106
24.275862 -0.51724136 -17.846375282968797
24.275862 -0.68965518 -17.655280536438077
24.275862 -0.86206895 -17.471112590638224
24.275862 -1.0344827 -17.294987877291863
24.275862 -1.2068965 -17.122546964031745
24.275862 -1.3793104 -16.954061089282416
24.275862 -1.5517242 -16.79255360310011
24.275862 -1.7241379 -16.638058552214357
24.275862 -1.8965517 -16.487587454360252
24.275862 -2.0689654 -16.337606238142236
24.275862 -2.2413793 -16.18553857116159
24.275862 -2.4137931 -16.030082493982906
24.275862 -2.5862069 -15.870956663635122
24.275862 -2.7586207 -15.7084952827348
24.275862 -2.9310346 -15.543295671025204
24.275862 -3.1034484 -15.37599087042589
24.275862 -3.275862 -15.207136640930488
24.275862 -3.4482758 -15.037174640535023
24.275862 -3.6206896 -14.866436598788363
24.275862 -3.7931035 -14.69516197222413
24.275862 -3.9655173 -14.523519919274941
24.275862 -4.1379309 -14.351627825556674
24.275862 -4.3103447 -14.17956585120821
24.275862 -4.4827585 -14.007389139886145
24.275862 -4.6551723 -13.835134989544622
24.275862 -4.8275862 -13.662828539387924
24.275862 -5.0 -13.4904870322277

24.620689 0.0 -18.463308703000205
24.620689 -0.1724138 -18.28714709647362
24.620689 -0.34482759 -18.109020211651654
24.620689 -0.51724136 -17.930486745309018
24.620689 -0.68965518 -17.753230023319233
24.620689 -0.86206895 -17.575896307345687
24.620689 -1.0344827 -17.398676284673087
24.620689 -1.2068965 -17.224504679658814
24.620689 -1.3793104 -17.05476862737164
24.620689 -1.5517242 -16.888274584632434
24.620689 -1.7241379 -16.72337090629678
24.620689 -1.8965517 -16.55894353511062
24.620689 -2.0689654 -16.394205278529096
24.620689 -2.2413793 -16.228574292205074
24.620689 -2.4137931 -16.061740121444917
24.620689 -2.5862069 -15.893660804375465
24.620689 -2.7586207 -15.724472104487711
24.620689 -2.9310346 -15.554384066812053
24.620689 -3.1034484 -15.38361101948159
24.620689 -3.275862 -15.21233726395862
24.620689 -3.4482758 -15.040707027975165
24.620689 -3.6206896 -14.868828015848683
24.620689 -3.7931035 -14.696777335649205
24.620689 -3.9655173 -14.52460941531197
24.620689 -4.1379309 -14.352361891328274
24.620689 -4.3103447 -14.18006009674388
24.620689 -4.4827585 -14.007721759114185
24.620689 -4.6551723 -13.835358766352089
24.620689 -4.8275862 -13.662979058119818
24.620689 -5.0 -13.490588261035182

24.965517 0.0 -18.481983459621702
24.965517 -0.1724138 -18.307728025601456
24.965517 -0.34482759 -18.13384601424902
24.965517 -0.51724136 -17.960126894439895
24.965517 -0.68965518 -17.785870711626284
24.965517 -0.86206895 -17.611606160992782
24.965517 -1.0344827 -17.438238422463076
24.965517 -1.2068965 -17.265697316644317
24.965517 -1.3793104 -17.093732731491194
24.965517 -1.5517242 -16.922533104326327
24.965517 -1.7241379 -16.752169245459747
24.965517 -1.8965517 -16.582313719318623
24.965517 -2.0689654 -16.41250626624649
24.965517 -2.2413793 -16.24241341741921
24.965517 -2.4137931 -16.071889162788555
24.965517 -2.5862069 -15.900922911979055
24.965517 -2.7586207 -15.729572948649519
24.965517 -2.9310346 -15.557918955777376
24.965517 -3.1034484 -15.386037498972659
24.965517 -3.275862 -15.213991907040647
24.965517 -3.4482758 -15.041830225965523
24.965517 -3.6206896 -14.869588097190189
24.965517 -3.7931035 -14.697290608297605
24.965517 -3.9655173 -14.524955527203351
24.965517 -4.1379309 -14.352595058041647
24.965517 -4.3103447 -14.18021707305145
24.965517 -4.4827585 -14.007827395004618
24.965517 -4.6551723 -13.835429832185268
24.965517 -4.8275862 -13.663026857684997
24.965517 -5.0 -13.490620407200574

25.310345 0.0 -18.488015565454514
25.310345 -0.1724138 -18.31511038293688
25.310345 -0.34482759 -18.14209612805567
25.310345 -0.51724136 -17.968986464097835
25.310345 -0.68965518 -17.79607215090112
25.310345 -0.86206895 -17.62337876132451
25.310345 -1.0344827 -17.45069472385068
25.310345 -1.2068965 -17.278091700073414
25.310345 -1.3793104 -17.105814566928757
25.310345 -1.5517242 -16.93390653336623
25.310345 -1.7241379 -16.762226411556046
25.310345 -1.8965517 -16.590620018214263
25.310345 -2.0689654 -16.418980166686747
25.310345 -2.2413793 -16.24724225159129
25.310345 -2.4137931 -16.075378454144367
25.310345 -2.5862069 -15.903388334438878
25.310345 -2.7586207 -15.73128787026313
25.310345 -2.9310346 -15.559098980977572
25.310345 -3.1034484 -15.386843445615757
25.310345 -3.275862 -15.214539571594585
25.310345 -3.4482758 -15.04220109682699
25.310345 -3.6206896 -14.869838658796452
25.310345 -3.7931035 -14.697459621007075
25.310345 -3.9655173 -14.525069410710216
25.310345 -4.1379309 -14.352671739458668
25.310345 -4.3103447 -14.180268680081102
25.310345 -4.4827585 -14.007862115507121
25.310345 -4.6551723 -13.835453186539878
25.310345 -4.8275862 -13.663042564406812
25.310345 -5.0 -13.49063096954271

25.655172 0.0 -18.489924264616555
25.655172 -0.1724138 -18.317317353255977
25.655172 -0.34482759 -18.14468684648889
25.655172 -0.51724136 -17.972091940705266
25.655172 -0.68965518 -17.79948914032041
25.655172 -0.86206895 -17.626875918455713
25.655172 -1.0344827 -17.45435129021637
25.655172 -1.2068965 -17.281961281636256
25.655172 -1.3793104 -17.109659145683278
25.655172 -1.5517242 -16.93740623956497
25.655172 -1.7241379 -16.7651956772367
25.655172 -1.8965517 -16.59301376459116
25.655172 -2.0689654 -16.420833132998634
25.655172 -2.2413793 -16.24862818611305
25.655172 -2.4137931 -16.07638605265329
25.655172 -2.5862069 -15.904104726818796
25.655172 -2.7586207 -15.731788783143452
25.655172 -2.9310346 -15.559445021440892
25.655172 -3.1034484 -15.387080466475698
25.655172 -3.275862 -15.214700959900837
25.655172 -3.4482758 -15.042310539823086
25.655172 -3.6206896 -14.869912669848476
25.655172 -3.7931035 -14.69750957673568
25.655172 -3.9655173 -14.525103086615184
25.655172 -4.1379309 -14.352694421322905
25.655172 -4.3103447 -14.180283948193045
25.655172 -4.4827585 -14.007872389084454
25.655172 -4.6551723 -13.835460097580512
25.655172 -4.8275862 -13.66304721264072
25.655172 -5.0 -13.490634095483284

26.0 0.0 -18.490424556857658
26.0 -0.1724138 -18.317965433299722
26.0 -0.34482759 -18.145504446863463
26.0 -0.51724136 -17.97302040504901
26.0 -0.68965518 -17.80053060848064
26.0 -0.86206895 -17.62806475475618
26.0 -1.0344827 -17.455618485071938
26.0 -1.2068965 -17.283185054010886
26.0 -1.3793104 -17.110779782352406
26.0 -1.5517242 -16.938412762287687
26.0 -1.7241379 -16.76607350702305
26.0 -1.8965517 -16.593743565252637
26.0 -2.0689654 -16.421409244467128
26.0 -2.2413793 -16.24906309380288
26.0 -2.4137931 -16.076703243865463
26.0 -2.5862069 -15.904330330469477
26.0 -2.7586207 -15.731946425265448
26.0 -2.9310346 -15.559553827849104
26.0 -3.1034484 -15.387154934068857
26.0 -3.275862 -15.214751633080043
26.0 -3.4482758 -15.042344886948943
26.0 -3.6206896 -14.869935889378118
26.0 -3.7931035 -14.697525245701032
26.0 -3.9655173 -14.52511364759124
26.0 -4.1379309 -14.352701533711816
26.0 -4.3103447 -14.180288735479609
26.0 -4.4827585 -14.007875610180385
26.0 -4.6551723 -13.835462264338775
26.0 -4.8275862 -13.663048669927095
26.0 -5.0 -13.49063507549406
