# KROME file, XRAY H rate
# Distance = 5 kpc
# Xray rate including primary H ionization in 1/s
# first line indicates the size of the table (30x30)
# then first column is the parameter log10(nH), where nH is the H column density in cm-2
# second column is log10(xHe), where xHe = nHe/nH both in cm-2
# third column is log10(rate), where rate is in units of 1/s
30, 30
16.0 0.0 -17.591643491466034
16.0 -0.1724138 -17.71124925081001
16.0 -0.34482759 -17.815368984611972
16.0 -0.51724136 -17.90269648239011
16.0 -0.68965518 -17.97314655966984
16.0 -0.86206895 -18.027879362977373
16.0 -1.0344827 -18.068982716018308
16.0 -1.2068965 -18.098980553431783
16.0 -1.3793104 -18.120380750030012
16.0 -1.5517242 -18.135385489633187
16.0 -1.7241379 -18.14577325079794
16.0 -1.8965517 -18.152899664468908
16.0 -2.0689654 -18.157757600664898
16.0 -2.2413793 -18.161054587398326
16.0 -2.4137931 -18.163285423022046
16.0 -2.5862069 -18.164791761666702
16.0 -2.7586207 -18.16580747221162
16.0 -2.9310346 -18.16649170895836
16.0 -3.1034484 -18.166952352252785
16.0 -3.275862 -18.1672623338179
16.0 -3.4482758 -18.167470870251115
16.0 -3.6206896 -18.16761113306364
16.0 -3.7931035 -18.167705462284072
16.0 -3.9655173 -18.167768894666235
16.0 -4.1379309 -18.16781154769287
16.0 -4.3103447 -18.16784022724274
16.0 -4.4827585 -18.167859510593992
16.0 -4.6551723 -18.167872475961648
16.0 -4.8275862 -18.167881193263472
16.0 -5.0 -18.167887054311326

16.344828 0.0 -17.591643613042734
16.344828 -0.1724138 -17.71124936017332
16.344828 -0.34482759 -17.815369080230113
16.344828 -0.51724136 -17.902696563647254
16.344828 -0.68965518 -17.973146627041885
16.344828 -0.86206895 -18.02787941789515
16.344828 -1.0344827 -18.068982760495114
16.344828 -1.2068965 -18.098980589640057
16.344828 -1.3793104 -18.12038077998061
16.344828 -1.5517242 -18.13538551500865
16.344828 -1.7241379 -18.14577327291217
16.344828 -1.8965517 -18.152899684300255
16.344828 -2.0689654 -18.157757618918442
16.344828 -2.2413793 -18.161054604570943
16.344828 -2.4137931 -18.163285439458612
16.344828 -2.5862069 -18.164791777604115
16.344828 -2.7586207 -18.16580748781148
16.344828 -2.9310346 -18.166491724330385
16.344828 -3.1034484 -18.16695236747122
16.344828 -3.275862 -18.16726234893289
16.344828 -3.4482758 -18.16747088529647
16.344828 -3.6206896 -18.167611148062143
16.344828 -3.7931035 -18.167705477251054
16.344828 -3.9655173 -18.16776890961202
16.344828 -4.1379309 -18.167811562624397
16.344828 -4.3103447 -18.167840242164676
16.344828 -4.4827585 -18.167859525509485
16.344828 -4.6551723 -18.16787249087281
16.344828 -4.8275862 -18.167881208171718
16.344828 -5.0 -18.16788706921761

16.689655 0.0 -17.591643881995
16.689655 -0.1724138 -17.711249602107348
16.689655 -0.34482759 -17.815369291757165
16.689655 -0.51724136 -17.902696743404906
16.689655 -0.68965518 -17.97314677608286
16.689655 -0.86206895 -18.02787953938471
16.689655 -1.0344827 -18.06898285888709
16.689655 -1.2068965 -18.098980669740317
16.689655 -1.3793104 -18.12038084623759
16.689655 -1.5517242 -18.13538557114448
16.689655 -1.7241379 -18.14577332183346
16.689655 -1.8965517 -18.15289972817134
16.689655 -2.0689654 -18.15775765929909
16.689655 -2.2413793 -18.161054642560362
16.689655 -2.4137931 -18.16328547581973
16.689655 -2.5862069 -18.164791812861008
16.689655 -2.7586207 -18.16580752232164
16.689655 -2.9310346 -18.166491758336516
16.689655 -3.1034484 -18.166952401137582
16.689655 -3.275862 -18.167262382370406
16.689655 -3.4482758 -18.167470918579944
16.689655 -3.6206896 -18.167611181241963
16.689655 -3.7931035 -18.167705510361145
16.689655 -3.9655173 -18.167768942675217
16.689655 -4.1379309 -18.167811595656058
16.689655 -4.3103447 -18.167840275175127
16.689655 -4.4827585 -18.167859558505675
16.689655 -4.6551723 -18.167872523859412
16.689655 -4.8275862 -18.167881241151875
16.689655 -5.0 -18.16788710219343

17.034483 0.0 -17.59164447697333
17.034483 -0.1724138 -17.711250137316956
17.034483 -0.34482759 -17.81536975970077
17.034483 -0.51724136 -17.90269714106811
17.034483 -0.68965518 -17.973147105794272
17.034483 -0.86206895 -18.02787980814644
17.034483 -1.0344827 -18.068983076551913
17.034483 -1.2068965 -18.098980846939845
17.034483 -1.3793104 -18.12038099281273
17.034483 -1.5517242 -18.135385695329397
17.034483 -1.7241379 -18.145773430058224
17.034483 -1.8965517 -18.15289982522393
17.034483 -2.0689654 -18.15775774863006
17.034483 -2.2413793 -18.161054726601407
17.034483 -2.4137931 -18.163285556258607
17.034483 -2.5862069 -18.16479189085709
17.034483 -2.7586207 -18.165807598665776
17.034483 -2.9310346 -18.166491833565637
17.034483 -3.1034484 -18.16695247561506
17.034483 -3.275862 -18.16726245634163
17.034483 -3.4482758 -18.167470992210387
17.034483 -3.6206896 -18.167611254643102
17.034483 -3.7931035 -18.167705583608033
17.034483 -3.9655173 -18.167769015818354
17.034483 -4.1379309 -18.167811668729428
17.034483 -4.3103447 -18.167840348201583
17.034483 -4.4827585 -18.167859631500583
17.034483 -4.6551723 -18.167872596833107
17.034483 -4.8275862 -18.16788131411131
17.034483 -5.0 -18.167887175143274

17.379311 0.0 -17.59164579317593
17.379311 -0.1724138 -17.711251321306136
17.379311 -0.34482759 -17.81537079488777
17.379311 -0.51724136 -17.90269802078239
17.379311 -0.68965518 -17.97314783518596
17.379311 -0.86206895 -18.027880402705012
17.379311 -1.0344827 -18.068983558073427
17.379311 -1.2068965 -18.098981238943544
17.379311 -1.3793104 -18.120381317068727
17.379311 -1.5517242 -18.1353859700534
17.379311 -1.7241379 -18.145773669474927
17.379311 -1.8965517 -18.15290003992536
17.379311 -2.0689654 -18.157757946249607
17.379311 -2.2413793 -18.16105491251848
17.379311 -2.4137931 -18.163285734206912
17.379311 -2.5862069 -18.164792063401404
17.379311 -2.7586207 -18.16580776755563
17.379311 -2.9310346 -18.166491999988832
17.379311 -3.1034484 -18.166952640375452
17.379311 -3.275862 -18.16726261998208
17.379311 -3.4482758 -18.16747115509696
17.379311 -3.6206896 -18.167611417022407
17.379311 -3.7931035 -18.1677057456461
17.379311 -3.9655173 -18.167769177626912
17.379311 -4.1379309 -18.167811830383638
17.379311 -4.3103447 -18.167840509752004
17.379311 -4.4827585 -18.167859792981215
17.379311 -4.6551723 -18.167872758266814
17.379311 -4.8275862 -18.167881475513465
17.379311 -5.0 -18.167887336524217

17.724138 0.0 -17.591648704796373
17.724138 -0.1724138 -17.711253940482205
17.724138 -0.34482759 -17.815373084906298
17.724138 -0.51724136 -17.90269996687682
17.724138 -0.68965518 -17.973149448743303
17.724138 -0.86206895 -18.027881717987608
17.724138 -1.0344827 -18.068984623296714
17.724138 -1.2068965 -18.098982106135928
17.724138 -1.3793104 -18.12038203438968
17.724138 -1.5517242 -18.135386577799586
17.724138 -1.7241379 -18.145774199114182
17.724138 -1.8965517 -18.15290051488939
17.724138 -2.0689654 -18.157758383425
17.724138 -2.2413793 -18.161055323805613
17.724138 -2.4137931 -18.163286127865486
17.724138 -2.5862069 -18.16479244510524
17.724138 -2.7586207 -18.165808141175056
17.724138 -2.9310346 -18.166492368151495
17.724138 -3.1034484 -18.166953004859657
17.724138 -3.275862 -18.167262981988735
17.724138 -3.4482758 -18.167471515435878
17.724138 -3.6206896 -18.16761177623915
17.724138 -3.7931035 -18.16770610410795
17.724138 -3.9655173 -18.16776953558104
17.724138 -4.1379309 -18.167812187996322
17.724138 -4.3103447 -18.167840867135087
17.724138 -4.4827585 -18.16786015020991
17.724138 -4.6551723 -18.1678731153917
17.724138 -4.8275862 -18.167881832568554
17.724138 -5.0 -18.16788769353238

18.068966 0.0 -17.591655145484406
18.068966 -0.1724138 -17.711259734410717
18.068966 -0.34482759 -17.81537815078252
18.068966 -0.51724136 -17.90270427198522
18.068966 -0.68965518 -17.973153018244385
18.068966 -0.86206895 -18.02788462765963
18.068966 -1.0344827 -18.06898697979313
18.068966 -1.2068965 -18.09898402454986
18.068966 -1.3793104 -18.120383621257858
18.068966 -1.5517242 -18.135387922265757
18.068966 -1.7241379 -18.14577537079143
18.068966 -1.8965517 -18.152901565613448
18.068966 -2.0689654 -18.15775935055255
18.068966 -2.2413793 -18.161056233662777
18.068966 -2.4137931 -18.1632869987245
18.068966 -2.5862069 -18.164793289517792
18.068966 -2.7586207 -18.165808967703146
18.068966 -2.9310346 -18.166493182608058
18.068966 -3.1034484 -18.166953811178683
18.068966 -3.275862 -18.16726378282689
18.068966 -3.4482758 -18.16747231258464
18.068966 -3.6206896 -18.167612570905405
18.068966 -3.7931035 -18.167706897104228
18.068966 -3.9655173 -18.167770327454125
18.068966 -4.1379309 -18.16781297911406
18.068966 -4.3103447 -18.167841657744894
18.068966 -4.4827585 -18.167860940478178
18.068966 -4.6551723 -18.167873905430326
18.068966 -4.8275862 -18.167882622452773
18.068966 -5.0 -18.16788848331278

18.413794 0.0 -17.59166939142013
18.413794 -0.1724138 -17.7112725505151
18.413794 -0.34482759 -17.815389356850957
18.413794 -0.51724136 -17.902713795405923
18.413794 -0.68965518 -17.973160914530638
18.413794 -0.86206895 -18.02789106436307
18.413794 -1.0344827 -18.06899219280632
18.413794 -1.2068965 -18.09898826845812
18.413794 -1.3793104 -18.12038713173017
18.413794 -1.5517242 -18.135390896500507
18.413794 -1.7241379 -18.14577796278424
18.413794 -1.8965517 -18.152903890034253
18.413794 -2.0689654 -18.157761490041356
18.413794 -2.2413793 -18.16105824645806
18.413794 -2.4137931 -18.16328892524804
18.413794 -2.5862069 -18.16479515753643
18.413794 -2.7586207 -18.16581079615774
18.413794 -2.9310346 -18.166494984357982
18.413794 -3.1034484 -18.16695559492672
18.413794 -3.275862 -18.16726555445013
18.413794 -3.4482758 -18.16747407604619
18.413794 -3.6206896 -18.167614328875153
18.413794 -3.7931035 -18.167708651379648
18.413794 -3.9655173 -18.16777207924481
18.413794 -4.1379309 -18.167814729233765
18.413794 -4.3103447 -18.16784340674095
18.413794 -4.4827585 -18.167862688718685
18.413794 -4.6551723 -18.16787565316281
18.413794 -4.8275862 -18.16788436984368
18.413794 -5.0 -18.167890230474026

18.758621 0.0 -17.591700895291087
18.758621 -0.1724138 -17.71130089590684
18.758621 -0.34482759 -17.815414143317852
18.758621 -0.51724136 -17.90273486115219
18.758621 -0.68965518 -17.973178381642878
18.758621 -0.86206895 -18.02790530307776
18.758621 -1.0344827 -18.06900372473144
18.758621 -1.2068965 -18.09899765666338
18.758621 -1.3793104 -18.120394897498485
18.758621 -1.5517242 -18.1353974760414
18.758621 -1.7241379 -18.145783696749962
18.758621 -1.8965517 -18.152909032088786
18.758621 -2.0689654 -18.15776622299611
18.758621 -2.2413793 -18.161062699145532
18.758621 -2.4137931 -18.163293187087728
18.758621 -2.5862069 -18.164799289953205
18.758621 -2.7586207 -18.165814841051983
18.758621 -2.9310346 -18.16649897017685
18.758621 -3.1034484 -18.166959540922264
18.758621 -3.275862 -18.167269473623495
18.758621 -3.4482758 -18.167477977164477
18.758621 -3.6206896 -18.16761821784461
18.758621 -3.7931035 -18.16771253217659
18.758621 -3.9655173 -18.16777595454509
18.758621 -4.1379309 -18.167818600837542
18.758621 -4.3103447 -18.167847275859025
18.758621 -4.4827585 -18.167866556165347
18.758621 -4.6551723 -18.167879519485638
18.758621 -4.8275862 -18.167888235410874
18.758621 -5.0 -18.167894095533168

19.103449 0.0 -17.591770534514364
19.103449 -0.1724138 -17.71136357038083
19.103449 -0.34482759 -17.81546895840248
19.103449 -0.51724136 -17.902781453234468
19.103449 -0.68965518 -17.97321701728336
19.103449 -0.86206895 -18.027936799254082
19.103449 -1.0344827 -18.069029234203633
19.103449 -1.2068965 -18.099018424449213
19.103449 -1.3793104 -18.120412076468114
19.103449 -1.5517242 -18.13541203101838
19.103449 -1.7241379 -18.145796381243535
19.103449 -1.8965517 -18.1529204072117
19.103449 -2.0689654 -18.157776693140782
19.103449 -2.2413793 -18.161072549302396
19.103449 -2.4137931 -18.163302615063195
19.103449 -2.5862069 -18.164808431626966
19.103449 -2.7586207 -18.16582378911335
19.103449 -2.9310346 -18.16650778755489
19.103449 -3.1034484 -18.166968270205285
19.103449 -3.275862 -18.167278143571906
19.103449 -3.4482758 -18.167486607172375
19.103449 -3.6206896 -18.16762682097749
19.103449 -3.7931035 -18.167721117230663
19.103449 -3.9655173 -18.16778452743972
19.103449 -4.1379309 -18.167827165554957
19.103449 -4.3103447 -18.167855835077695
19.103449 -4.4827585 -18.16787511168661
19.103449 -4.6551723 -18.16788807252081
19.103449 -4.8275862 -18.167896786774477
19.103449 -5.0 -18.167902645772877

19.448277 0.0 -17.59192432630857
19.448277 -0.1724138 -17.711502064412773
19.448277 -0.34482759 -17.81559013286455
19.448277 -0.51724136 -17.902884476006825
19.448277 -0.68965518 -17.973302460854672
19.448277 -0.86206895 -18.028006460850808
19.448277 -1.0344827 -18.069085658345266
19.448277 -1.2068965 -18.099064362365553
19.448277 -1.3793104 -18.12045007697623
19.448277 -1.5517242 -18.135444227691885
19.448277 -1.7241379 -18.145824440572216
19.448277 -1.8965517 -18.152945570262446
19.448277 -2.0689654 -18.15779985438523
19.448277 -2.2413793 -18.161094339124702
19.448277 -2.4137931 -18.16332347100827
19.448277 -2.5862069 -18.16482865426194
19.448277 -2.7586207 -18.16584358346927
19.448277 -2.9310346 -18.166527292833088
19.448277 -3.1034484 -18.16698758061286
19.448277 -3.275862 -18.16729732272824
19.448277 -3.4482758 -18.16750569797817
19.448277 -3.6206896 -18.167645852334296
19.448277 -3.7931035 -18.167740108596153
19.448277 -3.9655173 -18.167803491907865
19.448277 -4.1379309 -18.167846111934647
19.448277 -4.3103447 -18.167874769293853
19.448277 -4.4827585 -18.167894037723887
19.448277 -4.6551723 -18.16790699305873
19.448277 -4.8275862 -18.167915703614792
19.448277 -5.0 -18.167921560127077

19.793104 0.0 -17.592263253836077
19.793104 -0.1724138 -17.711807683314305
19.793104 -0.34482759 -17.815857764106894
19.793104 -0.51724136 -17.90311214405672
19.793104 -0.68965518 -17.97349134838012
19.793104 -0.86206895 -18.028160494377584
19.793104 -1.0344827 -18.069210439347042
19.793104 -1.2068965 -18.09916596237125
19.793104 -1.3793104 -18.120534126760166
19.793104 -1.5517242 -18.135515443121594
19.793104 -1.7241379 -18.145886506133024
19.793104 -1.8965517 -18.15300123029431
19.793104 -2.0689654 -18.1578510869972
19.793104 -2.2413793 -18.16114253848203
19.793104 -2.4137931 -18.163369604826332
19.793104 -2.5862069 -18.164873387319055
19.793104 -2.7586207 -18.16588736924924
19.793104 -2.9310346 -18.166570439221925
19.793104 -3.1034484 -18.16703029597961
19.793104 -3.275862 -18.16733974778808
19.793104 -3.4482758 -18.167547927620422
19.793104 -3.6206896 -18.167687950484556
19.793104 -3.7931035 -18.167782118291747
19.793104 -3.9655173 -18.16784544211062
19.793104 -4.1379309 -18.16788802212849
19.793104 -4.3103447 -18.167916652583813
19.793104 -4.4827585 -18.1679359029234
19.793104 -4.6551723 -18.167948846094482
19.793104 -4.8275862 -18.167957548472003
19.793104 -5.0 -18.16796339948538

20.137932 0.0 -17.59300678451933
20.137932 -0.1724138 -17.712480094381792
20.137932 -0.34482759 -17.816447720415436
20.137932 -0.51724136 -17.903614626590862
20.137932 -0.68965518 -17.97390856750371
20.137932 -0.86206895 -18.028500896656194
20.137932 -1.0344827 -18.069486282307075
20.137932 -1.2068965 -18.09939060553186
20.137932 -1.3793104 -18.120719988839085
20.137932 -1.5517242 -18.13567293691076
20.137932 -1.7241379 -18.146023772081275
20.137932 -1.8965517 -18.15312433382367
20.137932 -2.0689654 -18.15796440095061
20.137932 -2.2413793 -18.16124914522308
20.137932 -2.4137931 -18.16347164405424
20.137932 -2.5862069 -18.164972328991507
20.137932 -2.7586207 -18.165984216144064
20.137932 -2.9310346 -18.166665872175564
20.137932 -3.1034484 -18.16712477577097
20.137932 -3.275862 -18.167433585592146
20.137932 -3.4482758 -18.167641333275117
20.137932 -3.6206896 -18.16778106535538
20.137932 -3.7931035 -18.16787503755203
20.137932 -3.9655173 -18.167938229807053
20.137932 -4.1379309 -18.167980721348233
20.137932 -4.3103447 -18.168009292307616
20.137932 -4.4827585 -18.16802850264152
20.137932 -4.6551723 -18.16804141891335
20.137932 -4.8275862 -18.168050103204624
20.137932 -5.0 -18.16805594205757

20.482758 0.0 -17.594621768432024
20.482758 -0.1724138 -17.713949858181625
20.482758 -0.34482759 -17.81774264044983
20.482758 -0.51724136 -17.904720536138374
20.482758 -0.68965518 -17.97482841345584
20.482758 -0.86206895 -18.02925220769015
20.482758 -1.0344827 -18.070095524040656
20.482758 -1.2068965 -18.099886981554743
20.482758 -1.3793104 -18.12113078767048
20.482758 -1.5517242 -18.13602109737909
20.482758 -1.7241379 -18.146327251471703
20.482758 -1.8965517 -18.153396522381165
20.482758 -2.0689654 -18.158214956770887
20.482758 -2.2413793 -18.161484878119097
20.482758 -2.4137931 -18.16369728208026
20.482758 -2.5862069 -18.16519112066466
20.482758 -2.7586207 -18.16619837771125
20.482758 -2.9310346 -18.16687690843416
20.482758 -3.1034484 -18.16733370517706
20.482758 -3.275862 -18.16764109594872
20.482758 -3.4482758 -18.167847888402513
20.482758 -3.6206896 -18.167986977727377
20.482758 -3.7931035 -18.168080517540787
20.482758 -3.9655173 -18.16814341898274
20.482758 -4.1379309 -18.16818571495188
20.482758 -4.3103447 -18.168214154399212
20.482758 -4.4827585 -18.168233276303013
20.482758 -4.6551723 -18.168246133115666
20.482758 -4.8275862 -18.16825477742838
20.482758 -5.0 -18.16826058940142

20.827587 0.0 -17.598055934726904
20.827587 -0.1724138 -17.71711753501829
20.827587 -0.34482759 -17.820558672109797
20.827587 -0.51724136 -17.907139715346414
20.827587 -0.68965518 -17.97684820518933
20.827587 -0.86206895 -18.030905902935586
20.827587 -1.0344827 -18.071438553006107
20.827587 -1.2068965 -18.10098225930732
20.827587 -1.3793104 -18.1220377907902
20.827587 -1.5517242 -18.136790104081477
20.827587 -1.7241379 -18.146997739358664
20.827587 -1.8965517 -18.153997979036937
20.827587 -2.0689654 -18.15876867261128
20.827587 -2.2413793 -18.162005874216316
20.827587 -2.4137931 -18.164195991724977
20.827587 -2.5862069 -18.165674714130724
20.827587 -2.7586207 -18.16667174762178
20.827587 -2.9310346 -18.167343377173154
20.827587 -3.1034484 -18.167795521519906
20.827587 -3.275862 -18.16809977865536
20.827587 -3.4482758 -18.168304461683203
20.827587 -3.6206896 -18.168442131603324
20.827587 -3.7931035 -18.168534716573816
20.827587 -3.9655173 -18.1685969758033
20.827587 -4.1379309 -18.168638839882867
20.827587 -4.3103447 -18.16866698890635
20.827587 -4.4827585 -18.168685915525813
20.827587 -4.6551723 -18.168698641031888
20.827587 -4.8275862 -18.168707197057955
20.827587 -5.0 -18.168712949670738

21.172413 0.0 -17.605046506632497
21.172413 -0.1724138 -17.723745093302547
21.172413 -0.34482759 -17.826562314814357
21.172413 -0.51724136 -17.91236224433089
21.172413 -0.68965518 -17.981244186484002
21.172413 -0.86206895 -18.03452390633392
21.172413 -1.0344827 -18.074386618324635
21.172413 -1.2068965 -18.10339155045805
21.172413 -1.3793104 -18.12403561336793
21.172413 -1.5517242 -18.13848543211707
21.172413 -1.7241379 -18.14847670668397
21.172413 -1.8965517 -18.15532516540496
21.172413 -2.0689654 -18.159990810136293
21.172413 -2.2413793 -18.163155979614206
21.172413 -2.4137931 -18.16529701778758
21.172413 -2.5862069 -18.16674244409296
21.172413 -2.7586207 -18.167716955134708
21.172413 -2.9310346 -18.168373379978426
21.172413 -3.1034484 -18.168815273477723
21.172413 -3.275862 -18.169112625825782
21.172413 -3.4482758 -18.169312660720774
21.172413 -3.6206896 -18.169447202913446
21.172413 -3.7931035 -18.169537683813758
21.172413 -3.9655173 -18.16959852786607
21.172413 -4.1379309 -18.169639440229684
21.172413 -4.3103447 -18.169666949269885
21.172413 -4.4827585 -18.169685445556112
21.172413 -4.6551723 -18.169697881711336
21.172413 -4.8275862 -18.169706243186255
21.172413 -5.0 -18.169711864990855

21.517242 0.0 -17.618143494876332
21.517242 -0.1724138 -17.736818297444145
21.517242 -0.34482759 -17.83885220933544
21.517242 -0.51724136 -17.923329753923927
21.517242 -0.68965518 -17.990634232674612
21.517242 -0.86206895 -18.042338052528738
21.517242 -1.0344827 -18.080799160395895
21.517242 -1.2068965 -18.10865599070125
21.517242 -1.3793104 -18.128413691589856
21.517242 -1.5517242 -18.142207607041165
21.517242 -1.7241379 -18.151727830049342
21.517242 -1.8965517 -18.158244984308606
21.517242 -2.0689654 -18.162680949416014
21.517242 -2.2413793 -18.16568845665483
21.517242 -2.4137931 -18.167721994548998
21.517242 -2.5862069 -18.169094456742034
21.517242 -2.7586207 -18.170019597230286
21.517242 -2.9310346 -18.17064268545444
21.517242 -3.1034484 -18.17106210061435
21.517242 -3.275862 -18.17134431053064
21.517242 -3.4482758 -18.17153415126995
21.517242 -3.6206896 -18.171661833527075
21.517242 -3.7931035 -18.171747699512267
21.517242 -3.9655173 -18.17180543955812
21.517242 -4.1379309 -18.171844264430142
21.517242 -4.3103447 -18.171870369720367
21.517242 -4.4827585 -18.171887922101014
21.517242 -4.6551723 -18.171899723583106
21.517242 -4.8275862 -18.171907658321036
21.517242 -5.0 -18.171912993204742

21.862068 0.0 -17.639540664532202
21.862068 -0.1724138 -17.760034047300124
21.862068 -0.34482759 -17.862147493817062
21.862068 -0.51724136 -17.945139422270096
21.862068 -0.68965518 -18.009941273957544
21.862068 -0.86206895 -18.058768667001964
21.862068 -1.0344827 -18.094481869485524
21.862068 -1.2068965 -18.119996287614576
21.862068 -1.3793104 -18.13790293225296
21.862068 -1.5517242 -18.1503076131358
21.862068 -1.7241379 -18.15882134326911
21.862068 -1.8965517 -18.164626654520415
21.862068 -2.0689654 -18.16856735613662
21.862068 -2.2413793 -18.17123409618513
21.862068 -2.4137931 -18.1730349273287
21.862068 -2.5862069 -18.174249282069766
21.862068 -2.7586207 -18.175067367688715
21.862068 -2.9310346 -18.175618136101882
21.862068 -3.1034484 -18.175988772361855
21.862068 -3.275862 -18.176238115894556
21.862068 -3.4482758 -18.176405827371052
21.862068 -3.6206896 -18.176518616854292
21.862068 -3.7931035 -18.176594463339164
21.862068 -3.9655173 -18.176645463958238
21.862068 -4.1379309 -18.176679756336938
21.862068 -4.3103447 -18.176702813659674
21.862068 -4.4827585 -18.176718316508875
21.862068 -4.6551723 -18.176728739893868
21.862068 -4.8275862 -18.176735748031426
21.862068 -5.0 -18.176740459903712

22.206898 0.0 -17.66807676869625
22.206898 -0.1724138 -17.795155506514746
22.206898 -0.34482759 -17.901080821185033
22.206898 -0.51724136 -17.984548290564497
22.206898 -0.68965518 -18.046924649459587
22.206898 -0.86206895 -18.091572696959254
22.206898 -1.0344827 -18.122582148897298
22.206898 -1.2068965 -18.14372870763676
22.206898 -1.3793104 -18.15801015234965
22.206898 -1.5517242 -18.167612528755374
22.206898 -1.7241379 -18.174058399861472
22.206898 -1.8965517 -18.17838405692394
22.206898 -2.0689654 -18.181287503273218
22.206898 -2.2413793 -18.18323703097632
22.206898 -2.4137931 -18.18454648952945
22.206898 -2.5862069 -18.18542627100617
22.206898 -2.7586207 -18.186017490494965
22.206898 -2.9310346 -18.18641485453066
22.206898 -3.1034484 -18.186681954680317
22.206898 -3.275862 -18.18686150726844
22.206898 -3.4482758 -18.18698221420505
22.206898 -3.6206896 -18.187063363951385
22.206898 -3.7931035 -18.187117921202336
22.206898 -3.9655173 -18.187154600765798
22.206898 -4.1379309 -18.18717926118047
22.206898 -4.3103447 -18.187195841036026
22.206898 -4.4827585 -18.187206988154255
22.206898 -4.6551723 -18.187214482709955
22.206898 -4.8275862 -18.187219521547256
22.206898 -5.0 -18.187222909325005

22.551723 0.0 -17.694939534448906
22.551723 -0.1724138 -17.836189721185132
22.551723 -0.34482759 -17.954893536431502
22.551723 -0.51724136 -18.046173981201076
22.551723 -0.68965518 -18.110241638023226
22.551723 -0.86206895 -18.15158680169676
22.551723 -1.0344827 -18.176495880428636
22.551723 -1.2068965 -18.190801759232833
22.551723 -1.3793104 -18.19881226087685
22.551723 -1.5517242 -18.20327500620162
22.551723 -1.7241379 -18.20578825504299
22.551723 -1.8965517 -18.20723415207137
22.551723 -2.0689654 -18.208088362549116
22.551723 -2.2413793 -18.20860693079235
22.551723 -2.4137931 -18.208929615788872
22.551723 -2.5862069 -18.209134592849676
22.551723 -2.7586207 -18.209266919613984
22.551723 -2.9310346 -18.20935338504494
22.551723 -3.1034484 -18.209410380659147
22.551723 -3.275862 -18.209448184233953
22.551723 -3.4482758 -18.209473366813487
22.551723 -3.6206896 -18.20949019192272
22.551723 -3.7931035 -18.209501456057712
22.551723 -3.9655173 -18.209509007620582
22.551723 -4.1379309 -18.209514074981197
22.551723 -4.3103447 -18.20951747751289
22.551723 -4.4827585 -18.209519763148673
22.551723 -4.6551723 -18.209521298955515
22.551723 -4.8275862 -18.209522331123438
22.551723 -5.0 -18.209523024900808

22.896551 0.0 -17.711938814414108
22.896551 -0.1724138 -17.86765325858261
22.896551 -0.34482759 -18.007495928523483
22.896551 -0.51724136 -18.121407270727087
22.896551 -0.68965518 -18.201487872857665
22.896551 -0.86206895 -18.248312945400507
22.896551 -1.0344827 -18.270091251262055
22.896551 -1.2068965 -18.276765832131833
22.896551 -1.3793104 -18.275999981375268
22.896551 -1.5517242 -18.272426507686355
22.896551 -1.7241379 -18.26838095655425
22.896551 -1.8965517 -18.264825532144478
22.896551 -2.0689654 -18.26202599124817
22.896551 -2.2413793 -18.259948534446607
22.896551 -2.4137931 -18.258460249836194
22.896551 -2.5862069 -18.25741721078993
22.896551 -2.7586207 -18.25669644505082
22.896551 -2.9310346 -18.256202937349244
22.896551 -3.1034484 -18.255867076201547
22.896551 -3.275862 -18.255639421046176
22.896551 -3.4482758 -18.255485523769643
22.896551 -3.6206896 -18.255381674195547
22.896551 -3.7931035 -18.255311680825752
22.896551 -3.9655173 -18.25526454418462
22.896551 -4.1379309 -18.255232817450043
22.896551 -4.3103447 -18.25521147052131
22.896551 -4.4827585 -18.255197111037038
22.896551 -4.6551723 -18.255187453395717
22.896551 -4.8275862 -18.25518095874732
22.896551 -5.0 -18.255176591502543

23.241379 0.0 -17.720585286025432
23.241379 -0.1724138 -17.88591044106426
23.241379 -0.34482759 -18.042101340458537
23.241379 -0.51724136 -18.18175848395558
23.241379 -0.68965518 -18.294832710589848
23.241379 -0.86206895 -18.37114129756133
23.241379 -1.0344827 -18.408610715242926
23.241379 -1.2068965 -18.416739407591557
23.241379 -1.3793104 -18.40916308655875
23.241379 -1.5517242 -18.396133905724028
23.241379 -1.7241379 -18.383066171704566
23.241379 -1.8965517 -18.37207775691995
23.241379 -2.0689654 -18.363603801126697
23.241379 -2.2413793 -18.357384130152024
23.241379 -2.4137931 -18.352955747145735
23.241379 -2.5862069 -18.34986341633327
23.241379 -2.7586207 -18.347731251305934
23.241379 -2.9310346 -18.346273375754134
23.241379 -3.1034484 -18.34528208118379
23.241379 -3.275862 -18.344610541689452
23.241379 -3.4482758 -18.344156744582264
23.241379 -3.6206896 -18.343850599307558
23.241379 -3.7931035 -18.343644295143434
23.241379 -3.9655173 -18.34350537607657
23.241379 -4.1379309 -18.34341187931092
23.241379 -4.3103447 -18.343348974311123
23.241379 -4.4827585 -18.343306661271733
23.241379 -4.6551723 -18.34327820376837
23.241379 -4.8275862 -18.343259066723146
23.241379 -5.0 -18.343246198386428

23.586206 0.0 -17.723767737234862
23.586206 -0.1724138 -17.893572976091196
23.586206 -0.34482759 -18.05999296193806
23.586206 -0.51724136 -18.21835513729539
23.586206 -0.68965518 -18.360163125092736
23.586206 -0.86206895 -18.475083641275734
23.586206 -1.0344827 -18.554234650347368
23.586206 -1.2068965 -18.59444020387256
23.586206 -1.3793104 -18.602376700511584
23.586206 -1.5517242 -18.591353668169553
23.586206 -1.7241379 -18.5734105383408
23.586206 -1.8965517 -18.555573664312572
23.586206 -2.0689654 -18.540676832874713
23.586206 -2.2413793 -18.52926356077656
23.586206 -2.4137931 -18.52093337620262
23.586206 -2.5862069 -18.51502837492434
23.586206 -2.7586207 -18.510918376157864
23.586206 -2.9310346 -18.508091151863006
23.586206 -3.1034484 -18.50616119690808
23.586206 -3.275862 -18.504850394223055
23.586206 -3.4482758 -18.5039630944264
23.586206 -3.6206896 -18.503363813054584
23.586206 -3.7931035 -18.502959664047527
23.586206 -3.9655173 -18.50268738359506
23.586206 -4.1379309 -18.502504068009753
23.586206 -4.3103447 -18.50238070430485
23.586206 -4.4827585 -18.502297710968342
23.586206 -4.6551723 -18.50224188829325
23.586206 -4.8275862 -18.50220434616703
23.586206 -5.0 -18.502179100511622

23.931034 0.0 -17.72499418513946
23.931034 -0.1724138 -17.896529577737034
23.931034 -0.34482759 -18.066665074575916
23.931034 -0.51724136 -18.233795171494066
23.931034 -0.68965518 -18.39467162634561
23.931034 -0.86206895 -18.542106417501245
23.931034 -1.0344827 -18.664625674694193
23.931034 -1.2068965 -18.75213116930747
23.931034 -1.3793104 -18.802589668213777
23.931034 -1.5517242 -18.822550805764024
23.931034 -1.7241379 -18.82281192926821
23.931034 -1.8965517 -18.813538309105436
23.931034 -2.0689654 -18.801592305245112
23.931034 -2.2413793 -18.79046907424467
23.931034 -2.4137931 -18.781427681564548
23.931034 -2.5862069 -18.774591083448943
23.931034 -2.7586207 -18.76963647587652
23.931034 -2.9310346 -18.766138725638466
23.931034 -3.1034484 -18.763710341518486
23.931034 -3.275862 -18.762042543681588
23.931034 -3.4482758 -18.76090522156341
23.931034 -3.6206896 -18.760133287281672
23.931034 -3.7931035 -18.759610988958517
23.931034 -3.9655173 -18.75925833447614
23.931034 -4.1379309 -18.75902055564763
23.931034 -4.3103447 -18.758860381929917
23.931034 -4.4827585 -18.758752552860578
23.931034 -4.6551723 -18.75867999286126
23.931034 -4.8275862 -18.75863117982245
23.931034 -5.0 -18.75859834828369

24.275862 0.0 -17.7253659137515
24.275862 -0.1724138 -17.897501011543483
24.275862 -0.34482759 -18.06922815856309
24.275862 -0.51724136 -18.239890028578714
24.275862 -0.68965518 -18.40792255418309
24.275862 -0.86206895 -18.570572437885836
24.275862 -1.0344827 -18.723324707403698
24.275862 -1.2068965 -18.858353442568674
24.275862 -1.3793104 -18.96538073111013
24.275862 -1.5517242 -19.038020023592335
24.275862 -1.7241379 -19.07905539727067
24.275862 -1.8965517 -19.09776738532328
24.275862 -2.0689654 -19.103791350365054
24.275862 -2.2413793 -19.10387246686611
24.275862 -2.4137931 -19.101773382335857
24.275862 -2.5862069 -19.099266934309995
24.275862 -2.7586207 -19.097046927167277
24.275862 -2.9310346 -19.09529985686408
24.275862 -3.1034484 -19.094006205469572
24.275862 -3.275862 -19.093081385554722
24.275862 -3.4482758 -19.0924343249024
24.275862 -3.6206896 -19.091987741683873
24.275862 -3.7931035 -19.091682234472152
24.275862 -3.9655173 -19.091474445516113
24.275862 -4.1379309 -19.09133365992644
24.275862 -4.3103447 -19.09123851457996
24.275862 -4.4827585 -19.091174323139604
24.275862 -4.6551723 -19.091131064572938
24.275862 -4.8275862 -19.09110193488031
24.275862 -5.0 -19.09108232943012

24.620689 0.0 -17.72548207997074
24.620689 -0.1724138 -17.89781433626355
24.620689 -0.34482759 -18.070008522050856
24.620689 -0.51724136 -18.241860068439333
24.620689 -0.68965518 -18.412945035793967
24.620689 -0.86206895 -18.582214597717254
24.620689 -1.0344827 -18.74733200839221
24.620689 -1.2068965 -18.904499686911436
24.620689 -1.3793104 -19.04889893251619
24.620689 -1.5517242 -19.175104333775575
24.620689 -1.7241379 -19.27817041476025
24.620689 -1.8965517 -19.355950105843988
24.620689 -2.0689654 -19.41045132266357
24.620689 -2.2413793 -19.44658137091054
24.620689 -2.4137931 -19.469780599889557
24.620689 -2.5862069 -19.484502756065986
24.620689 -2.7586207 -19.49385909631648
24.620689 -2.9310346 -19.49985358654464
24.620689 -3.1034484 -19.503733065780292
24.620689 -3.275862 -19.50626774543923
24.620689 -3.4482758 -19.50793690402721
24.620689 -3.6206896 -19.509042784474513
24.620689 -3.7931035 -19.50977875038379
24.620689 -3.9655173 -19.51027009951039
24.620689 -4.1379309 -19.510598868255354
24.620689 -4.3103447 -19.510819191471455
24.620689 -4.4827585 -19.51096699570862
24.620689 -4.6551723 -19.511066221555915
24.620689 -4.8275862 -19.511132867535334
24.620689 -5.0 -19.51117764558966

24.965517 0.0 -17.725519070719297
24.965517 -0.1724138 -17.897904667126124
24.965517 -0.34482759 -18.070250190022275
24.965517 -0.51724136 -18.24250005534483
24.965517 -0.68965518 -18.414494876516017
24.965517 -0.86206895 -18.585882061091777
24.965517 -1.0344827 -18.756022909593387
24.965517 -1.2068965 -18.92367474906781
24.965517 -1.3793104 -19.086457565513527
24.965517 -1.5517242 -19.240779757789635
24.965517 -1.7241379 -19.382534878949464
24.965517 -1.8965517 -19.508054945209043
24.965517 -2.0689654 -19.614859030302405
24.965517 -2.2413793 -19.702090502107023
24.965517 -2.4137931 -19.77056929606432
24.965517 -2.5862069 -19.82243514520076
24.965517 -2.7586207 -19.86054259083423
24.965517 -2.9310346 -19.887867399015374
24.965517 -3.1034484 -19.90709853513079
24.965517 -3.275862 -19.92044835367777
24.965517 -3.4482758 -19.929624381703363
24.965517 -3.6206896 -19.935887816645078
24.965517 -3.7931035 -19.94014257078161
24.965517 -3.9655173 -19.943023256193324
24.965517 -4.1379309 -19.944969219356008
24.965517 -4.3103447 -19.946281743409166
24.965517 -4.4827585 -19.947166100679603
24.965517 -4.6551723 -19.94776154786554
24.965517 -4.8275862 -19.948162279170976
24.965517 -5.0 -19.948431881857633

25.310345 0.0 -17.72553080603663
25.310345 -0.1724138 -17.89793633233662
25.310345 -0.34482759 -18.070328334670833
25.310345 -0.51724136 -18.242685279451575
25.310345 -0.68965518 -18.414965259071455
25.310345 -0.86206895 -18.58707873426066
25.310345 -1.0344827 -18.7587996341487
25.310345 -1.2068965 -18.92965721207515
25.310345 -1.3793104 -19.098897984611604
25.310345 -1.5517242 -19.26544000018004
25.310345 -1.7241379 -19.427739412891203
25.310345 -1.8965517 -19.583721087907964
25.310345 -2.0689654 -19.730889923628826
25.310345 -2.2413793 -19.866557368211687
25.310345 -2.4137931 -19.988138052307566
25.310345 -2.5862069 -20.09354397221437
25.310345 -2.7586207 -20.181620206197003
25.310345 -2.9310346 -20.25244625096431
25.310345 -3.1034484 -20.307325988512392
25.310345 -3.275862 -20.348453782044096
25.310345 -3.4482758 -20.37842181225308
25.310345 -3.6206896 -20.39977563177733
25.310345 -3.7931035 -20.414735200561296
25.310345 -3.9655173 -20.425085494103616
25.310345 -4.1379309 -20.43218323497757
25.310345 -4.3103447 -20.437020246688437
25.310345 -4.4827585 -20.440302384792876
25.310345 -4.6551723 -20.442522878827535
25.310345 -4.8275862 -20.44402209971247
25.310345 -5.0 -20.445032948377502

25.655172 0.0 -17.725534520635012
25.655172 -0.1724138 -17.897945814047972
25.655172 -0.34482759 -18.070352834077262
25.655172 -0.51724136 -18.242749918799568
25.655172 -0.68965518 -18.415122063937233
25.655172 -0.86206895 -18.587432504027348
25.655172 -1.0344827 -18.759613855298127
25.655172 -1.2068965 -18.93155187771683
25.655172 -1.3793104 -19.10302806612618
25.655172 -1.5517242 -19.273644138112903
25.655172 -1.7241379 -19.442797506416603
25.655172 -1.8965517 -19.60968966740064
25.655172 -2.0689654 -19.77329888920242
25.655172 -2.2413793 -19.932305999244456
25.655172 -2.4137931 -20.08501091436063
25.655172 -2.5862069 -20.229301741053703
25.655172 -2.7586207 -20.362737705634363
25.655172 -2.9310346 -20.48280474643897
25.655172 -3.1034484 -20.587345245010955
25.655172 -3.275862 -20.675055981979497
25.655172 -3.4482758 -20.745846061517454
25.655172 -3.6206896 -20.80086792579742
25.655172 -3.7931035 -20.84220566043171
25.655172 -3.9655173 -20.87238520306664
25.655172 -4.1379309 -20.8939210408024
25.655172 -4.3103447 -20.90902412062834
25.655172 -4.4827585 -20.91948158620809
25.655172 -4.6551723 -20.926656604810212
25.655172 -4.8275862 -20.931548055013252
25.655172 -5.0 -20.934867957132923

26.0 0.0 -17.72553549461571
26.0 -0.1724138 -17.897948601475353
26.0 -0.34482759 -18.070360605139353
26.0 -0.51724136 -18.24276939892606
26.0 -0.68965518 -18.41517016652425
26.0 -0.86206895 -18.587553293153356
26.0 -1.0344827 -18.759897483244096
26.0 -1.2068965 -18.93215565856117
26.0 -1.3793104 -19.104245818865532
26.0 -1.5517242 -19.27604953144595
26.0 -1.7241379 -19.447402626879615
26.0 -1.8965517 -19.618070543296334
26.0 -2.0689654 -19.78771724583126
26.0 -2.2413793 -19.95586926071093
26.0 -2.4137931 -20.121861619884587
26.0 -2.5862069 -20.28476717487994
26.0 -2.7586207 -20.443314887876927
26.0 -2.9310346 -20.595820744907133
26.0 -3.1034484 -20.740168753940203
26.0 -3.275862 -20.87390035911932
26.0 -3.4482758 -20.994468407328835
26.0 -3.6206896 -21.099662520771403
26.0 -3.7931035 -21.188109154843914
26.0 -3.9655173 -21.259640572229568
26.0 -4.1379309 -21.315343792856392
26.0 -4.3103447 -21.357261552126253
26.0 -4.4827585 -21.38790499196452
26.0 -4.6551723 -21.40979420963
26.0 -4.8275862 -21.42515675616915
26.0 -5.0 -21.43579970196577
